diningtable 124 235 169 272
person 76 237 139 368
person 153 230 198 282
person 163 241 250 372
person 215 233 238 262
person 230 236 284 332
diningtable 117 282 196 309
diningtable 229 216 258 241
person 277 200 301 244
person 258 208 307 321
person 301 205 331 312
person 328 207 375 310
diningtable 281 244 323 317
person 486 162 500 193
person 391 208 414 227
person 366 207 402 264
person 404 211 434 256
person 462 194 492 224
person 462 203 500 250
person 443 209 496 255
car 365 183 500 222
diningtable 391 225 458 252
diningtable 397 255 500 286
diningtable 363 287 500 372
