car 0.0055 374 180 423 204
car 0.0054 393 192 432 206
car 0.0046 484 188 501 205
car 0.0045 360 198 383 211
car 0.0042 349 175 388 212
car 0.0038 206 177 300 257
car 0.0036 222 128 357 252
car 0.0034 453 172 495 202
car 0.0019 452 192 475 206
car 0.0014 449 173 478 186
car 0.0012 400 197 424 208
car 0.0012 384 198 405 211
motorbike 0.0029 209 152 360 263
person 0.0236 299 134 355 246
person 0.0029 269 187 294 207
person 0.0028 488 78 500 167
person 0.0020 226 145 256 183
person 0.0019 246 141 342 238
person 0.0018 466 61 500 199
person 0.0018 99 26 148 64
person 0.0016 278 187 309 209
person 0.0013 489 50 499 141
person 0.0013 486 156 500 207
person 0.0011 463 -2 498 146
person 0.0010 265 124 372 254
train 0.0026 12 82 239 288
train 0.0018 -5 34 435 290
tvmonitor 0.0013 3 78 197 292
