car 0.0023 0 142 52 229
chair 0.0020 331 64 414 129
motorbike 0.9937 -25 47 529 325
motorbike 0.1603 114 37 460 231
motorbike 0.0107 47 133 454 338
motorbike 0.0044 16 31 275 289
motorbike 0.0029 14 97 197 280
motorbike 0.0023 108 31 321 183
pottedplant 0.0238 167 25 411 184
pottedplant 0.0121 286 62 375 139
pottedplant 0.0087 240 15 412 142
pottedplant 0.0057 251 32 330 117
pottedplant 0.0045 242 63 332 142
pottedplant 0.0018 306 79 355 124
pottedplant 0.0018 268 52 312 93
pottedplant 0.0014 262 82 309 124
