person 0.6579 266 101 399 339
person 0.5876 388 104 488 318
person 0.2986 363 70 441 261
person 0.1835 15 -27 249 303
person 0.0527 303 69 431 269
person 0.0224 363 59 422 175
person 0.0205 341 75 396 151
person 0.0173 422 104 485 226
person 0.0067 436 90 496 301
person 0.0056 2 76 197 293
person 0.0055 346 87 382 133
person 0.0048 259 157 303 272
person 0.0042 320 86 356 131
person 0.0038 354 72 390 113
person 0.0036 369 62 419 122
person 0.0024 373 61 407 107
person 0.0020 447 120 493 257
person 0.0019 350 90 370 123
person 0.0019 232 80 363 311
person 0.0016 13 4 250 134
person 0.0016 447 87 493 195
person 0.0014 348 65 399 123
person 0.0011 427 104 465 141
