bird 0.0218 0 2 57 96
bird 0.0012 4 17 49 71
boat 0.0022 126 1 219 26
boat 0.0012 104 -2 243 44
bottle 0.0011 98 238 122 257
bus 0.0013 486 53 500 108
car 0.3409 477 85 500 103
car 0.0578 483 77 498 110
car 0.0113 468 79 501 111
car 0.0053 475 85 497 123
car 0.0026 484 73 500 91
car 0.0025 480 91 500 113
car 0.0015 486 82 500 158
car 0.0013 411 78 472 106
car 0.0012 465 85 488 100
chair 0.0057 -3 23 56 286
chair 0.0049 -1 96 45 220
dog 0.6432 124 166 207 272
dog 0.3875 232 194 418 296
dog 0.0730 328 201 402 279
dog 0.0208 69 169 218 305
dog 0.0068 370 195 418 228
dog 0.0055 137 164 212 230
dog 0.0054 235 203 356 273
dog 0.0041 276 192 385 253
dog 0.0041 226 181 287 258
dog 0.0034 336 196 405 231
dog 0.0025 168 169 204 198
dog 0.0022 104 152 176 237
dog 0.0021 103 191 182 282
dog 0.0016 343 215 395 264
dog 0.0015 151 169 206 211
dog 0.0012 92 129 238 265
dog 0.0012 232 194 277 239
dog 0.0010 299 194 364 230
horse 0.0123 0 3 54 129
person 0.8932 51 19 135 248
person 0.0222 -3 6 56 249
person 0.0069 8 15 119 289
person 0.0059 0 12 9 144
person 0.0025 56 24 121 112
person 0.0025 423 4 446 28
person 0.0022 47 25 201 281
person 0.0017 55 17 105 55
person 0.0016 -1 3 12 69
person 0.0014 413 0 467 32
person 0.0014 0 65 12 211
person 0.0013 483 0 499 41
person 0.0013 478 8 499 27
person 0.0012 63 49 120 208
person 0.0010 0 -3 16 49
train 0.0102 255 25 477 117
train 0.0071 337 46 473 97
train 0.0037 177 -3 473 90
train 0.0036 366 55 448 87
train 0.0024 108 -22 390 56
train 0.0015 159 -1 339 40
train 0.0015 321 53 415 84
train 0.0013 407 56 474 87
train 0.0010 301 27 497 175
