chair 0.0179 203 177 261 257
chair 0.0034 4 247 130 496
chair 0.0032 208 215 257 259
chair 0.0023 48 140 254 341
chair 0.0022 145 157 264 255
chair 0.0020 82 162 155 265
chair 0.0014 139 122 311 281
chair 0.0010 91 220 147 265
diningtable 0.1750 8 228 397 518
diningtable 0.0104 103 289 356 502
diningtable 0.0079 10 235 180 506
diningtable 0.0034 214 237 353 502
diningtable 0.0017 164 91 349 267
diningtable 0.0013 -29 354 328 510
dog 0.0061 9 299 124 501
person 0.9194 86 108 265 260
person 0.0547 52 118 207 279
person 0.0191 33 158 272 430
person 0.0019 131 120 221 239
pottedplant 0.0312 72 86 99 123
pottedplant 0.0032 78 76 91 105
