bicycle 0.0047 26 318 381 372
bicycle 0.0030 -2 275 415 370
bicycle 0.0028 136 331 344 365
bicycle 0.0012 182 342 298 364
car 0.0017 264 341 360 363
horse 0.3441 58 39 420 388
horse 0.0086 41 110 295 373
horse 0.0066 277 66 402 253
horse 0.0010 297 78 397 173
motorbike 0.0010 49 161 281 362
person 0.9966 214 34 313 224
person 0.0073 99 28 322 237
person 0.0042 306 0 396 22
person 0.0020 222 33 393 235
person 0.0018 223 31 306 117
person 0.0017 385 -1 445 21
person 0.0012 340 0 436 23
person 0.0011 242 90 309 210
person 0.0011 281 -1 424 32
person 0.0010 277 0 360 22
sheep 0.0061 394 -4 457 22
