bicycle 0.6048 136 156 302 280
bicycle 0.0024 135 162 207 264
bus 0.5347 2 77 50 136
bus 0.0065 -12 74 65 122
bus 0.0054 -12 101 60 135
bus 0.0011 0 31 45 130
bus 0.0010 36 83 74 122
chair 0.0123 167 26 234 114
chair 0.0016 400 110 485 308
chair 0.0013 462 53 503 141
chair 0.0012 456 134 501 244
person 0.9720 406 62 469 265
person 0.7615 108 89 182 282
person 0.6685 281 87 313 189
person 0.3593 94 111 115 156
person 0.2781 222 104 261 188
person 0.1576 216 117 238 176
person 0.1497 273 109 293 161
person 0.1261 70 111 88 158
person 0.0849 75 105 103 159
person 0.0771 239 106 271 168
person 0.0769 225 118 244 177
person 0.0561 208 106 245 188
person 0.0548 184 7 222 56
person 0.0264 174 9 228 85
person 0.0232 277 61 316 156
person 0.0198 134 126 203 249
person 0.0182 283 114 306 183
person 0.0135 276 122 293 178
person 0.0130 282 74 313 132
person 0.0098 193 12 216 53
person 0.0078 52 108 84 154
person 0.0051 285 75 304 113
person 0.0050 273 106 292 137
person 0.0047 0 114 7 188
person 0.0043 85 124 113 172
person 0.0041 60 101 78 119
person 0.0037 278 98 310 152
person 0.0035 212 5 230 45
person 0.0030 63 106 82 146
person 0.0028 3 0 46 37
person 0.0027 70 99 92 119
person 0.0024 0 92 10 149
person 0.0024 290 82 333 187
person 0.0023 182 63 304 245
person 0.0017 194 6 216 33
person 0.0015 82 106 119 193
person 0.0015 63 101 96 150
person 0.0015 66 127 82 165
person 0.0014 148 2 217 92
person 0.0013 73 109 93 133
person 0.0012 306 105 324 169
person 0.0011 244 54 340 212
person 0.0011 0 122 7 236
train 0.0013 136 11 364 132
