bicycle 0.0110 324 385 355 429
bicycle 0.0033 314 388 343 426
bus 0.9241 104 305 272 430
bus 0.0839 50 308 220 422
bus 0.0306 87 326 238 403
bus 0.0082 330 274 377 382
bus 0.0041 123 343 198 380
bus 0.0024 148 359 220 448
bus 0.0022 154 320 267 412
bus 0.0017 28 49 227 370
bus 0.0015 326 222 381 429
bus 0.0013 153 343 224 384
bus 0.0012 24 260 240 406
bus 0.0010 335 305 375 356
car 0.6729 0 373 90 433
car 0.1761 301 365 319 382
car 0.1467 270 364 288 382
car 0.0914 35 359 96 391
car 0.0797 278 361 313 387
car 0.0745 118 133 159 163
car 0.0610 132 120 178 162
car 0.0601 132 147 178 189
car 0.0520 31 371 99 417
car 0.0439 82 21 232 243
car 0.0416 -4 374 46 424
car 0.0406 96 344 154 381
car 0.0290 115 148 156 187
car 0.0283 116 95 193 182
car 0.0236 0 358 14 380
car 0.0172 268 358 296 385
car 0.0166 118 135 192 206
car 0.0161 130 142 169 174
car 0.0152 148 165 177 210
car 0.0135 271 353 287 373
car 0.0109 -1 370 23 425
car 0.0109 0 365 12 430
car 0.0099 295 360 322 387
car 0.0092 121 148 150 166
car 0.0085 123 139 150 159
car 0.0077 77 356 129 388
car 0.0066 138 150 163 168
car 0.0065 172 150 210 199
car 0.0058 302 354 317 372
car 0.0045 135 137 162 156
car 0.0042 264 363 279 389
car 0.0042 88 383 100 407
car 0.0039 78 378 121 418
car 0.0036 154 135 176 153
car 0.0033 154 118 174 134
car 0.0032 128 354 144 371
car 0.0030 0 377 17 407
car 0.0028 38 363 61 379
car 0.0025 31 366 48 381
car 0.0025 303 358 317 391
car 0.0022 161 136 220 215
car 0.0021 48 362 82 381
car 0.0020 190 162 226 208
car 0.0020 271 356 286 391
car 0.0019 152 169 173 195
car 0.0019 126 117 151 132
car 0.0018 11 368 33 381
car 0.0017 138 118 163 133
car 0.0017 96 382 151 425
car 0.0017 79 370 170 448
car 0.0017 191 178 226 223
car 0.0016 -2 354 21 391
car 0.0016 116 165 159 207
car 0.0015 175 118 190 137
car 0.0015 68 364 92 384
car 0.0015 120 333 179 375
car 0.0014 154 155 174 172
car 0.0014 117 112 158 146
car 0.0013 155 98 173 115
car 0.0013 12 21 193 249
car 0.0012 254 350 280 396
car 0.0012 334 358 365 403
car 0.0012 143 92 162 111
car 0.0012 63 368 139 434
car 0.0011 113 149 137 167
car 0.0011 127 360 141 373
car 0.0010 0 394 14 425
car 0.0010 288 353 306 370
car 0.0010 68 356 114 404
person 0.7435 325 359 351 428
person 0.2854 340 361 364 432
person 0.1867 317 362 340 421
person 0.1328 358 365 374 417
person 0.0341 99 395 142 476
person 0.0300 316 359 336 388
person 0.0120 105 411 131 480
person 0.0119 141 382 190 473
person 0.0095 149 378 184 438
person 0.0086 319 373 337 408
person 0.0079 360 359 374 392
person 0.0074 318 356 353 401
person 0.0061 337 346 370 401
person 0.0046 318 352 335 369
person 0.0042 94 407 125 464
person 0.0037 288 356 305 395
person 0.0037 359 380 374 436
person 0.0032 339 380 355 432
person 0.0030 331 375 350 411
person 0.0029 115 184 153 224
person 0.0029 342 373 358 413
person 0.0028 331 326 374 421
person 0.0025 136 182 175 223
person 0.0025 359 393 374 417
person 0.0025 329 357 347 404
person 0.0024 341 371 372 500
person 0.0023 0 350 12 373
person 0.0023 0 352 10 396
person 0.0023 264 351 277 399
person 0.0020 159 376 178 456
person 0.0018 164 380 206 435
person 0.0014 151 394 180 466
person 0.0012 142 326 156 346
person 0.0011 161 376 178 403
person 0.0010 290 189 304 216
train 0.0624 58 269 262 405
train 0.0211 26 111 349 384
