bottle 0.0014 188 142 257 179
bottle 0.0013 211 132 265 171
bottle 0.0010 0 285 8 361
chair 0.0072 277 5 358 76
chair 0.0041 354 169 509 369
chair 0.0025 464 239 501 365
chair 0.0019 3 228 266 363
chair 0.0012 486 272 500 345
chair 0.0011 453 257 495 305
person 0.9652 13 45 244 385
person 0.9559 302 57 487 365
person 0.2924 272 0 326 67
person 0.1654 -5 13 152 361
person 0.0783 293 12 460 266
person 0.0221 191 21 484 297
person 0.0161 380 0 415 41
person 0.0055 46 16 290 251
person 0.0050 233 39 253 61
person 0.0042 358 24 502 292
person 0.0020 0 226 47 372
person 0.0011 398 1 418 42
person 0.0010 274 29 292 68
person 0.0010 377 1 423 79
person 0.0010 -2 41 60 394
sofa 0.1342 252 98 505 377
sofa 0.0596 51 159 529 386
