boat 0.0287 13 -7 484 272
boat 0.0013 -8 -9 278 201
bottle 0.0011 361 24 388 48
bottle 0.0010 348 20 396 54
car 0.7480 46 44 531 390
car 0.0641 -29 -6 451 271
car 0.0228 6 105 342 375
car 0.0046 -30 217 451 375
car 0.0038 -11 1 195 185
car 0.0014 -15 17 211 361
car 0.0011 145 162 509 375
diningtable 0.0019 -4 49 197 382
dog 0.0014 46 42 85 82
person 0.8475 160 -2 237 86
person 0.6019 390 3 483 131
person 0.5405 212 4 348 122
person 0.4023 316 6 419 122
person 0.2366 88 0 170 74
person 0.0684 472 0 500 136
person 0.0244 6 -1 188 142
person 0.0231 132 7 276 117
person 0.0207 81 0 134 40
person 0.0158 61 -1 152 47
person 0.0139 43 -13 531 276
person 0.0136 47 -5 213 97
person 0.0111 482 2 499 95
person 0.0106 105 11 157 59
person 0.0087 174 1 232 44
person 0.0086 295 2 353 94
person 0.0085 483 34 500 125
person 0.0083 50 34 128 110
person 0.0073 248 -2 405 109
person 0.0071 0 48 45 152
person 0.0053 336 1 471 107
person 0.0051 14 46 88 146
person 0.0046 142 26 223 102
person 0.0045 67 51 111 92
person 0.0039 16 0 89 28
person 0.0033 89 4 478 183
person 0.0030 1 1 113 185
person 0.0029 3 4 107 81
person 0.0029 223 16 302 115
person 0.0028 0 68 14 146
person 0.0027 53 0 85 10
person 0.0026 162 15 211 61
person 0.0025 113 0 173 42
person 0.0025 0 -4 54 90
person 0.0024 -5 0 67 18
person 0.0024 20 19 100 120
person 0.0021 146 -3 225 51
person 0.0021 445 -10 498 142
person 0.0021 474 49 500 108
person 0.0020 85 23 179 107
person 0.0019 -4 -9 55 321
person 0.0018 68 0 96 13
person 0.0017 -3 0 110 42
person 0.0017 119 29 175 69
person 0.0017 16 84 78 161
person 0.0015 388 16 493 240
person 0.0015 -4 -8 62 153
person 0.0014 306 15 340 64
person 0.0012 447 10 502 306
person 0.0011 274 19 454 161
person 0.0011 157 1 212 38
person 0.0011 31 -1 104 17
person 0.0010 91 0 121 14
