car 0.0102 458 173 489 182
car 0.0093 306 174 339 182
car 0.0047 457 171 493 202
car 0.0016 453 169 496 184
cow 0.9092 39 132 178 221
cow 0.2659 77 140 164 211
cow 0.0945 193 170 211 186
cow 0.0567 218 170 240 188
cow 0.0282 190 166 219 188
cow 0.0172 201 165 237 189
cow 0.0086 479 190 499 203
cow 0.0080 160 163 197 192
cow 0.0043 39 137 97 217
cow 0.0028 85 145 167 173
cow 0.0028 465 187 503 209
cow 0.0025 0 112 9 189
cow 0.0019 98 159 155 196
cow 0.0017 145 152 205 203
cow 0.0017 155 147 191 173
cow 0.0014 0 125 32 232
cow 0.0011 45 141 87 174
cow 0.0011 449 173 497 201
cow 0.0010 222 165 261 187
cow 0.0010 -3 107 138 216
dog 0.0492 453 188 495 207
dog 0.0030 456 175 498 225
motorbike 0.0056 369 2 409 29
person 0.7228 377 127 427 219
person 0.0065 386 131 425 188
person 0.0059 245 -5 411 130
person 0.0050 246 171 262 180
person 0.0047 0 105 9 174
person 0.0032 372 0 419 28
person 0.0029 377 154 412 195
person 0.0029 486 0 501 37
person 0.0029 358 114 445 216
person 0.0023 326 6 407 64
person 0.0011 278 6 451 213
person 0.0010 350 0 404 31
