bottle 0.0046 296 35 369 159
bottle 0.0011 307 75 339 132
bottle 0.0011 31 196 61 232
chair 0.0104 5 62 125 204
chair 0.0089 298 398 378 501
chair 0.0070 283 302 380 495
chair 0.0031 12 226 365 486
chair 0.0028 -1 54 95 148
chair 0.0012 127 365 362 502
chair 0.0010 226 217 374 499
diningtable 0.0016 -9 69 155 514
person 0.9900 100 45 275 391
person 0.5033 124 58 360 514
person 0.1988 17 54 242 526
person 0.0361 294 11 376 184
person 0.0188 288 4 375 339
person 0.0136 61 49 261 239
person 0.0098 234 73 372 502
person 0.0044 285 154 373 489
person 0.0041 -1 86 40 186
person 0.0033 5 244 197 488
person 0.0029 -2 118 41 226
person 0.0028 142 28 332 340
person 0.0028 330 43 373 460
person 0.0025 323 9 376 260
person 0.0024 2 109 36 162
person 0.0024 332 20 375 169
person 0.0022 0 124 9 202
person 0.0022 331 1 377 103
person 0.0018 0 40 36 163
person 0.0011 337 83 373 248
pottedplant 0.0025 340 2 375 49
sofa 0.0025 -24 285 342 501
sofa 0.0021 -3 61 104 204
