car 0.1487 286 204 307 217
car 0.0158 273 205 295 216
car 0.0048 269 201 315 226
car 0.0038 302 202 321 216
car 0.0029 289 211 312 225
car 0.0027 250 206 268 217
car 0.0018 290 194 307 221
car 0.0015 349 204 367 217
car 0.0015 232 203 250 216
car 0.0013 456 227 483 246
car 0.0011 228 227 278 258
car 0.0010 304 214 323 230
car 0.0010 262 199 302 217
chair 0.0050 0 274 31 320
person 0.9053 263 170 396 369
person 0.7310 118 183 253 371
person 0.0025 137 176 358 376
person 0.0010 113 214 145 266
sheep 0.0018 -5 267 29 304
