chair 0.0325 336 208 463 374
chair 0.0043 455 225 493 268
chair 0.0041 454 205 496 287
chair 0.0014 443 231 484 273
chair 0.0013 263 99 303 142
chair 0.0012 292 69 359 139
chair 0.0012 256 82 309 159
person 0.9502 344 163 465 371
person 0.9349 118 11 200 302
person 0.1132 204 60 243 134
person 0.0689 260 78 296 132
person 0.0053 208 73 235 119
person 0.0037 205 66 241 101
person 0.0036 215 69 250 120
person 0.0035 110 16 297 305
person 0.0021 197 68 216 123
person 0.0018 136 21 182 58
person 0.0013 261 67 297 96
person 0.0012 13 36 181 284
person 0.0011 127 37 195 159
person 0.0010 10 364 36 374
sofa 0.0012 2 128 123 303
tvmonitor 0.0025 12 66 103 145
tvmonitor 0.0011 71 63 121 143
