aeroplane 0.0031 -7 -10 178 328
bicycle 0.0031 -2 18 124 249
boat 0.0116 161 137 328 310
boat 0.0050 155 42 500 390
boat 0.0013 121 66 368 310
bus 0.5960 186 210 300 283
bus 0.1889 181 212 324 340
bus 0.0342 192 240 303 307
bus 0.0171 203 227 287 268
bus 0.0155 -3 124 114 362
bus 0.0034 128 179 319 310
bus 0.0017 224 213 332 279
bus 0.0016 0 56 174 371
car 0.9705 34 247 216 370
car 0.6135 190 242 325 365
car 0.0392 382 335 502 374
car 0.0249 394 353 508 376
car 0.0236 -8 239 137 364
car 0.0161 211 284 294 375
car 0.0153 87 -9 491 327
car 0.0139 -33 -18 294 337
car 0.0091 1 25 122 350
car 0.0090 240 293 311 370
car 0.0075 194 289 237 380
car 0.0055 55 210 275 354
car 0.0052 10 285 44 336
car 0.0044 185 267 471 379
car 0.0044 212 256 283 291
car 0.0043 302 278 502 370
car 0.0042 0 258 13 335
car 0.0039 11 239 92 313
car 0.0038 387 298 501 374
car 0.0034 211 265 268 302
car 0.0032 189 253 242 290
car 0.0025 157 256 203 289
car 0.0024 376 224 501 376
car 0.0024 184 263 220 298
car 0.0020 -1 221 50 332
car 0.0019 122 267 296 374
car 0.0019 186 245 222 286
car 0.0018 229 256 249 269
car 0.0018 129 251 153 262
car 0.0018 29 249 78 294
car 0.0017 108 252 141 263
car 0.0017 96 251 117 262
car 0.0017 255 307 300 360
car 0.0016 9 252 100 350
car 0.0016 171 261 188 275
car 0.0015 220 29 506 403
car 0.0015 156 259 178 273
car 0.0014 194 259 212 276
car 0.0014 3 259 46 344
car 0.0012 189 269 209 289
car 0.0010 19 241 41 256
chair 0.0028 189 181 295 256
chair 0.0028 196 163 289 223
person 0.0034 0 244 12 321
person 0.0029 267 256 283 271
person 0.0023 233 282 255 299
person 0.0020 197 322 233 376
person 0.0012 62 254 83 279
person 0.0011 227 248 244 263
person 0.0011 209 311 230 373
person 0.0011 292 9 501 366
person 0.0010 0 30 10 130
