car 0.0082 247 36 348 88
car 0.0032 285 50 346 82
car 0.0013 266 29 283 49
cow 0.4563 -6 125 283 357
cow 0.0027 -2 74 131 355
cow 0.0014 119 233 227 307
cow 0.0013 -2 79 51 346
dog 0.1147 -1 180 280 355
dog 0.0090 4 50 205 328
dog 0.0024 81 202 321 333
dog 0.0016 -8 122 139 362
person 0.5769 305 118 496 325
person 0.4214 90 6 164 148
person 0.2106 2 1 94 131
person 0.0683 217 132 448 355
person 0.0279 63 0 210 256
person 0.0119 24 -2 179 196
person 0.0095 63 43 432 328
person 0.0092 237 119 420 257
person 0.0063 82 0 103 44
person 0.0057 277 139 369 219
person 0.0039 73 1 134 83
person 0.0023 263 147 331 213
person 0.0021 92 1 113 43
person 0.0016 76 -4 121 37
person 0.0014 93 6 241 184
person 0.0012 432 109 503 328
person 0.0011 84 15 124 61
person 0.0010 271 146 314 186
pottedplant 0.0087 157 80 180 104
pottedplant 0.0031 156 106 199 149
sheep 0.1319 4 54 267 322
sheep 0.0015 141 92 208 161
