bicycle 0.1271 175 141 310 283
bicycle 0.0013 68 125 293 308
bottle 0.0012 307 5 329 65
car 0.3773 -2 54 92 152
car 0.0064 -3 92 112 287
car 0.0044 0 173 106 265
car 0.0017 -11 271 430 381
car 0.0011 180 49 262 84
chair 0.0339 80 22 181 80
chair 0.0163 93 46 174 79
chair 0.0118 96 33 166 66
chair 0.0108 331 6 404 74
chair 0.0021 175 42 270 87
chair 0.0018 346 31 401 67
chair 0.0011 71 47 124 81
motorbike 0.0261 171 111 306 271
person 0.8059 405 57 451 179
person 0.6875 182 97 247 208
person 0.3165 175 103 268 270
person 0.0037 140 8 158 25
person 0.0036 203 116 275 206
person 0.0034 411 67 449 138
person 0.0025 403 70 436 130
person 0.0017 303 2 336 47
person 0.0017 222 2 278 35
person 0.0012 137 3 155 20
pottedplant 0.2654 261 0 324 81
pottedplant 0.0118 271 15 318 68
pottedplant 0.0096 227 0 349 87
pottedplant 0.0037 295 0 340 72
pottedplant 0.0035 267 47 314 89
pottedplant 0.0032 303 13 336 58
pottedplant 0.0024 205 2 294 83
pottedplant 0.0020 185 37 204 54
pottedplant 0.0011 192 39 287 88
sofa 0.0014 67 41 177 83
