bicycle 0.6734 122 274 241 463
bicycle 0.6240 65 39 130 160
bicycle 0.1917 69 206 262 438
bicycle 0.1386 57 51 145 206
bicycle 0.1080 163 36 227 149
bicycle 0.0595 144 18 244 175
bicycle 0.0194 51 -1 148 143
bicycle 0.0147 156 9 233 114
bicycle 0.0135 59 16 262 180
bicycle 0.0078 151 288 221 446
bicycle 0.0031 153 5 325 186
bicycle 0.0026 78 60 119 131
bicycle 0.0025 44 40 198 224
bicycle 0.0025 163 76 201 132
bicycle 0.0021 85 48 162 147
bicycle 0.0017 94 83 164 175
bicycle 0.0015 76 32 120 91
bicycle 0.0014 159 65 203 108
bicycle 0.0013 133 295 189 436
bicycle 0.0013 174 58 212 127
bicycle 0.0010 120 56 198 148
bottle 0.0014 216 321 235 350
bottle 0.0013 223 322 242 351
bottle 0.0013 162 253 199 300
car 0.7852 120 147 292 439
car 0.4412 18 126 252 443
car 0.0503 182 173 351 409
car 0.0024 27 208 185 429
car 0.0020 321 224 355 254
car 0.0018 238 157 357 361
car 0.0018 194 120 347 318
car 0.0017 336 226 370 269
car 0.0017 333 217 373 355
car 0.0016 123 271 365 436
car 0.0013 289 179 364 398
car 0.0010 8 214 67 259
car 0.0010 299 197 361 288
motorbike 0.0326 5 92 203 414
motorbike 0.0130 37 54 168 281
motorbike 0.0113 59 63 265 381
person 0.9796 111 132 246 443
person 0.8775 292 103 336 233
person 0.0456 284 152 340 245
person 0.0450 12 191 79 257
person 0.0270 138 106 169 154
person 0.0103 248 186 299 228
person 0.0073 11 199 66 240
person 0.0073 144 108 164 139
person 0.0071 39 195 80 245
person 0.0062 290 176 330 234
person 0.0058 155 108 174 136
person 0.0052 225 174 321 246
person 0.0044 294 113 328 182
person 0.0036 130 100 177 170
person 0.0035 142 114 182 165
person 0.0025 120 74 302 368
person 0.0021 27 192 74 226
person 0.0020 365 123 374 242
person 0.0016 21 208 67 262
person 0.0015 0 213 6 345
person 0.0015 233 129 309 220
person 0.0015 0 191 6 291
person 0.0015 249 148 290 197
person 0.0014 338 107 372 238
person 0.0012 250 193 310 244
person 0.0012 52 196 73 216
person 0.0012 38 198 63 218
person 0.0012 365 176 374 266
person 0.0011 292 127 354 274
person 0.0010 2 158 85 336
person 0.0010 141 113 161 162
