horse 0.3495 67 96 433 331
horse 0.0182 26 109 256 322
horse 0.0065 287 81 436 311
horse 0.0029 327 123 473 309
horse 0.0027 193 22 357 259
horse 0.0018 337 147 402 237
horse 0.0015 242 34 476 250
horse 0.0010 134 171 215 264
person 0.9852 212 10 296 219
person 0.4941 15 102 74 180
person 0.2195 438 161 495 224
person 0.0918 438 171 475 215
person 0.0440 488 169 500 226
person 0.0205 -6 121 64 211
person 0.0142 28 110 69 165
person 0.0139 0 107 9 185
person 0.0131 -1 85 66 255
person 0.0085 459 174 480 220
person 0.0069 438 174 464 206
person 0.0064 423 173 484 245
person 0.0062 486 146 499 204
person 0.0048 6 116 53 158
person 0.0044 15 142 80 236
person 0.0035 0 127 12 244
person 0.0034 316 90 487 300
person 0.0034 136 22 315 259
person 0.0031 469 160 501 213
person 0.0024 37 109 58 160
person 0.0022 428 189 475 226
person 0.0021 364 161 442 227
person 0.0021 1 160 54 268
person 0.0018 482 163 498 181
person 0.0018 421 132 491 213
person 0.0017 397 117 502 270
person 0.0015 438 135 503 300
person 0.0014 453 156 492 196
person 0.0014 58 148 82 168
person 0.0014 416 175 459 216
person 0.0013 465 162 486 178
person 0.0013 485 184 500 211
person 0.0012 189 0 366 186
person 0.0011 380 174 426 211
person 0.0011 25 102 70 143
person 0.0010 484 171 500 198
