bus 0.0028 70 157 140 181
bus 0.0022 95 145 168 173
bus 0.0020 78 135 182 186
car 0.7797 2 160 46 192
car 0.7797 133 150 306 227
car 0.0697 260 144 487 295
car 0.0229 409 137 489 166
car 0.0131 58 168 115 190
car 0.0094 0 157 11 197
car 0.0092 89 166 125 177
car 0.0080 70 170 104 186
car 0.0064 0 168 14 190
car 0.0054 22 164 81 196
car 0.0039 157 154 517 330
car 0.0036 5 160 46 177
car 0.0031 72 167 133 186
car 0.0028 0 157 17 177
car 0.0023 -2 152 34 189
car 0.0020 44 161 140 206
car 0.0020 377 110 494 271
car 0.0019 432 125 501 178
car 0.0017 0 180 14 199
car 0.0017 120 154 234 220
car 0.0017 324 154 485 223
car 0.0016 376 142 443 167
car 0.0014 5 176 47 201
car 0.0014 0 171 9 246
car 0.0014 6 160 101 206
car 0.0012 317 158 353 168
car 0.0012 354 157 510 331
car 0.0011 287 158 307 175
car 0.0011 422 156 447 165
car 0.0011 295 154 375 173
car 0.0011 448 116 495 154
person 0.0058 59 169 80 187
person 0.0016 206 157 237 177
person 0.0016 461 154 482 167
