bottle 0.0846 288 168 307 216
bottle 0.0595 236 157 254 208
bottle 0.0556 246 290 267 335
bottle 0.0472 111 345 165 374
bottle 0.0303 250 166 267 219
bottle 0.0269 232 143 267 237
bottle 0.0230 306 91 320 121
bottle 0.0195 265 162 296 214
bottle 0.0158 240 264 276 342
bottle 0.0151 257 146 303 231
bottle 0.0116 236 162 280 263
bottle 0.0111 263 166 284 219
bottle 0.0092 350 173 368 218
bottle 0.0084 290 90 303 121
bottle 0.0075 283 163 312 201
bottle 0.0066 243 276 270 320
bottle 0.0054 325 176 342 213
bottle 0.0053 306 81 322 113
bottle 0.0045 255 174 273 242
bottle 0.0043 329 90 345 127
bottle 0.0043 92 339 183 373
bottle 0.0039 249 196 310 293
bottle 0.0038 262 181 293 241
bottle 0.0038 297 89 330 124
bottle 0.0036 307 107 326 126
bottle 0.0033 228 258 248 298
bottle 0.0032 328 158 346 206
bottle 0.0032 243 183 277 239
bottle 0.0031 309 166 349 211
bottle 0.0031 329 138 349 191
bottle 0.0029 445 26 465 38
bottle 0.0027 240 157 268 204
bottle 0.0026 304 174 321 210
bottle 0.0025 259 242 288 285
bottle 0.0024 288 146 306 190
bottle 0.0024 347 183 364 230
bottle 0.0022 456 26 478 39
bottle 0.0022 282 180 303 230
bottle 0.0020 331 98 346 140
bottle 0.0020 274 87 320 124
bottle 0.0020 444 15 464 34
bottle 0.0019 246 144 265 192
bottle 0.0017 383 308 424 359
bottle 0.0017 263 141 306 184
bottle 0.0017 288 110 305 124
bottle 0.0016 234 225 285 323
bottle 0.0016 268 144 288 193
bottle 0.0015 458 14 481 34
bottle 0.0014 319 88 359 127
bottle 0.0013 329 108 347 166
bottle 0.0013 263 245 299 295
bottle 0.0013 120 355 164 376
bottle 0.0012 325 86 344 105
bottle 0.0012 287 160 307 178
bottle 0.0012 351 170 367 193
bottle 0.0012 262 166 290 195
bottle 0.0012 230 289 263 333
bottle 0.0012 262 219 300 273
bottle 0.0010 275 90 292 123
bottle 0.0010 131 342 156 373
bottle 0.0010 487 -1 499 41
bottle 0.0010 210 152 228 207
chair 0.0032 375 296 435 369
chair 0.0021 463 229 500 377
chair 0.0019 37 218 231 374
chair 0.0013 136 232 188 316
chair 0.0010 104 242 169 356
diningtable 0.8021 85 162 483 386
diningtable 0.0166 139 96 426 347
diningtable 0.0067 89 268 483 377
diningtable 0.0029 222 193 290 292
diningtable 0.0025 12 212 336 383
diningtable 0.0011 238 220 491 375
person 0.9872 344 123 480 364
person 0.7889 325 91 390 222
person 0.6863 4 114 105 371
person 0.4617 168 65 251 204
person 0.4316 129 73 217 298
person 0.2930 140 83 201 219
person 0.2304 84 85 190 348
person 0.0831 309 100 435 338
person 0.0280 79 68 336 372
person 0.0244 49 80 161 305
person 0.0174 179 53 302 211
person 0.0158 325 85 470 244
person 0.0112 99 105 169 206
person 0.0093 77 102 138 205
person 0.0090 183 62 248 148
person 0.0071 302 140 363 226
person 0.0064 262 94 410 278
person 0.0049 445 119 503 371
person 0.0045 20 104 84 208
person 0.0038 204 76 276 180
person 0.0036 309 87 366 181
person 0.0036 139 147 197 277
person 0.0033 327 88 373 126
person 0.0033 186 78 394 238
person 0.0030 63 56 209 216
person 0.0026 353 134 451 233
person 0.0023 109 139 166 285
person 0.0021 0 58 104 272
person 0.0020 0 107 50 209
person 0.0020 252 120 319 201
person 0.0019 319 131 357 183
person 0.0017 367 184 443 301
person 0.0015 212 110 272 208
person 0.0013 328 162 391 261
person 0.0012 374 92 496 295
person 0.0011 0 105 12 167
person 0.0010 340 122 383 186
pottedplant 0.0031 248 25 326 121
pottedplant 0.0021 214 16 355 128
pottedplant 0.0017 268 84 318 120
