boat 0.0010 -13 174 135 306
bus 0.0015 464 107 500 202
car 0.0013 386 119 406 126
car 0.0011 366 121 386 129
car 0.0010 0 -9 112 272
person 0.7528 441 166 475 227
person 0.5037 284 162 304 206
person 0.4251 268 163 288 205
person 0.4058 215 166 232 201
person 0.3586 252 159 271 204
person 0.2410 305 164 324 206
person 0.1529 278 156 314 213
person 0.1453 456 174 477 215
person 0.1346 445 175 468 218
person 0.0811 487 162 501 204
person 0.0378 306 170 334 212
person 0.0348 240 156 269 203
person 0.0343 296 151 340 213
person 0.0227 453 145 491 221
person 0.0223 203 158 231 201
person 0.0194 315 161 350 206
person 0.0162 324 178 348 210
person 0.0136 195 150 234 214
person 0.0136 329 192 347 210
person 0.0123 306 168 325 190
person 0.0113 489 121 501 194
person 0.0109 486 170 499 194
person 0.0102 451 168 483 203
person 0.0077 310 182 328 206
person 0.0070 286 159 304 180
person 0.0070 461 172 480 192
person 0.0070 0 114 32 240
person 0.0065 286 167 306 191
person 0.0057 199 163 214 202
person 0.0053 475 161 499 205
person 0.0046 458 180 478 202
person 0.0043 275 160 292 180
person 0.0042 267 179 284 205
person 0.0038 308 163 324 180
person 0.0038 288 182 306 206
person 0.0032 491 100 501 171
person 0.0025 2 158 17 229
person 0.0024 252 157 269 181
person 0.0020 287 156 303 168
person 0.0020 234 158 275 223
person 0.0019 437 159 470 204
person 0.0019 -3 60 50 287
person 0.0018 291 186 308 216
person 0.0018 486 161 499 180
person 0.0018 229 161 247 201
person 0.0017 351 152 365 166
person 0.0015 116 173 134 215
person 0.0015 313 194 330 209
person 0.0014 347 160 361 176
person 0.0014 485 180 499 202
person 0.0014 322 169 344 190
person 0.0013 188 159 221 204
person 0.0013 253 182 269 203
person 0.0013 295 154 334 190
person 0.0013 0 120 12 219
person 0.0012 266 157 296 190
person 0.0011 198 170 212 191
person 0.0011 282 187 315 213
person 0.0011 328 157 374 205
person 0.0011 218 157 256 204
person 0.0011 344 160 359 202
person 0.0010 479 178 501 231
person 0.0010 486 148 499 168
train 0.9462 320 106 486 211
train 0.4318 41 111 219 234
train 0.0141 351 134 458 210
train 0.0110 -2 82 127 265
train 0.0106 140 135 207 221
train 0.0090 1 0 341 264
train 0.0053 421 144 478 220
train 0.0048 82 96 331 259
train 0.0045 89 137 174 218
train 0.0038 245 113 404 234
train 0.0029 49 138 153 211
train 0.0016 205 90 452 221
train 0.0016 96 161 158 227
train 0.0015 94 126 251 254
train 0.0012 6 127 190 310
train 0.0012 437 93 512 219
train 0.0011 79 121 184 190
train 0.0010 60 164 142 225
