bottle 0.0012 0 124 18 150
bottle 0.0010 15 115 36 162
chair 0.0036 -2 123 46 245
chair 0.0013 187 218 474 371
person 0.8322 11 54 189 380
person 0.7384 147 106 345 374
person 0.4882 259 122 483 370
person 0.0730 140 35 431 347
person 0.0472 0 56 28 101
person 0.0184 6 59 41 103
person 0.0159 29 25 303 357
person 0.0123 0 55 40 140
person 0.0116 17 65 36 97
person 0.0068 0 60 19 119
person 0.0059 43 29 210 240
person 0.0051 -6 23 122 296
person 0.0047 0 99 12 177
person 0.0037 358 111 505 376
person 0.0017 -1 47 17 92
person 0.0016 -2 36 54 280
person 0.0011 0 57 20 79
person 0.0010 471 87 501 229
