bus 0.9126 27 67 347 439
bus 0.0016 160 24 368 414
bus 0.0013 -1 139 34 295
car 0.0238 0 269 17 292
car 0.0232 -7 185 384 446
car 0.0113 44 273 58 287
car 0.0076 24 271 51 287
car 0.0068 16 266 55 292
car 0.0057 0 256 20 297
car 0.0047 -3 259 41 295
car 0.0027 13 266 28 286
car 0.0018 0 248 14 275
car 0.0013 0 280 14 301
car 0.0012 14 254 31 274
car 0.0012 0 234 29 284
car 0.0010 20 240 58 279
person 0.0250 77 195 114 240
person 0.0185 142 192 182 241
person 0.0079 162 192 202 242
person 0.0061 229 191 269 237
person 0.0055 65 253 92 275
person 0.0041 129 176 194 255
person 0.0031 68 181 126 253
person 0.0031 149 174 214 258
person 0.0026 95 140 113 161
person 0.0024 80 220 114 266
person 0.0023 108 194 150 240
person 0.0018 212 176 283 252
person 0.0016 131 183 173 230
person 0.0016 196 189 233 242
person 0.0015 59 254 77 273
