bicycle 0.7552 -10 -39 422 357
bicycle 0.4319 61 20 429 247
bicycle 0.1000 66 110 363 379
bicycle 0.0525 2 7 128 145
bicycle 0.0250 138 -17 502 330
bicycle 0.0152 -33 -1 315 269
bicycle 0.0088 11 30 109 115
bicycle 0.0062 43 34 142 108
bicycle 0.0034 174 9 471 198
bicycle 0.0025 -5 15 198 246
bicycle 0.0011 27 9 241 146
bicycle 0.0010 116 223 305 369
bottle 0.0027 302 114 337 156
car 0.0032 281 293 319 307
car 0.0024 349 41 444 64
car 0.0012 278 292 323 317
chair 0.0030 0 52 118 375
person 0.0150 6 68 97 133
person 0.0029 22 81 78 123
person 0.0011 3 74 56 171
person 0.0010 241 0 274 7
