bicycle 0.0014 426 342 444 357
bicycle 0.0012 415 338 453 365
bicycle 0.0012 393 357 469 377
car 0.7087 -2 313 66 342
car 0.0527 263 206 311 238
car 0.0203 45 310 83 348
car 0.0068 312 203 345 239
car 0.0055 33 316 66 332
car 0.0034 -6 307 37 347
car 0.0032 11 318 53 334
car 0.0021 485 330 499 347
car 0.0018 0 324 13 343
car 0.0010 0 318 17 337
chair 0.0067 466 11 502 53
chair 0.0011 474 25 500 48
person 0.5064 198 317 216 354
person 0.4573 426 314 446 358
person 0.4077 178 314 198 355
person 0.3278 128 311 145 348
person 0.1301 121 310 141 348
person 0.1252 229 335 332 375
person 0.0716 188 313 220 359
person 0.0319 72 311 89 346
person 0.0317 154 342 201 372
person 0.0197 219 342 294 374
person 0.0180 56 312 78 346
person 0.0123 75 334 109 372
person 0.0119 73 315 110 354
person 0.0082 415 344 462 372
person 0.0075 483 200 500 274
person 0.0072 181 341 236 371
person 0.0047 144 359 220 375
person 0.0042 445 357 463 372
person 0.0038 204 319 222 353
person 0.0038 158 364 206 374
person 0.0033 200 352 277 376
person 0.0026 485 176 501 245
person 0.0025 291 346 365 375
person 0.0024 141 334 214 375
person 0.0023 115 337 157 372
person 0.0022 39 315 64 352
person 0.0020 155 308 203 363
person 0.0020 -5 218 32 332
person 0.0020 259 335 395 376
person 0.0020 76 350 124 376
person 0.0019 143 365 182 374
person 0.0017 160 331 256 376
person 0.0015 0 221 11 287
person 0.0015 66 324 118 376
person 0.0014 436 316 456 357
person 0.0013 207 315 226 334
person 0.0013 208 309 224 345
person 0.0012 188 364 216 374
person 0.0012 305 362 335 374
person 0.0011 0 316 11 352
person 0.0010 321 363 353 375
pottedplant 0.0112 332 342 398 375
pottedplant 0.0107 322 6 483 198
pottedplant 0.0088 459 2 495 143
pottedplant 0.0082 466 16 498 60
pottedplant 0.0080 310 332 419 376
pottedplant 0.0023 376 347 434 375
pottedplant 0.0013 465 3 499 42
pottedplant 0.0013 375 13 498 250
pottedplant 0.0011 121 167 165 206
pottedplant 0.0011 339 318 389 355
pottedplant 0.0011 255 33 405 281
pottedplant 0.0011 477 -2 499 53
