car 0.1411 397 183 420 199
car 0.0199 323 189 349 204
car 0.0099 7 191 81 217
car 0.0091 345 186 363 202
car 0.0090 425 188 445 200
car 0.0090 458 190 472 203
car 0.0076 359 191 390 202
car 0.0044 401 179 416 203
car 0.0044 389 187 408 199
car 0.0043 0 197 15 213
car 0.0031 320 182 354 206
car 0.0031 337 182 386 206
car 0.0027 395 179 421 194
car 0.0027 328 196 348 211
car 0.0016 1 189 15 206
car 0.0016 328 179 345 210
car 0.0016 389 179 432 201
car 0.0016 41 179 95 218
car 0.0015 310 184 334 200
car 0.0014 334 196 395 219
car 0.0013 0 184 10 228
car 0.0010 102 197 155 221
chair 0.0152 0 340 14 367
chair 0.0152 -13 353 147 378
chair 0.0111 20 342 97 374
chair 0.0087 33 346 53 361
chair 0.0070 18 346 33 366
chair 0.0064 -1 327 14 346
chair 0.0063 56 346 76 359
chair 0.0056 11 360 35 373
chair 0.0053 77 346 96 360
chair 0.0051 116 200 242 385
chair 0.0046 47 343 132 375
chair 0.0033 -1 359 20 374
chair 0.0025 91 344 113 359
chair 0.0022 -9 351 63 377
chair 0.0021 65 365 105 374
chair 0.0020 53 330 76 345
chair 0.0020 26 362 64 373
chair 0.0017 45 364 87 374
chair 0.0013 34 330 57 344
chair 0.0012 93 330 114 345
diningtable 0.0373 -7 318 65 356
diningtable 0.0139 -1 329 119 375
diningtable 0.0107 -6 317 30 361
diningtable 0.0083 -2 334 57 375
diningtable 0.0049 -3 331 28 375
diningtable 0.0024 13 329 41 342
diningtable 0.0017 11 307 78 340
diningtable 0.0013 33 319 95 359
person 0.9064 129 162 238 370
person 0.7893 226 137 348 368
person 0.0515 444 190 459 204
person 0.0129 0 314 11 364
person 0.0116 0 333 13 373
person 0.0077 54 307 74 322
person 0.0016 423 164 440 201
person 0.0015 55 305 71 337
person 0.0011 41 304 83 340
person 0.0011 441 196 458 211
person 0.0011 130 361 154 374
pottedplant 0.0440 117 164 156 210
pottedplant 0.0022 0 316 13 333
pottedplant 0.0018 140 158 176 203
pottedplant 0.0013 128 153 162 184
pottedplant 0.0013 7 169 95 218
pottedplant 0.0012 135 154 159 175
pottedplant 0.0012 102 175 151 214
pottedplant 0.0010 79 174 118 213
