bottle 0.0011 245 354 272 375
bottle 0.0010 248 347 271 367
bottle 0.0010 400 12 421 52
car 0.0012 390 0 474 22
chair 0.1004 443 249 496 364
chair 0.0844 -1 229 39 378
chair 0.0446 404 234 499 370
chair 0.0391 384 -2 483 46
chair 0.0214 225 80 276 164
chair 0.0090 258 226 324 322
chair 0.0083 229 98 271 148
chair 0.0078 217 233 282 318
chair 0.0070 0 134 36 293
chair 0.0055 456 278 495 331
chair 0.0050 0 228 117 375
chair 0.0049 457 254 498 289
chair 0.0043 447 228 500 324
chair 0.0031 183 232 315 369
chair 0.0029 267 207 318 289
chair 0.0025 232 228 352 373
chair 0.0025 10 159 206 374
chair 0.0023 3 271 36 333
chair 0.0021 0 117 45 370
chair 0.0017 2 246 32 302
chair 0.0014 225 247 274 296
chair 0.0012 459 228 495 263
chair 0.0012 0 118 11 242
chair 0.0012 448 164 495 263
chair 0.0011 7 287 96 373
chair 0.0010 -1 265 13 352
chair 0.0010 387 15 434 50
chair 0.0010 -3 43 31 211
chair 0.0010 482 270 495 350
motorbike 0.0042 385 1 442 40
person 0.8106 33 73 229 364
person 0.0565 47 56 364 381
person 0.0047 436 223 455 245
person 0.0043 -4 14 43 296
person 0.0030 436 206 454 243
person 0.0030 438 328 463 352
person 0.0025 422 230 464 265
person 0.0021 467 224 482 243
person 0.0019 -4 72 30 245
person 0.0011 427 171 482 259
person 0.0011 -2 46 126 331
person 0.0011 414 217 480 278
pottedplant 0.0202 243 13 405 134
pottedplant 0.0149 264 60 318 134
pottedplant 0.0146 278 32 363 109
pottedplant 0.0130 274 77 311 118
pottedplant 0.0117 278 67 365 129
pottedplant 0.0105 256 33 326 114
pottedplant 0.0074 296 80 347 116
pottedplant 0.0069 222 64 278 147
pottedplant 0.0032 282 7 365 82
pottedplant 0.0027 229 82 271 129
pottedplant 0.0026 218 29 362 175
pottedplant 0.0024 297 52 345 93
pottedplant 0.0018 26 -6 168 156
pottedplant 0.0015 269 54 315 98
tvmonitor 0.1257 278 88 457 278
tvmonitor 0.0762 439 57 500 150
tvmonitor 0.0188 293 87 365 168
tvmonitor 0.0075 303 101 351 147
tvmonitor 0.0069 428 30 510 176
tvmonitor 0.0067 254 42 411 230
tvmonitor 0.0027 357 65 439 126
tvmonitor 0.0023 449 78 497 126
tvmonitor 0.0019 317 134 410 235
tvmonitor 0.0017 367 77 424 116
tvmonitor 0.0016 289 133 368 237
tvmonitor 0.0010 347 78 402 117
