aeroplane 0.0101 43 -13 326 132
aeroplane 0.0097 76 -30 297 73
aeroplane 0.0092 120 -3 255 52
aeroplane 0.0039 151 2 225 39
aeroplane 0.0013 116 3 202 40
bicycle 0.0568 -4 0 104 194
bicycle 0.0218 -13 -8 152 139
bicycle 0.0077 -2 310 94 498
bicycle 0.0059 -13 2 149 430
bicycle 0.0056 0 11 89 107
bicycle 0.0039 177 66 374 435
bicycle 0.0035 0 177 93 470
bicycle 0.0032 -1 41 90 145
bicycle 0.0021 -4 2 42 119
bottle 0.0027 106 187 146 237
bottle 0.0017 87 169 167 255
car 0.0167 65 22 191 94
car 0.0121 31 -5 231 115
car 0.0074 249 207 292 241
car 0.0041 92 36 162 78
car 0.0029 147 -1 282 56
car 0.0025 340 340 365 357
car 0.0022 339 334 371 369
car 0.0022 215 3 278 42
car 0.0017 54 0 206 54
car 0.0013 80 49 140 89
car 0.0013 366 320 375 427
car 0.0012 206 0 273 26
car 0.0012 253 213 284 233
car 0.0012 361 338 374 361
car 0.0012 75 6 245 192
car 0.0011 67 39 141 78
chair 0.0021 181 3 249 41
motorbike 0.0011 222 2 280 54
motorbike 0.0010 110 -29 321 73
person 0.9706 78 20 241 483
person 0.1064 49 -24 372 450
person 0.0235 47 78 169 502
person 0.0225 237 54 372 450
person 0.0074 32 -3 236 284
person 0.0038 213 1 234 14
person 0.0036 188 33 201 54
person 0.0032 324 -11 376 283
person 0.0015 239 1 292 56
person 0.0014 199 2 220 13
person 0.0013 256 1 278 16
person 0.0012 87 211 277 497
person 0.0012 341 149 375 283
person 0.0011 290 -9 375 205
person 0.0011 366 69 375 258
person 0.0010 224 2 253 15
