car 0.0149 217 63 317 137
car 0.0030 291 35 333 78
car 0.0028 203 37 332 163
car 0.0013 231 74 302 116
person 0.9849 19 -16 264 438
person 0.1298 106 8 268 346
person 0.1116 -2 225 285 491
person 0.0174 98 44 321 520
person 0.0131 -1 115 42 224
person 0.0123 -1 73 82 273
person 0.0122 -7 6 241 274
person 0.0051 -3 74 45 345
person 0.0025 246 48 335 520
person 0.0016 0 194 35 306
person 0.0015 -5 25 77 184
person 0.0014 -8 61 196 524
person 0.0011 -1 125 75 209
person 0.0010 0 40 38 167
person 0.0010 -7 103 89 479
pottedplant 0.0044 35 128 79 165
pottedplant 0.0021 45 135 65 159
pottedplant 0.0013 -1 124 38 167
