bottle 0.0349 226 57 240 98
bottle 0.0163 219 53 257 108
bottle 0.0103 240 55 290 106
bottle 0.0100 234 57 248 98
bottle 0.0067 222 56 244 84
bottle 0.0034 225 62 251 99
bottle 0.0026 250 63 281 96
bottle 0.0015 246 56 261 99
bottle 0.0013 219 69 245 104
bottle 0.0011 246 51 274 84
chair 0.0049 214 144 366 241
chair 0.0048 220 33 362 166
chair 0.0020 328 36 361 128
chair 0.0017 101 0 321 130
chair 0.0013 280 117 361 239
diningtable 0.0016 175 81 358 241
person 0.7276 122 57 239 229
person 0.5463 0 -2 143 208
person 0.1329 -6 -17 257 222
person 0.0876 0 10 27 80
person 0.0795 100 10 258 198
person 0.0734 -1 70 35 246
person 0.0274 1 13 82 262
person 0.0188 244 43 282 94
person 0.0136 -2 2 34 162
person 0.0104 0 135 29 243
person 0.0102 221 24 359 141
person 0.0085 0 16 7 85
person 0.0073 251 49 277 82
person 0.0059 -1 29 24 133
person 0.0052 139 38 328 245
person 0.0045 2 23 24 63
person 0.0044 5 69 190 240
person 0.0035 55 4 90 57
person 0.0029 277 30 362 208
person 0.0027 36 106 277 235
person 0.0023 25 6 165 90
person 0.0022 -3 0 81 90
person 0.0020 322 24 361 210
person 0.0020 151 -2 204 58
person 0.0018 73 -1 230 135
person 0.0017 0 127 7 233
person 0.0016 0 22 6 134
person 0.0015 157 7 314 128
person 0.0015 217 57 366 224
person 0.0013 1 42 24 82
person 0.0013 -1 7 9 59
person 0.0011 121 -4 234 63
person 0.0010 9 17 65 68
person 0.0010 323 150 360 242
tvmonitor 0.0043 326 23 361 108
tvmonitor 0.0028 275 8 360 121
