bicycle 0.9755 58 28 514 297
bicycle 0.3962 18 5 323 276
bicycle 0.0589 235 -2 484 229
bicycle 0.0378 3 114 413 313
bicycle 0.0014 250 129 317 195
bicycle 0.0010 43 1 239 131
bottle 0.0078 221 128 291 194
bottle 0.0052 224 106 284 177
bottle 0.0037 232 123 277 162
bottle 0.0036 232 142 283 180
bottle 0.0029 254 104 313 178
bottle 0.0025 262 122 304 160
bottle 0.0016 192 122 232 161
bottle 0.0015 258 144 307 179
bottle 0.0011 192 143 232 182
chair 0.7649 378 -3 509 173
chair 0.2419 303 50 490 283
chair 0.0651 323 2 481 128
chair 0.0294 355 2 438 79
chair 0.0289 400 5 486 118
chair 0.0238 365 0 427 25
chair 0.0227 326 5 409 75
chair 0.0112 352 -2 441 37
chair 0.0102 297 -1 437 90
chair 0.0100 442 3 501 123
chair 0.0098 338 2 402 26
chair 0.0079 0 -4 206 235
chair 0.0059 411 -1 477 25
chair 0.0043 396 -3 492 39
chair 0.0023 340 16 394 52
chair 0.0022 373 17 421 55
chair 0.0021 397 92 482 185
chair 0.0020 -6 -1 137 176
chair 0.0017 380 37 420 81
chair 0.0014 460 59 501 164
chair 0.0013 363 116 444 210
chair 0.0012 432 55 508 269
