bottle 0.0062 274 391 336 503
chair 0.0024 168 358 375 503
person 0.9915 20 87 229 494
person 0.7863 167 245 383 493
person 0.0129 54 170 377 489
person 0.0086 0 73 91 510
person 0.0073 0 67 43 511
person 0.0068 1 104 33 245
person 0.0026 52 21 380 402
person 0.0022 74 371 364 503
person 0.0016 0 110 9 215
person 0.0012 330 236 378 497
person 0.0012 0 186 32 381
person 0.0011 270 233 380 437
pottedplant 0.0054 343 253 373 307
pottedplant 0.0019 340 209 375 309
pottedplant 0.0013 344 231 374 287
pottedplant 0.0011 363 247 373 314
