car 0.9058 0 258 95 309
car 0.8062 187 267 245 294
car 0.2167 78 271 128 298
car 0.1802 101 264 164 293
car 0.1435 137 266 210 290
car 0.1336 389 292 501 368
car 0.1211 61 276 115 305
car 0.0905 403 267 497 349
car 0.0797 1 277 48 309
car 0.0788 3 275 26 314
car 0.0638 1 275 15 316
car 0.0554 3 263 56 320
car 0.0506 32 265 103 302
car 0.0474 207 265 271 293
car 0.0322 197 271 243 287
car 0.0307 193 261 246 282
car 0.0212 82 257 184 300
car 0.0205 48 260 142 306
car 0.0177 2 257 64 286
car 0.0160 102 257 183 282
car 0.0153 204 266 236 277
car 0.0148 183 273 225 289
car 0.0123 90 283 123 302
car 0.0105 109 259 237 298
car 0.0102 88 277 124 291
car 0.0088 147 258 216 283
car 0.0087 191 265 220 276
car 0.0086 0 257 30 310
car 0.0082 185 277 245 304
car 0.0081 110 265 138 275
car 0.0076 452 306 495 355
car 0.0074 171 276 199 288
car 0.0061 98 278 165 306
car 0.0058 187 255 291 300
car 0.0057 0 257 13 311
car 0.0052 78 258 136 282
car 0.0050 125 274 160 286
car 0.0047 231 267 288 296
car 0.0044 95 265 122 276
car 0.0044 417 282 480 326
car 0.0043 170 264 198 275
car 0.0041 127 264 159 275
car 0.0041 346 298 471 362
car 0.0040 145 274 181 287
car 0.0040 206 266 234 296
car 0.0040 377 330 503 374
car 0.0036 409 307 483 350
car 0.0035 206 258 268 283
car 0.0033 62 272 84 291
car 0.0033 0 295 16 316
car 0.0032 361 272 457 343
car 0.0030 446 280 497 327
car 0.0029 68 273 98 290
car 0.0028 428 237 507 371
car 0.0024 108 273 139 286
car 0.0024 148 264 178 274
car 0.0024 73 283 106 304
car 0.0023 71 271 190 319
car 0.0022 228 263 254 275
car 0.0020 13 276 35 311
car 0.0020 225 274 255 289
car 0.0019 141 280 209 305
car 0.0019 213 279 277 306
car 0.0018 1 291 48 318
car 0.0017 245 274 272 289
car 0.0017 169 270 260 316
car 0.0016 191 266 218 296
car 0.0016 228 227 272 261
car 0.0015 0 270 17 290
car 0.0015 94 267 119 301
car 0.0014 15 259 43 306
car 0.0013 34 256 99 286
car 0.0013 56 265 78 277
car 0.0013 211 246 236 258
car 0.0013 56 257 116 285
car 0.0012 232 255 286 283
car 0.0012 -11 256 124 340
car 0.0011 441 230 501 328
car 0.0011 35 260 60 275
car 0.0011 449 338 502 371
car 0.0010 245 261 270 275
car 0.0010 250 265 306 297
car 0.0010 0 282 11 364
person 0.0421 42 -16 538 332
person 0.0038 463 288 482 333
person 0.0026 14 -5 255 317
person 0.0022 238 200 274 241
person 0.0016 461 293 485 353
person 0.0014 246 203 264 242
pottedplant 0.0023 316 0 495 315
