bicycle 0.0059 247 69 481 316
bicycle 0.0056 151 223 343 372
bicycle 0.0010 125 278 445 373
bottle 0.0011 153 186 178 204
chair 0.0035 -6 116 65 316
chair 0.0010 -1 161 58 269
dog 0.0236 112 203 310 352
dog 0.0146 212 227 283 309
dog 0.0139 175 231 253 315
dog 0.0054 229 234 284 271
dog 0.0040 223 244 270 287
dog 0.0012 210 228 268 257
person 0.9751 195 91 319 342
person 0.7964 456 15 499 302
person 0.0479 401 15 496 301
person 0.0365 451 98 499 386
person 0.0044 384 96 504 390
person 0.0044 220 165 341 365
person 0.0043 130 78 312 256
person 0.0039 228 92 424 345
person 0.0030 183 48 366 282
person 0.0023 465 -5 497 211
person 0.0016 488 134 500 314
person 0.0011 326 1 492 267
sheep 0.0045 38 192 308 365
sofa 0.0010 21 112 325 318
