aeroplane 0.9729 -54 -13 475 337
aeroplane 0.3818 68 19 507 244
aeroplane 0.0340 148 73 499 360
aeroplane 0.0260 36 143 459 337
aeroplane 0.0190 -11 108 285 311
aeroplane 0.0026 245 144 484 339
aeroplane 0.0026 324 135 537 299
aeroplane 0.0022 64 219 134 273
aeroplane 0.0018 -5 7 290 261
bicycle 0.0030 412 337 468 372
car 0.1570 29 228 102 256
car 0.0295 22 233 41 251
car 0.0117 41 239 66 253
car 0.0087 53 240 76 254
car 0.0073 482 233 497 250
car 0.0062 25 234 75 257
car 0.0055 51 233 85 250
car 0.0054 13 227 52 254
car 0.0049 34 234 59 250
car 0.0040 9 220 111 261
car 0.0034 68 231 111 263
car 0.0012 56 227 81 257
person 0.4713 93 232 114 268
person 0.2856 385 236 405 287
person 0.2396 353 246 373 291
person 0.2256 135 242 155 289
person 0.1953 329 248 347 290
person 0.1550 157 243 176 288
person 0.1236 129 225 157 285
person 0.1134 355 235 387 295
person 0.0782 320 243 356 291
person 0.0711 150 235 169 278
person 0.0607 147 240 185 290
person 0.0561 202 242 235 291
person 0.0540 107 228 142 272
person 0.0420 117 231 167 295
person 0.0329 311 231 364 298
person 0.0301 406 286 470 372
person 0.0283 337 212 395 295
person 0.0254 374 226 414 298
person 0.0251 459 239 475 253
person 0.0235 199 250 218 286
person 0.0214 449 239 463 255
person 0.0180 272 289 288 305
person 0.0174 166 247 186 287
person 0.0142 315 222 353 278
person 0.0135 76 224 119 268
person 0.0129 217 243 260 290
person 0.0127 364 232 381 281
person 0.0114 78 237 94 257
person 0.0096 406 238 417 256
person 0.0093 73 233 97 251
person 0.0088 402 234 416 272
person 0.0086 23 238 38 253
person 0.0076 386 230 405 248
person 0.0070 81 233 97 264
person 0.0066 385 237 406 260
person 0.0062 138 217 198 290
person 0.0053 461 237 483 251
person 0.0053 484 240 496 255
person 0.0047 265 251 305 291
person 0.0047 402 235 416 249
person 0.0046 170 237 191 276
person 0.0044 112 241 134 268
person 0.0043 137 237 157 265
person 0.0041 228 250 247 286
person 0.0038 486 220 499 259
person 0.0032 136 228 156 246
person 0.0030 349 227 375 285
person 0.0029 213 237 279 298
person 0.0027 161 231 195 280
person 0.0027 274 252 287 273
person 0.0026 235 245 275 286
person 0.0024 206 250 227 285
person 0.0023 150 231 166 247
person 0.0022 353 265 370 292
person 0.0020 130 256 160 295
person 0.0019 327 236 348 277
person 0.0019 301 243 340 285
person 0.0018 329 245 346 262
person 0.0017 196 226 228 279
person 0.0016 272 256 290 305
person 0.0016 420 240 438 254
person 0.0016 273 244 287 266
person 0.0015 366 238 380 261
person 0.0015 175 241 192 265
person 0.0015 117 252 133 270
person 0.0014 373 230 385 246
person 0.0012 251 236 321 302
person 0.0012 310 247 330 284
person 0.0012 21 233 38 261
person 0.0012 461 226 482 257
person 0.0012 446 236 464 251
person 0.0011 209 244 228 264
person 0.0011 114 229 133 246
person 0.0011 259 198 323 289
person 0.0011 156 269 175 289
person 0.0010 196 242 212 265
person 0.0010 123 222 161 261
person 0.0010 197 140 214 159
person 0.0010 287 243 307 260
