bottle 0.2664 66 207 102 298
bottle 0.1495 0 251 14 300
bottle 0.1363 404 151 421 192
bottle 0.1234 79 234 106 288
bottle 0.0710 437 154 452 188
bottle 0.0412 -1 211 9 258
bottle 0.0211 83 214 100 260
bottle 0.0201 46 205 88 295
bottle 0.0175 2 195 38 298
bottle 0.0168 17 252 34 293
bottle 0.0149 388 153 406 192
bottle 0.0125 428 153 446 188
bottle 0.0099 91 213 108 261
bottle 0.0082 46 235 76 288
bottle 0.0078 366 193 384 226
bottle 0.0074 7 247 37 281
bottle 0.0070 85 181 101 215
bottle 0.0062 -1 221 13 246
bottle 0.0051 484 147 500 201
bottle 0.0050 177 175 232 257
bottle 0.0050 431 151 464 189
bottle 0.0048 354 194 369 226
bottle 0.0048 379 152 416 192
bottle 0.0045 116 262 148 291
bottle 0.0043 41 235 61 289
bottle 0.0042 482 163 500 182
bottle 0.0036 455 167 475 186
bottle 0.0034 82 209 98 242
bottle 0.0031 92 254 112 293
bottle 0.0031 1 244 24 285
bottle 0.0029 -2 262 20 287
bottle 0.0029 49 220 83 275
bottle 0.0029 0 266 22 305
bottle 0.0028 92 182 109 215
bottle 0.0027 190 201 222 245
bottle 0.0027 84 223 111 276
bottle 0.0027 48 209 88 237
bottle 0.0026 3 202 40 245
bottle 0.0026 19 268 34 304
bottle 0.0025 -2 251 20 275
bottle 0.0024 435 147 453 173
bottle 0.0023 402 148 422 168
bottle 0.0021 200 188 216 236
bottle 0.0021 188 220 223 251
bottle 0.0020 0 276 12 319
bottle 0.0020 352 199 367 245
bottle 0.0020 354 189 389 226
bottle 0.0016 407 165 422 198
bottle 0.0016 79 223 102 245
bottle 0.0016 6 217 37 270
bottle 0.0016 369 204 386 239
bottle 0.0015 207 181 220 216
bottle 0.0015 201 177 216 219
bottle 0.0014 14 263 38 285
bottle 0.0014 0 215 24 252
bottle 0.0013 406 172 424 191
bottle 0.0013 90 214 111 233
bottle 0.0013 76 250 105 275
bottle 0.0013 292 205 310 246
bottle 0.0013 66 209 108 239
bottle 0.0013 94 190 110 229
bottle 0.0013 205 187 223 208
bottle 0.0013 382 174 400 192
bottle 0.0013 273 200 289 250
bottle 0.0012 394 146 426 181
bottle 0.0012 76 237 104 262
bottle 0.0012 371 157 387 192
bottle 0.0012 -1 239 16 259
bottle 0.0011 351 188 373 211
bottle 0.0011 361 188 386 211
bottle 0.0010 -3 215 15 237
bottle 0.0010 439 166 455 197
bottle 0.0010 404 145 421 157
chair 0.0565 473 169 500 259
chair 0.0058 467 193 501 296
chair 0.0040 464 249 500 340
chair 0.0037 481 152 501 221
chair 0.0031 390 164 480 226
chair 0.0029 370 158 440 223
chair 0.0029 472 164 501 207
chair 0.0027 129 193 279 326
chair 0.0015 408 174 466 208
chair 0.0015 471 200 502 241
chair 0.0012 74 182 109 213
chair 0.0012 380 167 427 211
chair 0.0010 469 222 500 266
chair 0.0010 468 273 498 321
diningtable 0.0066 333 206 478 331
diningtable 0.0011 352 211 458 274
person 0.8724 246 141 356 335
person 0.8379 126 69 243 312
person 0.1094 164 140 337 332
person 0.0114 153 40 203 133
person 0.0068 286 186 349 293
person 0.0052 254 125 323 216
person 0.0038 269 202 332 329
person 0.0021 231 102 346 246
person 0.0018 255 163 321 273
person 0.0016 451 159 508 325
person 0.0015 139 63 351 278
person 0.0013 136 50 269 193
person 0.0013 176 48 238 132
person 0.0012 60 68 225 265
sofa 0.0058 263 172 458 314
