bottle 0.0264 448 220 468 258
bottle 0.0227 424 233 436 262
bottle 0.0054 412 233 424 262
bottle 0.0036 33 234 76 263
bottle 0.0035 421 224 440 255
bottle 0.0030 446 237 464 260
bottle 0.0018 409 227 427 250
bottle 0.0018 56 235 75 265
bottle 0.0014 59 251 80 266
chair 0.0037 442 219 471 256
chair 0.0034 462 219 491 270
chair 0.0033 463 244 496 297
chair 0.0027 426 225 466 258
chair 0.0020 388 261 493 322
chair 0.0020 484 228 499 299
chair 0.0016 457 196 489 238
chair 0.0016 485 189 500 285
chair 0.0012 454 215 473 260
diningtable 0.0028 381 225 492 320
diningtable 0.0019 6 250 338 329
motorbike 0.1255 277 174 387 311
motorbike 0.0687 225 136 335 306
motorbike 0.0241 297 168 369 268
motorbike 0.0030 259 163 321 268
motorbike 0.0026 298 229 354 305
motorbike 0.0012 307 193 354 236
motorbike 0.0011 253 236 315 306
person 0.7686 225 127 294 310
person 0.7264 143 108 211 317
person 0.3686 68 105 138 317
person 0.1527 379 167 429 227
person 0.1475 20 106 63 182
person 0.1296 331 170 394 262
person 0.1076 209 119 239 170
person 0.0741 169 115 247 317
person 0.0739 422 171 457 223
person 0.0731 26 115 58 164
person 0.0722 66 96 136 186
person 0.0475 456 226 498 319
person 0.0461 310 159 414 288
person 0.0365 390 163 425 209
person 0.0336 2 114 19 155
person 0.0321 9 106 49 221
person 0.0265 13 115 49 162
person 0.0264 207 117 241 206
person 0.0247 424 173 468 253
person 0.0242 274 138 293 176
person 0.0215 0 113 15 206
person 0.0210 51 72 148 224
person 0.0208 214 123 274 205
person 0.0176 29 135 60 187
person 0.0156 225 124 266 165
person 0.0132 430 187 463 232
person 0.0129 403 175 426 217
person 0.0126 85 85 165 305
person 0.0124 0 86 52 294
person 0.0123 237 122 258 148
person 0.0105 30 116 49 153
person 0.0098 379 187 418 230
person 0.0087 142 102 199 176
person 0.0074 339 152 453 291
person 0.0070 348 171 391 214
person 0.0066 102 111 144 221
person 0.0066 226 224 282 314
person 0.0062 344 189 385 237
person 0.0061 200 127 237 249
person 0.0060 269 133 297 167
person 0.0059 0 110 21 132
person 0.0057 55 139 73 180
person 0.0057 23 108 45 141
person 0.0055 455 272 494 317
person 0.0054 81 98 123 138
person 0.0054 210 122 233 154
person 0.0053 389 172 409 194
person 0.0048 24 138 66 236
person 0.0040 213 129 233 184
person 0.0040 71 91 131 148
person 0.0039 56 138 73 157
person 0.0037 13 138 49 178
person 0.0036 7 78 49 164
person 0.0035 454 172 491 265
person 0.0035 398 186 429 228
person 0.0034 104 97 152 178
person 0.0034 18 130 39 186
person 0.0032 -1 119 25 171
person 0.0032 192 147 232 282
person 0.0032 243 17 275 56
person 0.0031 118 111 139 155
person 0.0031 31 98 64 144
person 0.0030 260 129 302 195
person 0.0029 0 104 12 264
person 0.0027 397 166 419 187
person 0.0027 22 80 70 161
person 0.0026 256 133 405 263
person 0.0025 192 85 307 259
person 0.0025 142 111 189 152
person 0.0024 206 150 236 192
person 0.0023 31 112 51 134
person 0.0023 10 100 44 142
person 0.0022 295 156 366 234
person 0.0021 236 127 255 163
person 0.0020 233 9 283 68
person 0.0018 150 106 186 139
person 0.0018 315 159 334 180
person 0.0017 400 169 424 194
person 0.0017 362 175 385 195
person 0.0017 348 217 384 264
person 0.0016 158 109 180 134
person 0.0015 50 130 81 167
person 0.0015 5 115 105 313
person 0.0014 13 87 91 248
person 0.0014 245 8 318 69
person 0.0014 2 209 48 289
person 0.0014 430 168 448 186
person 0.0013 -1 105 25 144
person 0.0013 415 212 476 281
person 0.0013 261 143 315 241
person 0.0013 485 178 499 270
person 0.0012 76 114 123 157
person 0.0012 378 241 498 329
person 0.0011 432 170 455 208
person 0.0011 225 136 267 183
person 0.0011 276 152 293 188
person 0.0011 388 147 488 296
person 0.0010 62 112 110 151
person 0.0010 67 98 111 140
person 0.0010 229 267 273 311
person 0.0010 111 97 148 140
person 0.0010 237 134 254 153
person 0.0010 0 133 18 157
person 0.0010 309 244 342 294
pottedplant 0.0264 383 18 500 157
pottedplant 0.0084 4 246 42 283
pottedplant 0.0036 401 18 490 67
pottedplant 0.0031 388 25 496 97
pottedplant 0.0029 1 8 108 70
pottedplant 0.0025 417 26 477 56
pottedplant 0.0023 -1 0 54 73
pottedplant 0.0015 442 18 500 109
pottedplant 0.0010 452 22 495 54
tvmonitor 0.0017 254 259 321 313
tvmonitor 0.0014 268 266 309 308
