boat 0.0032 0 121 48 207
bus 0.2911 324 69 494 245
bus 0.0452 146 79 498 236
bus 0.0023 350 98 459 170
bus 0.0013 2 144 48 228
bus 0.0013 441 70 501 249
bus 0.0013 462 96 502 226
bus 0.0011 391 97 485 171
bus 0.0010 265 91 467 296
person 0.8753 331 159 402 316
person 0.5521 245 163 336 291
person 0.5049 145 153 223 297
person 0.2607 38 177 87 270
person 0.2598 381 155 431 286
person 0.1889 178 152 235 289
person 0.1168 294 158 342 292
person 0.0935 68 197 108 280
person 0.0228 210 160 307 289
person 0.0221 65 178 123 267
person 0.0162 124 184 138 231
person 0.0101 114 171 155 259
person 0.0095 227 179 282 291
person 0.0075 73 211 92 267
person 0.0056 282 163 368 306
person 0.0054 76 189 116 246
person 0.0035 390 166 409 219
person 0.0032 93 206 112 248
person 0.0030 86 209 118 256
person 0.0029 211 174 230 220
person 0.0025 35 206 55 240
person 0.0025 49 205 84 269
person 0.0024 388 155 410 176
person 0.0023 329 170 350 216
person 0.0023 98 340 159 370
person 0.0022 26 179 106 297
person 0.0018 37 187 58 235
person 0.0017 137 180 155 236
person 0.0013 380 133 495 298
person 0.0013 398 163 416 223
person 0.0011 488 145 500 244
person 0.0010 362 168 379 220
person 0.0010 398 157 415 174
train 0.0307 157 97 422 220
