car 0.8436 307 288 472 353
car 0.0651 0 271 129 329
car 0.0206 464 253 488 260
car 0.0136 17 281 107 315
car 0.0088 60 283 123 324
car 0.0053 328 286 416 324
car 0.0044 441 272 463 284
car 0.0027 250 274 275 286
car 0.0024 481 251 501 261
car 0.0023 312 305 354 341
car 0.0023 372 285 455 307
car 0.0022 451 268 496 292
car 0.0022 484 258 500 270
car 0.0020 483 271 500 288
car 0.0019 310 292 358 324
car 0.0018 455 273 486 288
car 0.0018 458 256 489 266
car 0.0014 0 290 18 306
car 0.0012 487 259 500 304
car 0.0011 417 275 446 285
car 0.0011 51 275 114 310
car 0.0010 412 283 470 317
chair 0.0108 2 259 129 345
chair 0.0031 35 261 84 294
chair 0.0019 20 241 101 310
chair 0.0017 388 195 434 253
chair 0.0015 251 180 298 267
chair 0.0012 19 263 68 305
person 0.0046 396 288 429 301
person 0.0022 416 288 444 299
person 0.0020 25 279 44 307
person 0.0020 467 113 501 272
person 0.0019 83 -6 262 319
person 0.0017 380 289 405 304
pottedplant 0.0102 2 181 33 302
pottedplant 0.0097 340 166 377 211
pottedplant 0.0092 333 166 388 268
pottedplant 0.0049 7 257 40 299
pottedplant 0.0043 336 156 381 228
pottedplant 0.0033 82 111 263 318
pottedplant 0.0028 4 216 30 273
pottedplant 0.0023 341 192 383 241
pottedplant 0.0018 5 233 43 317
pottedplant 0.0016 2 192 27 250
pottedplant 0.0013 0 180 14 266
pottedplant 0.0012 0 120 115 305
pottedplant 0.0010 24 273 42 295
