bicycle 0.0011 442 17 493 124
bottle 0.0016 367 115 385 130
chair 0.0099 463 218 499 329
chair 0.0045 -6 130 106 362
chair 0.0031 466 226 502 277
chair 0.0031 483 243 499 317
chair 0.0027 465 246 498 296
chair 0.0024 481 208 499 295
chair 0.0023 368 226 501 369
chair 0.0013 -9 274 122 373
chair 0.0011 486 260 499 358
person 0.7236 82 54 321 382
person 0.6638 227 103 504 371
person 0.0045 -2 107 58 380
person 0.0014 -1 72 43 187
person 0.0010 367 119 504 367
tvmonitor 0.0247 393 141 478 230
tvmonitor 0.0225 371 122 499 253
tvmonitor 0.0091 305 104 497 277
tvmonitor 0.0045 364 144 454 223
