bottle 0.0359 252 161 331 411
bottle 0.0191 265 223 324 348
bottle 0.0061 203 117 335 455
bottle 0.0011 297 219 330 353
diningtable 0.0041 -29 308 311 491
person 0.9733 -9 79 294 493
person 0.0367 144 92 334 482
person 0.0139 293 -1 334 119
person 0.0064 215 -7 324 127
person 0.0059 4 311 326 489
person 0.0047 294 17 330 330
person 0.0043 304 17 332 169
person 0.0029 2 27 183 399
person 0.0026 255 32 332 316
person 0.0016 288 -3 339 66
person 0.0016 0 129 85 444
person 0.0013 296 1 333 49
person 0.0012 321 44 331 168
person 0.0012 15 16 313 344
person 0.0011 202 39 335 391
person 0.0010 297 458 332 500
person 0.0010 252 3 334 178
tvmonitor 0.0073 -4 -3 84 126
tvmonitor 0.0037 0 -1 33 117
