bottle 0.1511 216 297 260 329
bottle 0.0898 211 256 259 337
bottle 0.0032 193 304 253 330
bottle 0.0025 234 295 275 332
bottle 0.0022 223 295 246 328
bottle 0.0011 228 311 286 333
car 0.0015 229 -2 506 136
car 0.0010 21 191 239 334
person 0.7706 188 93 312 334
person 0.6055 271 116 474 329
person 0.3681 14 58 245 331
person 0.0658 451 107 501 328
person 0.0394 374 147 443 198
person 0.0311 465 156 496 322
person 0.0262 382 112 497 324
person 0.0128 396 139 470 204
person 0.0096 297 125 364 205
person 0.0094 85 79 252 265
person 0.0093 319 135 410 201
person 0.0079 181 65 370 276
person 0.0059 -3 -3 127 289
person 0.0058 466 103 500 232
person 0.0056 484 133 499 285
person 0.0047 316 65 494 273
person 0.0045 358 165 396 198
person 0.0041 407 152 456 190
person 0.0033 364 168 385 198
person 0.0032 396 152 438 194
person 0.0028 339 147 389 187
person 0.0018 224 94 292 185
person 0.0018 388 162 432 202
person 0.0018 210 213 263 330
person 0.0017 327 154 404 221
person 0.0016 0 116 42 216
person 0.0015 368 154 414 194
person 0.0014 -3 0 59 283
person 0.0014 216 146 279 280
person 0.0012 138 90 215 182
person 0.0012 362 163 385 186
person 0.0010 306 142 352 185
person 0.0010 324 169 404 263
