chair 0.0181 364 274 505 373
chair 0.0077 369 162 503 372
chair 0.0066 41 115 379 363
chair 0.0036 199 158 456 370
chair 0.0035 2 220 110 378
chair 0.0034 468 5 501 64
chair 0.0032 2 4 106 201
chair 0.0024 22 220 242 373
chair 0.0017 460 177 500 312
chair 0.0016 0 234 52 371
person 0.7022 324 90 492 342
person 0.6074 211 48 438 382
person 0.3879 24 2 398 377
person 0.3448 27 72 245 368
person 0.0472 8 89 119 347
person 0.0407 302 61 424 266
person 0.0332 347 72 400 190
person 0.0176 381 76 498 248
person 0.0056 0 104 55 376
person 0.0045 396 109 486 205
person 0.0033 158 0 417 271
person 0.0030 87 -11 327 279
person 0.0026 0 123 35 306
person 0.0025 367 111 440 199
person 0.0018 0 122 12 237
person 0.0018 461 -2 501 81
person 0.0014 432 105 506 324
person 0.0014 0 99 46 217
person 0.0010 363 140 444 230
sofa 0.0073 64 111 427 371
tvmonitor 0.0017 12 89 97 178
