bottle 0.0054 4 -3 45 91
bottle 0.0020 6 -1 46 43
bottle 0.0016 7 13 41 68
bottle 0.0015 18 -1 91 77
chair 0.0023 -3 262 127 381
chair 0.0017 0 227 44 373
person 0.6811 6 177 131 369
person 0.6403 333 183 460 364
person 0.4162 167 215 265 374
person 0.4082 239 186 340 369
person 0.2497 121 189 214 371
person 0.0102 181 189 312 372
person 0.0078 1 169 62 377
person 0.0052 2 156 44 278
person 0.0044 484 15 500 83
person 0.0040 16 177 93 262
person 0.0034 134 186 196 305
person 0.0033 456 2 500 82
person 0.0028 442 169 504 378
person 0.0027 408 2 485 73
person 0.0025 0 101 11 203
person 0.0023 0 133 10 287
person 0.0023 370 145 505 354
person 0.0023 443 285 499 376
person 0.0022 414 1 471 36
person 0.0021 2 10 42 130
person 0.0020 181 207 251 285
person 0.0018 0 195 9 336
person 0.0017 227 144 426 364
person 0.0017 -1 -5 12 50
person 0.0017 482 0 500 47
person 0.0016 -3 63 33 196
person 0.0015 459 0 486 13
person 0.0014 451 0 495 44
person 0.0014 248 189 315 300
person 0.0013 364 -1 447 27
person 0.0013 51 177 128 263
person 0.0013 439 0 464 15
person 0.0012 192 222 240 263
person 0.0012 335 -1 475 39
person 0.0011 0 0 10 101
person 0.0011 221 193 285 290
person 0.0010 470 7 500 62
person 0.0010 0 49 12 168
person 0.0010 131 160 293 349
tvmonitor 0.0084 178 106 215 133
tvmonitor 0.0064 183 102 213 121
tvmonitor 0.0012 185 98 212 144
tvmonitor 0.0011 186 87 209 104
