bottle 0.0098 485 196 500 280
bottle 0.0078 -1 13 10 57
bottle 0.0076 474 187 500 306
bottle 0.0069 2 298 105 378
bottle 0.0053 286 249 356 353
bottle 0.0049 474 241 499 294
bottle 0.0041 40 301 142 379
bottle 0.0032 0 25 14 49
bottle 0.0030 474 216 498 277
bottle 0.0028 126 284 215 376
bottle 0.0026 189 152 203 175
bottle 0.0026 15 29 39 50
bottle 0.0016 19 35 38 55
bottle 0.0013 0 35 17 55
bottle 0.0012 0 25 12 70
chair 0.0117 473 153 500 288
chair 0.0111 204 63 284 137
chair 0.0094 -1 289 59 376
chair 0.0066 211 47 282 112
chair 0.0063 487 175 500 274
chair 0.0058 35 326 149 374
chair 0.0051 180 71 243 141
chair 0.0048 221 58 275 96
chair 0.0045 254 61 333 133
chair 0.0035 184 27 405 182
chair 0.0032 14 202 81 289
chair 0.0031 4 322 113 377
chair 0.0029 264 62 321 100
chair 0.0023 62 332 125 374
chair 0.0020 -2 178 119 369
chair 0.0017 273 44 382 104
chair 0.0017 116 60 309 207
chair 0.0015 470 189 499 250
chair 0.0015 198 94 275 174
chair 0.0012 150 70 213 134
chair 0.0011 25 222 74 268
chair 0.0010 218 72 275 121
chair 0.0010 161 81 204 121
chair 0.0010 26 333 90 374
diningtable 0.5487 -45 169 472 388
diningtable 0.1550 70 266 511 383
diningtable 0.0818 10 228 346 377
diningtable 0.0052 88 318 494 385
diningtable 0.0050 213 192 506 370
diningtable 0.0023 -23 279 148 378
diningtable 0.0017 28 66 380 366
diningtable 0.0017 360 222 510 379
diningtable 0.0012 -28 322 301 383
diningtable 0.0010 0 178 192 379
person 0.9842 239 36 485 277
person 0.4704 100 110 244 250
person 0.0507 135 108 217 214
person 0.0405 159 63 425 252
person 0.0276 236 21 429 192
person 0.0229 -1 65 50 141
person 0.0157 360 33 497 273
person 0.0099 273 -4 437 92
person 0.0099 134 95 352 228
person 0.0078 156 1 181 19
person 0.0068 94 125 156 235
person 0.0056 76 86 267 339
person 0.0044 174 103 249 204
person 0.0035 130 96 449 331
person 0.0020 145 0 186 23
person 0.0018 270 67 383 123
person 0.0018 200 112 274 198
person 0.0016 149 96 216 172
person 0.0015 195 2 215 18
person 0.0014 2 98 45 147
person 0.0014 440 36 501 272
person 0.0014 3 88 44 128
person 0.0011 -2 -1 9 46
person 0.0010 1 104 51 211
person 0.0010 488 121 500 270
tvmonitor 0.0018 134 2 204 30
