bottle 0.0107 231 75 274 169
bottle 0.0078 37 18 88 98
bottle 0.0048 240 120 264 165
bottle 0.0042 249 132 260 168
bottle 0.0038 236 71 265 128
bottle 0.0031 286 197 299 259
bottle 0.0023 237 90 265 144
bottle 0.0021 213 57 268 143
bottle 0.0020 244 91 257 145
bottle 0.0018 256 132 267 170
bottle 0.0018 45 32 79 86
bottle 0.0018 221 73 255 126
bottle 0.0017 244 69 260 132
bottle 0.0015 221 68 257 100
bottle 0.0015 290 200 303 253
chair 0.0468 287 200 318 347
chair 0.0336 19 213 349 472
chair 0.0044 266 213 310 333
chair 0.0042 294 265 319 433
chair 0.0032 285 178 321 441
chair 0.0025 256 268 310 353
chair 0.0015 264 288 302 335
chair 0.0013 235 283 319 479
chair 0.0012 295 276 317 348
chair 0.0012 292 237 317 311
chair 0.0011 312 219 320 352
person 0.9560 7 18 258 393
person 0.3143 88 68 324 481
person 0.0634 -1 137 225 472
person 0.0222 0 158 29 455
person 0.0189 37 135 74 174
person 0.0154 192 161 320 463
person 0.0149 283 185 315 296
person 0.0129 0 156 72 459
person 0.0117 -2 155 18 397
person 0.0066 6 25 216 247
person 0.0059 26 139 62 180
person 0.0051 8 1 211 102
person 0.0042 250 152 320 393
person 0.0034 0 200 5 445
person 0.0030 288 210 319 486
person 0.0028 288 199 313 262
person 0.0024 285 188 308 240
person 0.0022 1 48 129 444
person 0.0021 238 219 318 477
person 0.0016 81 291 335 469
person 0.0015 0 333 7 424
person 0.0013 277 138 325 348
person 0.0012 0 252 20 443
person 0.0011 18 131 67 196
person 0.0010 0 175 7 319
sofa 0.0026 9 294 359 469
tvmonitor 0.0068 258 82 315 163
tvmonitor 0.0021 286 46 319 80
tvmonitor 0.0013 267 101 306 153
