bottle 0.0025 315 288 329 318
cow 0.0038 53 87 165 108
motorbike 0.0023 -8 315 67 332
motorbike 0.0010 31 315 138 333
person 0.9085 383 7 435 106
person 0.8619 118 159 310 328
person 0.0850 19 294 79 328
person 0.0673 4 277 87 331
person 0.0558 192 157 360 325
person 0.0413 390 8 432 57
person 0.0128 393 6 474 72
person 0.0077 222 138 298 196
person 0.0067 391 25 427 90
person 0.0063 89 306 170 331
person 0.0044 243 138 279 163
person 0.0042 215 157 297 221
person 0.0033 56 306 144 332
person 0.0030 184 320 214 332
person 0.0027 234 143 285 179
person 0.0027 -2 288 63 321
person 0.0021 291 9 449 112
person 0.0021 409 14 459 55
person 0.0020 9 298 187 332
person 0.0018 2 198 269 332
person 0.0017 357 -2 457 99
person 0.0014 389 60 427 106
person 0.0010 110 317 142 333
person 0.0010 377 7 489 113
person 0.0010 57 102 370 288
person 0.0010 117 312 203 333
