bicycle 0.0115 382 191 500 315
bicycle 0.0089 408 213 486 295
bicycle 0.0042 450 198 499 309
motorbike 0.8506 245 225 507 374
motorbike 0.7863 166 182 284 366
motorbike 0.1809 358 233 516 366
motorbike 0.0548 409 221 492 320
motorbike 0.0200 152 172 416 382
motorbike 0.0134 360 221 455 322
motorbike 0.0078 450 233 500 363
motorbike 0.0051 315 192 490 316
motorbike 0.0045 369 206 438 289
motorbike 0.0028 322 229 419 313
motorbike 0.0024 239 174 419 326
motorbike 0.0015 452 254 495 302
motorbike 0.0011 289 228 365 313
person 0.7073 175 173 272 334
person 0.2029 216 174 269 317
person 0.0486 182 180 251 257
person 0.0187 228 181 264 234
person 0.0128 -4 292 115 361
person 0.0083 231 168 267 216
person 0.0083 275 179 457 323
person 0.0082 170 58 189 68
person 0.0070 332 207 402 285
person 0.0066 220 164 274 228
person 0.0066 193 187 236 235
person 0.0055 351 220 387 257
person 0.0052 144 145 289 306
person 0.0037 226 162 262 200
person 0.0033 178 199 220 238
person 0.0033 261 84 286 99
person 0.0027 289 203 366 288
person 0.0027 191 177 237 213
person 0.0026 388 214 427 259
person 0.0025 233 212 267 269
person 0.0018 233 194 271 247
person 0.0015 -2 263 64 347
person 0.0013 245 187 267 232
person 0.0013 177 169 253 226
person 0.0012 253 63 265 73
person 0.0011 230 165 256 190
person 0.0010 333 187 369 234
