chair 0.0149 3 305 141 499
chair 0.0136 130 307 360 490
chair 0.0032 288 173 376 470
chair 0.0030 52 259 208 465
dog 0.0043 137 88 227 175
person 0.9564 68 120 195 460
person 0.0138 293 114 375 460
person 0.0104 75 94 227 339
person 0.0056 46 -3 159 51
person 0.0038 330 61 375 437
person 0.0036 42 112 177 324
person 0.0031 -5 -6 321 118
person 0.0026 68 0 137 36
person 0.0020 339 137 373 279
person 0.0019 -1 -5 84 57
person 0.0015 119 1 374 113
person 0.0015 24 -7 115 53
person 0.0014 93 115 265 467
person 0.0012 43 -2 98 37
person 0.0012 12 -1 72 36
person 0.0012 337 212 374 369
person 0.0011 1 4 75 102
person 0.0010 127 91 379 401
person 0.0010 21 1 183 123
pottedplant 0.3698 182 52 366 305
pottedplant 0.0428 -2 42 76 296
pottedplant 0.0042 9 160 74 258
pottedplant 0.0020 22 187 65 235
pottedplant 0.0020 4 105 70 237
pottedplant 0.0010 1 126 35 289
sofa 0.0089 70 306 366 497
