bicycle 0.8693 -25 34 521 394
bicycle 0.0338 273 -31 525 344
bicycle 0.0205 105 0 539 267
bicycle 0.0044 290 0 510 208
bicycle 0.0017 24 -7 474 161
bottle 0.0035 121 104 157 145
bottle 0.0020 105 89 166 167
bottle 0.0019 112 113 150 154
bottle 0.0010 177 241 195 288
car 0.0178 6 4 340 256
chair 0.0012 -9 349 104 377
chair 0.0011 1 227 123 372
motorbike 0.0535 -15 -19 362 335
motorbike 0.0038 135 114 510 361
person 0.1478 4 17 178 411
person 0.0045 0 -16 60 281
person 0.0039 87 354 163 377
person 0.0026 0 25 41 173
person 0.0023 -2 -9 125 275
person 0.0013 -3 160 263 374
