bottle 0.0088 189 257 259 347
car 0.9444 240 153 489 268
car 0.8340 61 150 348 336
car 0.5390 147 166 421 305
car 0.5039 -1 164 113 326
car 0.2208 73 133 272 249
car 0.1968 348 155 509 261
car 0.0994 -3 151 191 351
car 0.0273 50 150 220 220
car 0.0159 466 144 502 185
car 0.0144 32 164 156 214
car 0.0140 100 128 249 185
car 0.0122 480 157 501 176
car 0.0104 480 167 500 185
car 0.0077 470 160 501 191
car 0.0055 -5 159 51 266
car 0.0051 0 169 63 373
car 0.0050 -9 120 127 266
car 0.0044 55 172 128 206
car 0.0033 36 171 140 243
car 0.0032 485 156 501 196
car 0.0024 133 140 216 172
car 0.0021 450 142 501 218
car 0.0020 308 153 367 184
car 0.0018 459 161 501 276
car 0.0017 22 171 100 203
car 0.0017 143 152 270 211
car 0.0016 135 152 232 179
car 0.0012 485 203 501 273
car 0.0012 332 146 348 157
car 0.0011 416 159 493 194
car 0.0011 132 164 220 198
car 0.0011 269 151 469 214
diningtable 0.0011 76 273 416 378
person 0.9039 93 140 248 361
person 0.5655 451 140 494 182
person 0.3862 359 139 379 154
person 0.0797 424 146 438 157
person 0.0602 443 144 463 164
person 0.0482 433 141 479 177
person 0.0359 456 138 480 173
person 0.0246 353 141 372 155
person 0.0136 481 143 501 160
person 0.0116 385 143 402 153
person 0.0114 339 147 392 177
person 0.0108 357 136 389 159
person 0.0105 406 145 423 155
person 0.0092 85 120 196 185
person 0.0083 482 145 501 185
person 0.0054 466 133 504 174
person 0.0052 102 120 154 161
person 0.0050 354 124 393 156
person 0.0037 444 150 467 169
person 0.0031 444 143 468 182
person 0.0031 0 149 11 214
person 0.0026 350 121 368 157
person 0.0023 417 137 493 186
person 0.0023 360 141 381 189
person 0.0021 104 132 171 170
person 0.0018 481 131 498 148
person 0.0016 -4 166 198 370
person 0.0015 209 172 227 213
person 0.0015 354 134 370 165
person 0.0012 343 137 380 160
