bottle 0.0024 228 331 239 369
bottle 0.0013 218 264 269 307
bottle 0.0010 224 330 251 369
chair 0.0365 342 178 376 323
chair 0.0049 0 222 153 486
chair 0.0034 346 211 374 282
chair 0.0030 338 192 373 244
chair 0.0025 284 165 376 488
chair 0.0024 336 150 377 421
chair 0.0013 364 186 374 330
chair 0.0012 301 228 372 340
chair 0.0011 174 355 374 505
diningtable 0.0438 32 312 400 499
diningtable 0.0038 8 206 428 448
person 0.8871 17 106 170 487
person 0.8184 190 124 355 361
person 0.5292 193 166 224 227
person 0.2283 185 166 236 243
person 0.1180 221 153 255 217
person 0.0891 179 170 210 229
person 0.0850 170 166 195 227
person 0.0662 206 159 277 252
person 0.0370 26 72 289 423
person 0.0357 206 169 239 230
person 0.0229 176 172 370 471
person 0.0209 199 174 218 222
person 0.0126 0 101 104 421
person 0.0108 173 167 190 213
person 0.0053 145 73 350 289
person 0.0052 0 98 40 475
person 0.0044 341 160 374 278
person 0.0040 217 194 254 239
person 0.0039 335 164 375 489
person 0.0039 230 160 248 211
person 0.0036 109 141 324 346
person 0.0032 340 381 374 508
person 0.0031 230 169 265 226
person 0.0030 219 181 233 223
person 0.0024 172 200 213 247
person 0.0022 234 134 265 195
person 0.0021 222 161 321 262
person 0.0020 -1 148 26 353
person 0.0017 226 137 310 211
person 0.0016 317 144 355 195
person 0.0016 224 144 255 192
person 0.0015 182 195 247 293
person 0.0015 4 109 13 182
person 0.0014 219 193 233 241
person 0.0014 197 204 289 289
person 0.0014 185 175 199 221
person 0.0012 346 448 374 499
person 0.0012 1 123 10 201
person 0.0012 277 149 381 353
person 0.0011 28 234 229 480
person 0.0011 0 139 6 340
person 0.0010 6 115 34 179
person 0.0010 26 92 175 273
person 0.0010 231 152 249 182
person 0.0010 183 169 200 198
