boat 0.0013 -3 27 109 235
bottle 0.0011 296 168 342 270
bus 0.8138 234 245 278 280
bus 0.2252 246 243 267 283
bus 0.1551 242 255 271 277
bus 0.0145 250 250 304 279
bus 0.0095 235 257 250 273
bus 0.0047 214 231 276 279
bus 0.0040 200 256 245 275
bus 0.0026 237 246 250 281
bus 0.0026 274 248 289 282
bus 0.0018 214 253 231 277
bus 0.0017 267 239 305 273
bus 0.0017 234 261 278 289
bus 0.0012 275 247 292 265
bus 0.0010 276 239 322 275
car 0.9520 408 238 502 361
car 0.8660 -4 241 107 321
car 0.8293 344 246 435 325
car 0.6847 283 256 326 282
car 0.6201 103 254 156 299
car 0.2111 213 261 235 272
car 0.0953 346 255 411 302
car 0.0788 55 248 141 312
car 0.0589 274 258 290 275
car 0.0417 288 250 311 287
car 0.0291 330 269 351 284
car 0.0216 72 252 129 298
car 0.0205 175 271 195 282
car 0.0204 299 266 328 286
car 0.0199 287 266 319 284
car 0.0195 300 251 324 288
car 0.0182 286 252 337 298
car 0.0140 368 263 423 320
car 0.0105 133 254 156 300
car 0.0069 1 246 62 338
car 0.0064 340 261 369 301
car 0.0062 0 228 10 305
car 0.0062 93 251 117 260
car 0.0058 3 240 97 271
car 0.0054 352 270 402 314
car 0.0051 173 266 193 278
car 0.0048 10 246 95 295
car 0.0041 447 277 499 377
car 0.0039 0 247 60 284
car 0.0037 324 267 352 289
car 0.0031 339 268 359 288
car 0.0029 133 269 160 291
car 0.0028 343 261 364 279
car 0.0027 154 272 174 286
car 0.0026 357 249 430 292
car 0.0025 114 255 140 300
car 0.0025 272 268 290 281
car 0.0023 326 264 348 279
car 0.0021 129 256 160 276
car 0.0019 110 256 146 275
car 0.0019 65 251 113 285
car 0.0018 1 256 54 305
car 0.0018 246 267 267 282
car 0.0017 92 255 121 272
car 0.0017 191 264 215 274
car 0.0016 112 272 158 310
car 0.0014 96 261 170 321
car 0.0013 155 258 173 277
car 0.0013 66 270 112 315
car 0.0013 111 251 140 261
car 0.0013 314 252 356 287
car 0.0013 -3 236 42 269
car 0.0011 97 249 118 290
car 0.0011 337 252 373 289
car 0.0010 146 256 186 289
car 0.0010 343 273 371 311
car 0.0010 0 239 13 262
person 0.0070 288 248 306 263
pottedplant 0.0233 -1 55 38 204
pottedplant 0.0104 442 20 500 121
pottedplant 0.0093 408 59 490 140
pottedplant 0.0067 395 -2 502 149
pottedplant 0.0059 372 77 501 293
pottedplant 0.0033 -3 31 52 278
pottedplant 0.0033 -9 38 113 274
pottedplant 0.0015 1 102 36 155
pottedplant 0.0014 419 80 473 123
pottedplant 0.0012 1 74 36 126
pottedplant 0.0012 392 37 502 221
pottedplant 0.0012 455 47 497 93
pottedplant 0.0010 424 54 473 93
pottedplant 0.0010 9 126 87 204
