bottle 0.3561 368 208 408 285
bottle 0.0208 365 218 396 271
bottle 0.0043 377 236 408 293
bottle 0.0022 149 337 213 375
bottle 0.0014 335 224 409 317
bottle 0.0010 352 207 399 247
chair 0.0490 383 -5 500 197
chair 0.0231 458 172 499 311
chair 0.0111 143 126 205 196
chair 0.0099 458 22 501 177
chair 0.0098 51 50 291 263
chair 0.0053 416 194 484 287
chair 0.0049 363 176 426 269
chair 0.0034 -1 135 37 297
chair 0.0023 456 251 501 361
chair 0.0016 98 114 172 200
chair 0.0015 465 217 501 272
chair 0.0014 486 232 500 358
chair 0.0014 352 173 400 271
chair 0.0012 372 197 414 244
chair 0.0012 280 0 453 144
chair 0.0012 409 229 458 271
chair 0.0012 421 229 484 274
chair 0.0012 485 187 500 318
diningtable 0.4743 33 198 544 366
diningtable 0.0230 0 275 499 376
diningtable 0.0071 301 193 493 366
diningtable 0.0018 -16 324 437 381
diningtable 0.0011 432 215 509 384
person 0.7105 165 34 356 277
person 0.5602 12 72 162 295
person 0.2469 405 49 499 322
person 0.0846 113 129 316 298
person 0.0557 -1 121 136 359
person 0.0319 20 101 328 329
person 0.0205 434 113 504 369
person 0.0187 177 163 261 260
person 0.0183 234 26 392 246
person 0.0161 384 176 506 371
person 0.0105 379 -9 496 160
person 0.0059 324 101 488 333
person 0.0054 0 152 31 339
person 0.0050 453 133 498 296
person 0.0048 429 -6 507 266
person 0.0045 -1 93 51 342
person 0.0028 412 149 489 279
person 0.0024 -2 223 26 379
person 0.0019 256 30 474 283
person 0.0013 336 11 482 242
pottedplant 0.0036 159 353 282 377
pottedplant 0.0021 114 340 307 376
tvmonitor 0.0089 1 80 52 176
tvmonitor 0.0030 11 85 99 171
tvmonitor 0.0024 -4 69 127 199
tvmonitor 0.0012 2 104 47 153
tvmonitor 0.0012 0 104 43 210
