chair 0.0032 330 157 434 272
chair 0.0019 7 156 144 274
chair 0.0015 227 113 398 272
person 0.8452 113 34 258 283
person 0.7220 240 29 394 285
person 0.1944 5 46 107 272
person 0.1886 325 32 433 284
person 0.0678 382 1 433 229
person 0.0426 44 39 191 281
person 0.0231 80 35 229 206
person 0.0117 382 -11 429 129
person 0.0079 129 20 354 256
person 0.0058 294 21 394 177
person 0.0038 2 39 100 159
person 0.0030 390 31 427 155
person 0.0020 0 97 7 207
person 0.0019 350 2 430 149
person 0.0012 0 35 47 281
person 0.0011 366 58 416 129
person 0.0011 391 76 430 194
person 0.0010 422 20 431 157
person 0.0010 0 45 10 133
person 0.0010 320 49 375 137
sofa 0.0015 189 115 391 272
