bottle 0.9398 273 202 314 320
bottle 0.0368 279 206 308 271
bottle 0.0266 258 160 348 420
bottle 0.0125 297 188 360 315
bottle 0.0049 366 180 374 343
bottle 0.0022 166 136 388 444
bottle 0.0020 287 275 372 377
bottle 0.0015 243 226 318 333
bottle 0.0013 364 228 374 403
car 0.0199 -9 171 331 479
chair 0.1856 31 198 104 306
chair 0.1478 -6 212 87 308
chair 0.0945 58 54 376 440
chair 0.0894 -3 214 38 309
chair 0.0338 107 166 146 206
chair 0.0235 32 184 106 255
chair 0.0096 42 187 100 230
chair 0.0045 71 193 123 302
chair 0.0045 1 246 31 307
chair 0.0036 8 183 129 380
chair 0.0032 126 170 146 196
chair 0.0032 109 171 138 194
chair 0.0031 110 148 160 187
chair 0.0026 50 216 92 285
chair 0.0021 13 227 68 285
chair 0.0019 100 163 158 253
chair 0.0019 312 119 358 158
chair 0.0017 -8 172 47 327
chair 0.0017 -2 206 89 449
chair 0.0016 108 158 135 176
chair 0.0014 17 246 63 306
chair 0.0013 81 203 113 277
chair 0.0013 11 114 259 459
chair 0.0013 107 176 150 228
chair 0.0012 5 177 85 267
chair 0.0012 0 216 10 307
chair 0.0011 113 161 135 210
chair 0.0011 19 147 181 351
chair 0.0010 17 149 121 295
chair 0.0010 -2 149 34 289
diningtable 0.0738 265 188 389 463
diningtable 0.0461 -4 310 322 484
diningtable 0.0101 40 169 385 484
diningtable 0.0013 49 356 383 504
person 0.9626 114 22 373 311
person 0.1124 52 72 376 498
person 0.0226 36 12 289 339
person 0.0084 103 9 149 56
person 0.0058 275 104 383 403
person 0.0034 214 22 379 254
person 0.0031 332 64 375 358
person 0.0028 342 94 373 253
person 0.0019 341 163 373 329
person 0.0014 366 131 374 312
person 0.0010 86 9 132 51
tvmonitor 0.0014 -9 -4 97 202
