boat 0.7710 13 122 66 143
boat 0.1688 27 125 52 138
boat 0.0931 11 94 72 151
boat 0.0553 17 124 35 136
boat 0.0307 13 133 70 153
boat 0.0180 10 114 53 136
boat 0.0102 1 120 56 150
boat 0.0034 6 80 51 159
boat 0.0033 50 129 66 142
boat 0.0032 28 137 57 150
boat 0.0031 13 51 79 138
boat 0.0020 1 33 40 152
boat 0.0016 0 20 98 169
boat 0.0015 2 127 14 141
boat 0.0012 0 138 10 154
boat 0.0011 0 103 10 116
person 0.9444 249 37 352 299
person 0.6316 83 72 208 324
person 0.0878 177 80 265 319
person 0.0341 30 121 47 133
person 0.0285 21 121 38 133
person 0.0274 190 16 341 327
person 0.0016 340 267 444 331
person 0.0013 131 32 306 259
person 0.0012 294 43 411 298
