car 0.0199 54 164 368 365
chair 0.0165 440 239 504 363
chair 0.0157 330 247 469 363
chair 0.0115 387 239 500 373
chair 0.0037 2 261 102 337
chair 0.0027 400 287 478 372
chair 0.0027 486 57 501 127
chair 0.0025 351 284 450 370
chair 0.0016 368 256 435 288
chair 0.0014 -6 274 67 314
chair 0.0014 345 67 463 129
chair 0.0013 348 249 451 305
diningtable 0.0056 -4 265 61 340
diningtable 0.0033 -2 279 55 319
diningtable 0.0032 83 283 487 375
diningtable 0.0016 107 324 466 380
person 0.7315 112 91 386 338
person 0.0388 121 88 319 225
person 0.0327 67 240 125 323
person 0.0308 46 138 321 355
person 0.0060 2 240 117 369
person 0.0060 -2 279 349 375
tvmonitor 0.0021 440 224 505 326
tvmonitor 0.0015 487 45 501 118
