aeroplane 0.0027 5 382 178 493
bottle 0.0010 67 228 81 293
bus 0.0078 -14 75 347 285
car 0.3949 -7 408 90 492
car 0.0229 3 405 59 451
car 0.0228 29 384 98 416
car 0.0201 5 391 70 424
car 0.0196 -4 382 85 446
car 0.0137 48 377 114 408
car 0.0091 1 416 77 465
car 0.0078 62 358 102 393
car 0.0063 2 453 75 492
car 0.0057 14 400 72 435
car 0.0056 31 412 81 454
car 0.0056 32 426 82 480
car 0.0052 26 378 147 439
car 0.0040 44 391 120 432
car 0.0038 4 47 128 378
car 0.0033 305 384 335 478
car 0.0030 0 355 129 466
car 0.0027 67 383 95 397
car 0.0024 61 383 84 395
car 0.0023 69 361 94 384
car 0.0017 313 383 333 449
car 0.0014 33 410 53 426
car 0.0012 5 378 83 412
car 0.0011 -1 387 36 429
car 0.0011 -4 394 47 494
motorbike 0.0043 252 321 335 483
person 0.6766 130 195 170 309
person 0.6572 216 157 260 210
person 0.3665 130 189 160 243
person 0.1592 147 406 173 460
person 0.1311 103 413 126 480
person 0.1219 209 157 270 238
person 0.1215 57 125 234 387
person 0.1195 133 413 155 479
person 0.1034 105 428 120 480
person 0.0695 93 401 137 492
person 0.0448 135 203 164 275
person 0.0425 144 423 176 471
person 0.0320 272 341 315 468
person 0.0269 120 175 151 225
person 0.0256 194 142 258 212
person 0.0246 138 396 188 482
person 0.0231 211 144 262 191
person 0.0192 134 177 186 264
person 0.0187 152 413 168 455
person 0.0186 56 398 124 491
person 0.0158 304 283 329 350
person 0.0156 139 213 175 264
person 0.0149 158 407 183 461
person 0.0145 137 196 173 246
person 0.0135 125 399 166 488
person 0.0135 90 459 136 492
person 0.0121 147 386 183 423
person 0.0113 142 390 177 440
person 0.0104 74 413 107 476
person 0.0100 68 421 80 440
person 0.0089 139 216 180 338
person 0.0088 115 465 169 494
person 0.0088 96 444 124 488
person 0.0083 138 195 157 237
person 0.0076 319 287 333 348
person 0.0070 152 434 168 460
person 0.0068 75 417 85 438
person 0.0067 74 422 87 479
person 0.0065 120 164 148 206
person 0.0065 135 411 152 452
person 0.0062 88 460 106 479
person 0.0061 126 451 166 490
person 0.0056 2 444 85 498
person 0.0056 136 466 195 494
person 0.0050 190 118 290 314
person 0.0047 101 457 117 481
person 0.0046 38 420 55 438
person 0.0044 129 152 156 207
person 0.0044 123 164 140 192
person 0.0041 138 432 154 467
person 0.0041 139 151 153 183
person 0.0041 55 423 85 481
person 0.0038 148 489 172 501
person 0.0037 308 285 333 442
person 0.0036 88 358 103 383
person 0.0036 66 459 115 494
person 0.0035 140 226 176 290
person 0.0035 213 198 275 297
person 0.0034 165 413 180 458
person 0.0034 10 424 78 483
person 0.0033 96 385 137 421
person 0.0032 125 404 150 465
person 0.0031 66 417 94 481
person 0.0030 284 291 314 347
person 0.0027 158 229 186 290
person 0.0027 65 427 80 479
person 0.0027 289 300 306 328
person 0.0026 231 219 262 272
person 0.0025 107 172 141 224
person 0.0024 217 360 274 452
person 0.0023 206 399 276 474
person 0.0023 138 239 163 308
person 0.0022 220 372 256 411
person 0.0022 180 433 192 465
person 0.0022 46 425 65 441
person 0.0021 272 297 307 345
person 0.0021 280 303 298 327
person 0.0021 292 284 307 312
person 0.0021 126 386 163 425
person 0.0021 21 421 40 442
person 0.0020 320 381 333 451
person 0.0020 0 416 7 490
person 0.0019 0 439 10 460
person 0.0018 312 390 333 467
person 0.0018 310 300 333 365
person 0.0018 19 486 44 500
person 0.0018 0 398 7 464
person 0.0017 164 198 214 306
person 0.0017 175 207 189 234
person 0.0017 290 226 333 358
person 0.0017 128 419 147 481
person 0.0017 247 231 281 281
person 0.0017 165 434 182 465
person 0.0016 135 138 158 188
person 0.0016 137 461 155 483
person 0.0016 47 438 67 457
person 0.0016 221 172 272 217
person 0.0016 23 462 36 485
person 0.0016 24 439 35 458
person 0.0015 230 372 263 424
person 0.0015 174 184 211 227
person 0.0015 165 400 184 421
person 0.0015 138 183 175 229
person 0.0015 121 210 152 261
person 0.0014 149 397 169 421
person 0.0014 199 176 247 217
person 0.0014 89 192 144 308
person 0.0014 65 447 161 496
person 0.0014 158 469 223 498
person 0.0013 245 154 278 211
person 0.0013 304 282 321 311
person 0.0013 320 309 332 399
person 0.0013 102 475 166 501
person 0.0013 96 484 119 496
person 0.0012 318 282 332 310
person 0.0012 121 484 146 497
person 0.0012 5 487 31 500
person 0.0012 88 443 105 471
person 0.0011 104 193 142 244
person 0.0011 121 477 197 501
person 0.0011 90 408 104 426
person 0.0011 228 154 249 179
person 0.0011 158 490 187 501
person 0.0011 137 159 151 206
person 0.0011 119 167 134 192
person 0.0011 0 239 6 359
person 0.0011 131 484 162 497
person 0.0010 78 461 90 481
person 0.0010 75 410 91 427
person 0.0010 161 168 225 249
person 0.0010 76 474 138 501
person 0.0010 308 294 324 337
person 0.0010 323 228 332 330
person 0.0010 150 457 171 480
person 0.0010 110 464 126 485
person 0.0010 171 206 194 272
person 0.0010 147 450 193 490
person 0.0010 210 275 239 326
person 0.0010 104 452 227 498
person 0.0010 278 242 288 264
train 0.1796 76 133 249 374
train 0.1289 22 50 308 379
train 0.0332 22 336 310 481
train 0.0302 7 82 169 418
train 0.0301 187 136 295 357
train 0.0059 108 381 324 484
train 0.0054 145 204 338 446
train 0.0050 24 198 261 441
train 0.0037 193 321 348 482
train 0.0032 250 277 335 470
train 0.0032 248 175 339 400
train 0.0027 36 375 248 510
train 0.0024 114 91 320 253
train 0.0014 -1 141 85 432
