bicycle 0.0012 29 149 401 497
bottle 0.0010 241 306 259 328
bottle 0.0010 227 304 247 326
chair 0.7495 297 136 373 295
chair 0.2684 225 151 313 262
chair 0.0296 234 134 368 282
chair 0.0116 194 151 254 260
chair 0.0110 165 116 281 300
chair 0.0092 210 137 282 233
chair 0.0060 262 152 330 268
chair 0.0054 289 95 376 178
chair 0.0032 329 167 373 313
chair 0.0016 284 54 377 216
chair 0.0016 301 121 373 169
chair 0.0015 334 118 372 241
chair 0.0013 196 147 239 202
chair 0.0012 201 176 241 237
chair 0.0011 219 148 269 195
chair 0.0010 306 142 369 180
dog 0.6503 213 373 341 455
dog 0.0252 254 388 337 467
dog 0.0082 216 369 290 440
dog 0.0030 232 378 317 429
dog 0.0025 227 373 272 423
dog 0.0016 291 387 363 484
dog 0.0010 204 297 346 454
dog 0.0010 288 389 332 424
person 0.9770 109 20 201 389
person 0.0016 103 8 212 212
person 0.0013 81 106 231 447
pottedplant 0.6459 72 89 110 196
pottedplant 0.2943 83 129 107 198
pottedplant 0.1295 79 103 107 174
pottedplant 0.0196 74 60 120 155
pottedplant 0.0149 86 156 105 197
pottedplant 0.0118 77 15 187 272
pottedplant 0.0100 81 77 117 128
pottedplant 0.0082 85 154 118 203
pottedplant 0.0046 89 142 105 186
pottedplant 0.0046 62 60 135 214
pottedplant 0.0042 91 64 124 116
pottedplant 0.0029 69 105 96 163
pottedplant 0.0016 281 12 377 175
pottedplant 0.0016 59 110 102 217
pottedplant 0.0014 92 77 149 195
pottedplant 0.0013 97 116 153 224
pottedplant 0.0011 106 141 139 197
pottedplant 0.0010 87 173 118 226
pottedplant 0.0010 78 149 126 253
