bicycle 0.0681 -3 197 359 519
bicycle 0.0174 26 367 326 505
bicycle 0.0069 -4 5 272 492
bicycle 0.0030 136 388 213 495
bicycle 0.0017 90 -6 479 129
bicycle 0.0016 -14 30 145 466
bottle 0.0255 72 425 123 477
bottle 0.0016 222 369 262 417
bottle 0.0013 223 384 263 440
car 0.0011 -26 -13 152 135
car 0.0010 275 1 523 102
motorbike 0.9695 -63 -21 561 515
motorbike 0.1310 3 -36 345 460
motorbike 0.1127 24 221 470 499
motorbike 0.0566 -22 -11 443 283
motorbike 0.0047 54 -8 443 136
motorbike 0.0022 183 23 531 545
motorbike 0.0017 1 -6 205 354
motorbike 0.0011 276 146 517 503
motorbike 0.0010 0 -16 280 200
person 0.0067 65 423 132 483
person 0.0015 344 1 372 15
person 0.0015 77 406 184 490
person 0.0012 150 376 199 426
person 0.0011 137 357 213 456
