bottle 0.0090 364 115 384 134
bottle 0.0032 153 116 174 136
bottle 0.0028 383 114 410 134
bottle 0.0021 364 122 386 140
bottle 0.0019 128 80 148 107
bottle 0.0019 426 275 448 294
bottle 0.0013 134 110 153 135
bottle 0.0012 347 113 369 153
bottle 0.0011 346 107 366 138
bottle 0.0011 428 264 445 300
bottle 0.0010 136 124 158 146
bottle 0.0010 339 125 373 142
chair 0.0418 45 129 83 171
chair 0.0273 -1 293 51 373
chair 0.0191 0 299 109 372
chair 0.0146 74 135 119 170
chair 0.0103 77 112 119 155
chair 0.0091 36 121 87 185
chair 0.0082 327 116 348 133
chair 0.0065 3 309 44 358
chair 0.0061 349 65 452 129
chair 0.0059 341 114 369 132
chair 0.0058 0 244 13 288
chair 0.0049 446 110 501 140
chair 0.0047 293 110 343 138
chair 0.0047 -1 249 42 362
chair 0.0043 68 104 129 165
chair 0.0036 256 107 299 140
chair 0.0035 331 111 383 136
chair 0.0035 286 120 349 149
chair 0.0033 311 109 362 136
chair 0.0031 62 127 131 181
chair 0.0027 305 115 332 133
chair 0.0026 235 105 281 140
chair 0.0025 246 124 309 148
chair 0.0025 18 331 172 374
chair 0.0024 277 110 324 140
chair 0.0024 263 131 293 145
chair 0.0021 124 109 219 164
chair 0.0021 335 92 378 124
chair 0.0020 244 130 278 145
chair 0.0019 2 249 28 295
chair 0.0019 344 98 366 120
chair 0.0018 262 112 313 146
chair 0.0017 21 314 84 356
chair 0.0017 289 113 313 134
chair 0.0017 157 124 247 190
chair 0.0015 315 37 491 157
chair 0.0015 439 101 507 155
chair 0.0014 134 116 185 149
chair 0.0014 346 283 458 368
chair 0.0013 265 114 292 134
chair 0.0013 0 265 14 287
chair 0.0012 4 279 37 327
chair 0.0012 350 83 394 123
chair 0.0012 106 135 162 168
chair 0.0012 315 92 353 127
chair 0.0011 287 128 313 144
chair 0.0010 302 128 331 144
chair 0.0010 321 96 342 119
chair 0.0010 453 136 497 175
chair 0.0010 0 223 29 322
diningtable 0.3093 17 234 561 378
diningtable 0.0084 219 274 519 374
diningtable 0.0083 -4 324 509 378
diningtable 0.0074 324 118 390 149
diningtable 0.0057 8 278 188 376
diningtable 0.0052 325 236 485 371
diningtable 0.0043 -3 263 360 385
diningtable 0.0033 298 98 506 279
diningtable 0.0017 324 132 390 164
diningtable 0.0014 -1 243 122 367
diningtable 0.0013 204 178 519 367
diningtable 0.0010 358 119 431 145
person 0.6937 78 136 509 285
person 0.0730 7 127 341 293
person 0.0522 170 53 474 274
person 0.0335 386 143 496 351
person 0.0089 413 102 444 138
person 0.0082 67 81 353 246
person 0.0078 40 119 238 266
person 0.0067 292 106 510 325
person 0.0054 417 105 461 141
person 0.0026 438 155 500 335
person 0.0017 135 156 221 225
person 0.0017 253 178 395 253
person 0.0017 445 138 501 237
person 0.0016 162 149 248 230
person 0.0015 76 156 192 223
person 0.0010 460 198 499 345
pottedplant 0.1271 46 113 84 152
pottedplant 0.0191 45 113 64 132
pottedplant 0.0120 47 115 77 134
pottedplant 0.0092 119 109 160 151
pottedplant 0.0022 46 123 79 140
pottedplant 0.0019 122 87 160 127
pottedplant 0.0018 36 112 71 138
pottedplant 0.0015 42 88 77 125
sofa 0.3214 18 130 484 288
