bottle 0.0033 199 236 216 259
bottle 0.0028 210 254 234 274
bottle 0.0027 198 255 217 277
bottle 0.0019 200 241 215 287
bottle 0.0013 228 266 251 288
bottle 0.0012 197 228 217 253
bottle 0.0012 226 258 248 279
car 0.0050 414 188 454 198
car 0.0025 229 183 250 204
car 0.0020 0 189 13 202
car 0.0020 436 190 459 199
car 0.0019 482 186 500 199
car 0.0017 255 186 274 200
car 0.0016 81 184 100 195
car 0.0014 189 185 210 200
car 0.0011 364 187 393 198
car 0.0010 482 175 501 190
chair 0.0209 21 283 83 377
person 0.9630 148 174 214 358
person 0.8938 243 192 307 373
person 0.8076 214 188 277 368
person 0.5372 176 176 249 363
person 0.0393 196 206 253 339
person 0.0188 210 181 261 311
person 0.0027 215 184 255 229
person 0.0016 152 178 206 260
person 0.0014 221 163 331 352
