bottle 0.0075 183 286 239 381
bottle 0.0016 180 81 230 122
bottle 0.0011 287 245 305 291
bottle 0.0011 139 327 284 374
chair 0.0607 361 94 439 158
chair 0.0345 374 104 425 150
chair 0.0187 446 100 497 224
chair 0.0145 412 77 470 178
chair 0.0054 397 46 494 209
chair 0.0037 421 103 458 153
chair 0.0028 159 219 335 374
chair 0.0025 422 109 482 210
chair 0.0024 341 81 473 239
chair 0.0022 363 112 447 195
chair 0.0018 8 104 90 271
chair 0.0016 -2 114 58 315
chair 0.0011 76 213 264 378
person 0.9674 93 76 229 356
person 0.8812 280 89 376 354
person 0.4211 185 82 320 356
person 0.2880 43 93 92 159
person 0.0360 44 89 84 134
person 0.0263 29 100 88 208
person 0.0136 226 72 361 319
person 0.0049 78 55 210 223
person 0.0043 134 182 302 363
person 0.0039 0 95 12 146
person 0.0025 209 174 289 257
person 0.0025 53 102 78 138
person 0.0024 31 101 74 141
person 0.0023 64 102 99 145
person 0.0021 223 188 265 230
person 0.0019 0 119 9 244
person 0.0017 294 97 365 218
person 0.0014 340 25 393 66
person 0.0014 243 16 330 81
person 0.0012 214 112 286 206
person 0.0011 81 101 98 119
person 0.0010 38 127 84 177
pottedplant 0.0305 353 103 391 147
pottedplant 0.0270 341 93 399 154
pottedplant 0.0243 287 9 445 135
pottedplant 0.0214 337 24 405 115
pottedplant 0.0097 369 34 430 114
pottedplant 0.0078 378 52 421 96
pottedplant 0.0046 371 51 434 152
pottedplant 0.0043 248 14 408 179
pottedplant 0.0030 327 15 405 79
pottedplant 0.0023 341 29 466 166
pottedplant 0.0022 349 46 396 95
pottedplant 0.0021 218 2 437 99
pottedplant 0.0017 290 90 372 172
pottedplant 0.0014 352 80 390 129
pottedplant 0.0012 385 77 423 124
pottedplant 0.0010 337 112 383 154
tvmonitor 0.0014 12 130 85 242
tvmonitor 0.0010 2 122 55 254
