chair 0.0055 0 363 41 506
chair 0.0020 -2 249 138 482
chair 0.0018 0 308 89 492
person 0.9652 254 161 361 487
person 0.9078 101 127 227 464
person 0.1282 279 449 383 499
person 0.0216 0 315 43 493
person 0.0080 0 255 86 481
person 0.0058 -3 180 48 480
person 0.0058 105 140 224 308
person 0.0049 0 263 41 404
person 0.0043 186 456 361 499
person 0.0038 332 167 371 488
person 0.0030 259 458 351 499
person 0.0026 330 454 378 500
person 0.0024 -1 172 139 487
person 0.0022 122 179 306 481
person 0.0020 121 204 200 293
person 0.0019 227 467 319 500
person 0.0014 0 329 39 387
person 0.0013 110 162 213 258
person 0.0011 362 440 373 501
person 0.0010 211 446 397 513
person 0.0010 345 243 374 487
