aeroplane 0.7673 -29 40 536 337
aeroplane 0.0028 -1 15 279 309
aeroplane 0.0017 147 109 493 370
boat 0.0056 462 261 500 358
boat 0.0048 465 287 501 332
bus 0.3950 319 297 489 376
bus 0.1214 381 307 483 370
bus 0.0464 303 311 428 374
bus 0.0170 404 319 470 356
bus 0.0090 370 320 446 355
bus 0.0013 392 277 480 343
bus 0.0012 229 291 428 371
bus 0.0011 406 294 468 325
bus 0.0011 421 307 483 345
car 0.5753 314 325 489 374
car 0.2510 267 332 320 369
car 0.1614 468 325 500 359
car 0.1338 456 338 498 369
car 0.0712 473 334 502 352
car 0.0624 410 352 494 375
car 0.0584 404 339 478 371
car 0.0568 278 315 373 369
car 0.0416 295 321 353 362
car 0.0408 252 316 326 368
car 0.0402 349 335 456 373
car 0.0324 480 331 499 372
car 0.0221 330 333 399 373
car 0.0221 460 333 482 349
car 0.0140 458 306 499 367
car 0.0139 303 329 334 375
car 0.0105 310 326 354 378
car 0.0065 460 340 489 356
car 0.0060 415 324 485 353
car 0.0057 203 328 281 374
car 0.0043 388 324 445 357
car 0.0033 224 315 274 362
car 0.0031 463 335 487 373
car 0.0022 448 363 488 375
car 0.0018 338 318 405 364
car 0.0018 463 350 506 378
car 0.0016 402 340 422 356
car 0.0016 436 342 465 355
car 0.0016 346 350 480 378
car 0.0015 284 331 310 350
car 0.0012 479 362 501 375
car 0.0011 427 362 480 374
chair 0.0405 16 293 80 373
chair 0.0261 215 337 270 371
chair 0.0202 193 340 246 374
chair 0.0098 149 338 203 373
chair 0.0047 25 309 73 360
chair 0.0035 203 348 268 377
chair 0.0030 96 344 167 376
chair 0.0020 211 359 238 374
chair 0.0019 23 336 77 373
chair 0.0015 75 331 187 377
chair 0.0015 163 354 238 377
chair 0.0011 223 357 248 373
person 0.1646 158 298 205 374
person 0.0414 300 333 349 371
person 0.0156 308 334 327 372
person 0.0147 175 310 197 365
person 0.0081 182 299 238 372
person 0.0076 309 353 333 374
person 0.0063 301 348 339 376
person 0.0063 359 328 382 345
person 0.0057 135 326 216 376
person 0.0051 186 309 205 365
person 0.0050 438 314 455 328
person 0.0049 403 333 428 351
person 0.0047 309 329 327 350
person 0.0045 161 242 177 287
person 0.0044 440 332 462 348
person 0.0041 419 331 444 350
person 0.0038 291 331 312 370
person 0.0034 484 316 499 336
person 0.0029 428 316 445 330
person 0.0029 27 62 77 91
person 0.0027 321 332 343 374
person 0.0022 264 315 283 333
person 0.0021 208 300 230 343
person 0.0019 405 317 421 332
person 0.0019 345 327 369 347
person 0.0017 178 229 199 280
person 0.0017 185 230 202 250
person 0.0016 7 290 54 374
person 0.0015 485 302 500 352
person 0.0015 30 72 69 86
person 0.0015 318 354 343 373
person 0.0014 197 293 236 335
person 0.0014 411 288 427 302
person 0.0014 157 226 206 317
person 0.0013 460 317 474 333
person 0.0012 166 242 198 293
person 0.0011 285 316 304 332
person 0.0010 357 340 385 362
person 0.0010 345 330 368 374
train 0.0314 0 90 505 400
train 0.0085 79 224 411 378
train 0.0025 57 187 293 369
