aeroplane 0.9731 -52 66 549 231
aeroplane 0.0939 -10 108 375 227
aeroplane 0.0290 139 89 488 234
aeroplane 0.0045 17 147 556 271
aeroplane 0.0035 5 151 56 176
aeroplane 0.0019 18 149 76 177
aeroplane 0.0018 -3 147 30 178
aeroplane 0.0012 280 85 508 202
aeroplane 0.0010 41 119 154 169
boat 0.0015 408 106 430 117
boat 0.0012 399 73 480 157
boat 0.0012 417 107 433 116
boat 0.0011 391 104 441 137
boat 0.0010 459 61 501 169
car 0.1042 1 168 19 177
car 0.0297 20 167 42 175
car 0.0172 32 167 53 176
car 0.0138 21 161 42 169
car 0.0091 440 173 464 180
car 0.0086 1 160 18 170
car 0.0053 32 160 57 167
car 0.0038 479 156 497 169
car 0.0026 -3 158 27 184
car 0.0026 478 164 499 177
car 0.0022 41 -3 537 193
car 0.0020 0 176 15 188
car 0.0019 484 206 500 222
car 0.0016 485 140 499 156
car 0.0014 456 171 483 179
car 0.0013 458 150 498 179
car 0.0012 21 157 70 184
person 0.0049 132 157 147 166
person 0.0045 63 206 79 222
person 0.0036 229 204 256 223
person 0.0033 446 195 462 207
person 0.0032 402 116 423 130
person 0.0027 53 169 70 177
person 0.0022 120 158 135 166
person 0.0017 65 212 79 225
person 0.0016 54 156 72 164
person 0.0016 245 203 266 221
person 0.0013 0 183 10 239
person 0.0011 77 155 94 163
person 0.0011 80 169 95 178
