bottle 0.3873 154 79 204 116
bottle 0.1741 166 75 223 111
bottle 0.0580 154 67 236 123
bottle 0.0337 6 312 42 430
bottle 0.0138 13 335 40 408
bottle 0.0069 67 215 80 275
bottle 0.0063 136 85 195 121
bottle 0.0049 0 319 12 397
bottle 0.0029 72 213 88 274
bottle 0.0027 177 87 239 122
bottle 0.0025 121 90 173 126
bottle 0.0021 138 71 191 109
bottle 0.0020 182 71 233 105
bottle 0.0018 0 354 12 473
bottle 0.0017 27 253 60 315
bottle 0.0016 64 224 82 262
bottle 0.0015 56 228 85 281
bottle 0.0015 95 65 190 131
bottle 0.0015 51 259 101 308
bottle 0.0013 17 347 34 431
bottle 0.0011 0 325 21 388
bottle 0.0011 19 232 64 342
bottle 0.0010 175 81 211 101
bottle 0.0010 177 47 227 87
bottle 0.0010 159 89 234 166
chair 0.0025 46 176 297 468
chair 0.0023 1 176 37 339
chair 0.0022 113 231 162 351
chair 0.0019 238 205 407 500
chair 0.0013 136 232 201 349
chair 0.0012 78 194 136 303
chair 0.0011 89 222 128 276
diningtable 0.1895 -4 253 157 483
diningtable 0.0346 7 238 270 500
diningtable 0.0040 9 313 73 424
diningtable 0.0025 41 246 112 334
diningtable 0.0019 -12 239 62 495
diningtable 0.0016 -15 362 353 506
diningtable 0.0013 -19 359 126 503
diningtable 0.0012 31 273 123 379
person 0.9236 212 60 383 512
person 0.3886 62 41 336 464
person 0.2643 14 103 135 317
person 0.0873 374 79 405 202
person 0.0630 -2 42 94 122
person 0.0359 377 90 403 153
person 0.0282 2 40 38 100
person 0.0219 19 79 260 361
person 0.0193 140 2 387 348
person 0.0171 284 75 405 497
person 0.0119 6 37 93 238
person 0.0094 386 100 402 185
person 0.0073 365 40 405 458
person 0.0066 2 54 49 368
person 0.0064 0 75 92 414
person 0.0062 381 90 403 122
person 0.0058 86 39 314 247
person 0.0047 364 87 401 129
person 0.0041 337 73 393 186
person 0.0039 2 43 73 96
person 0.0034 13 471 90 500
person 0.0030 380 93 403 319
person 0.0026 384 104 403 135
person 0.0025 -1 53 25 107
person 0.0023 0 351 31 511
person 0.0020 1 71 18 100
person 0.0019 0 42 13 101
person 0.0019 1 211 38 352
person 0.0018 379 121 402 210
person 0.0017 370 90 391 119
person 0.0014 -10 177 54 483
person 0.0014 389 106 403 255
person 0.0014 -7 465 115 503
person 0.0012 -19 456 170 497
person 0.0012 242 37 410 244
person 0.0011 0 49 17 84
person 0.0010 365 109 401 172
person 0.0010 40 56 94 110
person 0.0010 170 22 359 179
person 0.0010 346 99 384 160
sofa 0.0017 89 135 376 501
