chair 0.0039 -2 191 97 330
chair 0.0018 381 197 502 333
chair 0.0011 51 189 448 332
person 0.9360 119 43 454 343
person 0.1041 3 -19 417 303
person 0.0320 467 204 500 339
person 0.0179 248 21 466 272
person 0.0172 3 107 91 329
person 0.0168 0 39 60 349
person 0.0074 457 94 503 337
person 0.0037 470 138 499 298
person 0.0035 482 231 499 318
person 0.0030 375 35 503 351
person 0.0026 3 -13 103 295
person 0.0019 482 267 500 330
person 0.0013 486 141 499 306
person 0.0011 304 92 485 334
person 0.0010 1 92 43 239
