bottle 0.0027 262 149 281 170
car 0.0051 164 257 314 284
car 0.0043 171 259 256 283
car 0.0021 76 54 125 91
car 0.0014 61 38 138 104
car 0.0010 87 14 183 79
diningtable 0.0010 9 335 415 387
person 0.0475 261 153 280 177
person 0.0284 231 157 280 239
person 0.0236 258 152 297 240
person 0.0200 262 151 281 214
person 0.0127 256 153 274 214
person 0.0118 238 165 273 220
person 0.0047 262 146 297 185
person 0.0045 166 98 185 129
person 0.0039 324 102 340 125
person 0.0026 287 155 303 179
person 0.0025 284 169 304 230
person 0.0016 258 149 275 169
person 0.0014 238 145 273 184
person 0.0012 472 109 499 273
person 0.0011 160 98 178 131
pottedplant 0.5902 360 239 397 277
pottedplant 0.1837 106 239 146 279
pottedplant 0.1554 219 181 278 245
pottedplant 0.1077 375 233 410 278
pottedplant 0.0904 381 253 423 287
pottedplant 0.0833 103 252 150 286
pottedplant 0.0598 351 250 391 285
pottedplant 0.0557 266 193 302 235
pottedplant 0.0482 15 112 72 196
pottedplant 0.0372 386 269 440 301
pottedplant 0.0371 78 257 122 288
pottedplant 0.0314 259 181 306 250
pottedplant 0.0229 193 198 242 233
pottedplant 0.0226 411 258 452 293
pottedplant 0.0224 330 238 387 279
pottedplant 0.0182 208 207 270 241
pottedplant 0.0176 141 234 195 271
pottedplant 0.0157 181 184 255 248
pottedplant 0.0152 308 231 349 273
pottedplant 0.0137 132 220 205 280
pottedplant 0.0123 87 234 122 278
pottedplant 0.0120 301 215 358 283
pottedplant 0.0107 372 243 430 296
pottedplant 0.0104 383 239 400 274
pottedplant 0.0102 95 243 159 295
pottedplant 0.0088 305 254 369 284
pottedplant 0.0083 6 101 54 213
pottedplant 0.0083 24 130 68 180
pottedplant 0.0080 245 167 279 230
pottedplant 0.0076 149 201 195 238
pottedplant 0.0076 390 236 429 280
pottedplant 0.0063 362 265 427 304
pottedplant 0.0059 411 237 448 280
pottedplant 0.0054 262 165 290 233
pottedplant 0.0054 139 256 200 285
pottedplant 0.0051 78 221 127 287
pottedplant 0.0050 217 176 263 223
pottedplant 0.0049 301 201 343 241
pottedplant 0.0049 74 265 139 301
pottedplant 0.0049 403 242 461 307
pottedplant 0.0047 384 232 400 254
pottedplant 0.0047 351 205 389 248
pottedplant 0.0041 278 174 310 225
pottedplant 0.0040 140 184 207 258
pottedplant 0.0040 422 272 446 293
pottedplant 0.0039 408 213 457 293
pottedplant 0.0036 194 177 246 221
pottedplant 0.0034 345 187 393 273
pottedplant 0.0034 255 208 318 285
pottedplant 0.0033 273 204 310 241
pottedplant 0.0033 429 254 469 293
pottedplant 0.0033 427 270 472 298
pottedplant 0.0031 294 187 351 264
pottedplant 0.0030 423 261 444 284
pottedplant 0.0030 282 189 302 238
pottedplant 0.0030 68 245 127 299
pottedplant 0.0029 264 229 310 271
pottedplant 0.0027 41 260 84 295
pottedplant 0.0027 141 255 264 284
pottedplant 0.0027 8 57 98 323
pottedplant 0.0027 112 240 133 276
pottedplant 0.0026 118 202 154 244
pottedplant 0.0025 165 213 257 284
pottedplant 0.0023 399 270 429 297
pottedplant 0.0023 103 266 181 303
pottedplant 0.0023 118 224 164 267
pottedplant 0.0022 403 257 421 279
pottedplant 0.0022 268 195 287 232
pottedplant 0.0022 367 231 386 252
pottedplant 0.0021 210 208 286 285
pottedplant 0.0018 334 219 378 271
pottedplant 0.0018 288 239 348 279
pottedplant 0.0018 59 268 113 301
pottedplant 0.0017 349 196 392 229
pottedplant 0.0017 487 185 500 297
pottedplant 0.0017 351 180 394 219
pottedplant 0.0016 305 266 368 303
pottedplant 0.0016 413 220 449 268
pottedplant 0.0016 112 183 161 267
pottedplant 0.0015 439 276 463 295
pottedplant 0.0015 115 235 130 252
pottedplant 0.0015 99 253 120 279
pottedplant 0.0015 181 234 240 271
pottedplant 0.0014 137 200 160 218
pottedplant 0.0014 103 241 121 273
pottedplant 0.0014 163 160 331 277
pottedplant 0.0013 66 238 111 280
pottedplant 0.0012 423 245 442 267
pottedplant 0.0012 346 199 369 217
pottedplant 0.0012 121 244 216 296
pottedplant 0.0012 222 231 273 271
pottedplant 0.0012 296 242 367 296
pottedplant 0.0012 176 207 230 244
pottedplant 0.0011 147 190 166 210
pottedplant 0.0011 225 215 255 237
pottedplant 0.0011 27 199 88 297
pottedplant 0.0011 9 133 49 185
pottedplant 0.0011 455 278 476 296
pottedplant 0.0011 449 268 486 301
pottedplant 0.0011 111 254 130 278
pottedplant 0.0010 382 203 417 251
pottedplant 0.0010 177 178 229 218
pottedplant 0.0010 231 174 250 224
pottedplant 0.0010 323 259 350 276
pottedplant 0.0010 247 254 344 285
pottedplant 0.0010 451 253 489 293
pottedplant 0.0010 196 168 243 205
train 0.0012 82 336 495 387
