car 0.5916 253 79 390 138
car 0.0885 219 54 425 151
car 0.0596 260 84 319 128
car 0.0575 281 84 364 126
car 0.0546 253 89 339 146
car 0.0353 423 59 472 89
car 0.0179 411 43 490 96
car 0.0094 285 97 361 141
car 0.0067 308 75 412 135
car 0.0067 337 86 384 124
car 0.0041 132 49 461 199
car 0.0040 435 49 498 87
car 0.0038 351 93 389 127
car 0.0023 235 4 488 142
car 0.0021 438 34 501 104
car 0.0020 260 77 331 113
car 0.0020 297 78 372 111
car 0.0010 337 103 388 139
diningtable 0.0108 -9 22 352 411
person 0.9030 324 242 380 375
person 0.0142 282 233 397 376
person 0.0059 -14 23 357 242
person 0.0015 335 265 376 338
person 0.0012 161 29 493 405
sofa 0.0707 -8 0 353 322
tvmonitor 0.0035 402 4 492 76
