bicycle 0.0254 5 348 86 445
bicycle 0.0011 114 337 448 434
bottle 0.0052 7 368 49 431
bottle 0.0012 483 339 499 367
bottle 0.0012 486 307 500 392
chair 0.0081 182 141 232 244
chair 0.0023 109 255 397 440
chair 0.0020 91 192 156 313
chair 0.0017 170 167 242 263
chair 0.0017 137 170 201 273
motorbike 0.0605 3 354 59 445
motorbike 0.0014 -14 325 78 454
person 0.9426 100 137 393 438
person 0.3106 220 166 421 426
person 0.0241 292 179 374 255
person 0.0089 13 113 47 180
person 0.0040 0 374 59 449
person 0.0037 306 189 359 243
person 0.0021 0 98 15 194
person 0.0016 140 129 361 326
person 0.0012 51 127 202 388
pottedplant 0.2378 0 123 98 392
pottedplant 0.0304 17 158 85 281
pottedplant 0.0239 -4 76 54 366
pottedplant 0.0192 6 102 46 212
pottedplant 0.0160 78 195 131 319
pottedplant 0.0134 -5 189 64 445
pottedplant 0.0124 18 58 164 322
pottedplant 0.0121 -2 177 40 333
pottedplant 0.0098 105 170 166 272
pottedplant 0.0063 9 123 42 184
pottedplant 0.0061 0 262 98 446
pottedplant 0.0060 -16 5 112 164
pottedplant 0.0059 35 179 149 405
pottedplant 0.0051 -7 18 104 292
pottedplant 0.0049 61 35 197 280
pottedplant 0.0046 106 88 148 122
pottedplant 0.0040 12 208 84 363
pottedplant 0.0035 29 152 71 206
pottedplant 0.0030 14 104 76 214
pottedplant 0.0024 -1 -1 94 98
pottedplant 0.0019 0 110 16 214
pottedplant 0.0016 18 -9 166 123
pottedplant 0.0015 59 131 127 252
pottedplant 0.0015 92 39 153 135
pottedplant 0.0014 30 128 69 193
pottedplant 0.0011 35 190 79 248
pottedplant 0.0011 102 83 161 227
pottedplant 0.0011 5 152 35 216
pottedplant 0.0010 43 346 135 443
sofa 0.0046 127 258 440 436
tvmonitor 0.0018 483 348 499 378
