bottle 0.0012 291 262 310 304
car 0.9382 97 149 185 358
car 0.5955 297 161 411 355
car 0.2671 66 144 277 312
car 0.2148 305 187 505 362
car 0.0995 160 153 245 326
car 0.0790 24 161 190 335
car 0.0258 37 182 63 196
car 0.0134 7 180 125 297
car 0.0057 76 164 199 216
car 0.0047 369 165 496 278
car 0.0028 187 153 252 182
car 0.0026 75 172 126 208
car 0.0025 135 161 221 275
car 0.0025 100 170 169 206
car 0.0024 91 168 185 269
car 0.0012 434 182 502 364
car 0.0011 0 221 10 282
person 0.9726 296 169 414 370
person 0.9559 101 160 174 367
person 0.6688 252 170 296 319
person 0.1873 150 163 208 331
person 0.0172 181 161 237 321
person 0.0098 230 1 250 15
person 0.0056 250 181 318 352
person 0.0053 269 165 294 188
person 0.0046 298 159 333 198
person 0.0028 179 205 219 324
person 0.0020 283 171 303 194
person 0.0020 307 164 356 203
person 0.0016 192 14 212 28
person 0.0011 294 159 374 215
