bicycle 0.0011 357 46 445 114
bottle 0.1105 399 275 413 318
bottle 0.0687 428 186 448 235
bottle 0.0337 381 272 400 317
bottle 0.0282 371 186 390 230
bottle 0.0257 399 183 420 234
bottle 0.0223 350 185 366 229
bottle 0.0144 353 182 386 233
bottle 0.0139 376 177 429 235
bottle 0.0132 440 186 457 233
bottle 0.0131 425 172 462 248
bottle 0.0097 395 273 423 317
bottle 0.0055 347 180 364 215
bottle 0.0050 383 184 401 231
bottle 0.0031 432 166 463 219
bottle 0.0025 420 261 440 305
bottle 0.0023 400 261 414 307
bottle 0.0020 377 74 395 108
bottle 0.0019 387 288 400 318
bottle 0.0016 339 153 398 231
bottle 0.0013 363 177 395 218
bottle 0.0013 347 170 388 218
bottle 0.0012 456 186 475 231
bottle 0.0011 381 247 398 287
bottle 0.0010 367 154 388 172
bottle 0.0010 371 60 391 103
person 0.9116 250 115 385 371
person 0.8310 118 114 251 368
person 0.5557 447 168 498 372
person 0.0417 181 44 227 91
person 0.0262 150 114 348 374
person 0.0179 282 101 357 202
person 0.0158 447 152 497 280
person 0.0136 445 68 504 312
person 0.0077 405 169 493 373
person 0.0054 269 50 302 95
person 0.0053 256 98 334 172
person 0.0035 146 49 268 218
person 0.0027 487 182 499 378
person 0.0024 391 107 507 330
person 0.0024 196 54 237 94
person 0.0020 188 50 216 86
person 0.0017 224 63 370 209
person 0.0014 1 13 105 310
person 0.0014 460 110 496 207
person 0.0014 176 82 240 183
person 0.0013 263 108 315 153
person 0.0010 299 108 346 158
person 0.0010 211 59 231 90
person 0.0010 230 91 280 177
pottedplant 0.0049 30 198 91 291
pottedplant 0.0018 6 95 104 340
pottedplant 0.0012 40 219 82 269
pottedplant 0.0010 43 194 81 245
