bottle 0.0964 331 276 346 328
bottle 0.0287 325 282 351 338
bottle 0.0076 318 275 358 366
bottle 0.0050 314 261 357 328
bottle 0.0049 85 209 101 228
bottle 0.0042 287 272 336 310
bottle 0.0028 274 267 290 290
bottle 0.0023 366 267 374 404
bottle 0.0021 327 296 345 334
bottle 0.0017 246 360 264 387
bottle 0.0015 85 196 101 218
bottle 0.0014 211 241 235 264
bottle 0.0013 336 267 373 386
bottle 0.0011 100 214 119 232
bottle 0.0011 254 361 269 387
bottle 0.0011 331 272 350 294
car 0.0107 214 463 260 488
car 0.0044 220 462 254 480
car 0.0026 207 468 267 499
chair 0.6840 51 291 158 462
chair 0.3487 40 233 94 345
chair 0.2296 50 258 268 462
chair 0.1239 15 241 78 344
chair 0.0487 -1 228 37 350
chair 0.0245 86 308 159 428
chair 0.0169 59 281 137 383
chair 0.0120 50 259 87 325
chair 0.0105 26 260 63 328
chair 0.0100 31 321 346 484
chair 0.0097 21 267 131 478
chair 0.0095 47 284 85 344
chair 0.0079 1 254 32 326
chair 0.0072 337 402 376 499
chair 0.0062 38 258 96 303
chair 0.0056 54 239 137 330
chair 0.0055 0 221 33 271
chair 0.0039 28 286 65 343
chair 0.0035 75 221 122 260
chair 0.0032 73 262 120 306
chair 0.0022 273 366 385 501
chair 0.0021 107 201 213 287
chair 0.0020 0 194 36 237
chair 0.0020 264 335 347 408
chair 0.0020 18 189 81 315
chair 0.0019 112 156 154 195
chair 0.0018 -1 229 95 421
chair 0.0015 89 281 164 378
chair 0.0014 117 372 158 424
chair 0.0014 55 300 98 362
chair 0.0013 -2 243 23 316
chair 0.0013 0 244 11 348
chair 0.0013 79 293 132 338
chair 0.0013 109 187 153 234
chair 0.0012 92 333 148 376
chair 0.0012 0 304 87 496
chair 0.0011 338 320 374 493
chair 0.0011 -3 215 47 255
chair 0.0011 152 178 232 261
chair 0.0011 32 306 72 355
chair 0.0011 36 234 92 285
chair 0.0010 18 249 52 314
chair 0.0010 47 293 105 427
diningtable 0.0078 284 265 379 477
diningtable 0.0022 82 199 176 292
diningtable 0.0012 298 319 369 411
diningtable 0.0010 158 281 389 460
diningtable 0.0010 57 201 133 287
person 0.8462 37 163 107 338
person 0.7520 78 193 246 444
person 0.1359 104 178 274 325
person 0.0099 60 186 208 330
person 0.0077 137 150 288 291
person 0.0053 26 169 162 340
person 0.0037 51 174 138 259
person 0.0032 54 162 92 207
person 0.0031 52 176 95 238
person 0.0025 142 204 235 281
person 0.0018 13 168 85 258
person 0.0015 327 252 380 482
person 0.0014 163 179 323 316
person 0.0010 341 443 374 497
tvmonitor 0.0588 235 177 301 267
tvmonitor 0.0212 288 176 376 310
tvmonitor 0.0091 265 173 341 272
tvmonitor 0.0054 340 173 372 313
tvmonitor 0.0039 239 163 374 278
tvmonitor 0.0037 172 175 250 263
tvmonitor 0.0037 -7 1 85 201
tvmonitor 0.0027 235 182 273 249
tvmonitor 0.0012 245 184 290 247
tvmonitor 0.0012 177 166 318 277
