person 0.9579 64 42 224 421
person 0.5298 183 56 332 401
person 0.4512 310 119 472 395
person 0.0353 214 75 446 391
person 0.0114 -4 -25 46 360
person 0.0093 383 68 502 394
person 0.0085 194 33 321 256
person 0.0078 10 -1 194 348
person 0.0051 315 65 484 283
person 0.0049 99 7 326 341
person 0.0046 444 134 504 389
person 0.0038 31 115 176 393
person 0.0022 0 -1 104 341
person 0.0014 458 212 495 370
person 0.0013 454 168 497 292
person 0.0011 221 73 291 200
person 0.0010 439 45 501 291
person 0.0010 404 0 492 85
pottedplant 0.0123 0 249 45 392
pottedplant 0.0068 457 248 497 399
pottedplant 0.0037 19 141 77 257
pottedplant 0.0021 2 45 98 356
pottedplant 0.0016 201 307 309 396
pottedplant 0.0011 -4 177 53 402
pottedplant 0.0010 24 231 68 275
pottedplant 0.0010 181 245 331 389
tvmonitor 0.0078 411 65 462 96
tvmonitor 0.0046 401 63 498 94
tvmonitor 0.0039 412 45 486 107
tvmonitor 0.0023 441 59 503 88
