boat 0.0044 405 200 482 228
boat 0.0034 396 186 490 242
boat 0.0030 397 162 493 224
boat 0.0020 377 111 497 271
boat 0.0016 409 180 481 208
boat 0.0015 287 118 509 308
car 0.0034 452 144 499 178
car 0.0032 444 131 501 196
car 0.0020 304 62 505 278
car 0.0019 399 129 498 200
car 0.0016 382 93 500 242
chair 0.0290 6 90 113 246
chair 0.0261 110 58 248 263
chair 0.0068 58 71 197 256
chair 0.0033 90 151 167 226
chair 0.0017 12 117 93 218
chair 0.0012 149 105 209 225
horse 0.3140 134 15 223 257
horse 0.0577 41 57 169 230
horse 0.0307 131 94 445 331
horse 0.0224 109 47 311 276
horse 0.0099 0 59 118 233
horse 0.0043 263 62 458 282
horse 0.0019 20 90 94 195
horse 0.0017 58 90 148 190
person 0.8980 143 -1 219 237
person 0.2186 267 75 458 316
person 0.0078 153 41 206 185
person 0.0036 149 11 206 119
person 0.0017 176 59 239 171
person 0.0016 234 91 286 122
person 0.0015 214 91 264 125
person 0.0012 50 210 136 274
person 0.0010 294 89 315 106
