bicycle 0.0026 299 38 410 225
bicycle 0.0014 316 69 393 199
car 0.0012 2 25 41 72
chair 0.0035 458 156 501 311
chair 0.0022 460 64 500 268
chair 0.0010 8 296 119 463
motorbike 0.6907 160 210 416 421
motorbike 0.0013 100 280 479 460
person 0.0085 352 323 392 387
person 0.0046 335 304 389 397
person 0.0042 53 234 384 443
person 0.0039 215 212 286 400
person 0.0018 450 25 502 303
person 0.0016 338 350 387 399
person 0.0013 326 336 397 408
pottedplant 0.0047 288 75 418 244
pottedplant 0.0033 311 106 392 211
tvmonitor 0.0026 0 220 37 336
tvmonitor 0.0016 1 243 35 302
