aeroplane 0.0015 60 68 288 262
chair 0.0042 236 206 494 340
person 0.6944 250 101 387 328
person 0.3633 206 52 377 186
person 0.0400 308 122 496 323
person 0.0255 154 69 279 256
person 0.0115 175 61 323 216
person 0.0092 105 303 159 336
person 0.0073 164 70 343 323
person 0.0069 180 107 240 215
person 0.0027 266 98 370 182
person 0.0020 264 79 454 253
person 0.0012 372 205 501 332
person 0.0011 275 328 316 336
person 0.0011 238 54 322 125
person 0.0010 282 158 357 228
tvmonitor 0.0016 -7 54 119 279
tvmonitor 0.0010 6 165 100 223
