bicycle 0.7128 -15 14 515 421
bicycle 0.0581 -1 162 496 377
bicycle 0.0062 402 335 494 375
motorbike 0.0246 -13 -2 510 334
motorbike 0.0126 213 21 510 410
person 0.1934 -7 21 436 355
person 0.0070 7 225 332 367
person 0.0063 -2 109 283 370
person 0.0028 344 226 465 371
person 0.0024 371 8 497 368
person 0.0024 358 362 389 374
person 0.0023 368 245 440 362
person 0.0022 169 0 230 35
person 0.0022 330 348 404 374
person 0.0017 328 336 483 375
person 0.0013 344 366 376 375
person 0.0012 360 346 449 374
person 0.0012 372 365 409 375
person 0.0011 193 0 285 34
person 0.0010 144 -1 269 39
person 0.0010 416 338 485 375
person 0.0010 241 0 314 33
