bus 0.0013 -5 105 193 281
car 0.8547 296 179 447 301
car 0.8340 257 180 320 272
car 0.3718 -3 212 73 323
car 0.2225 179 197 263 276
car 0.1910 182 180 311 270
car 0.1614 53 209 143 283
car 0.0665 143 239 190 267
car 0.0627 205 204 291 272
car 0.0574 323 160 382 180
car 0.0514 313 186 420 257
car 0.0352 59 206 133 232
car 0.0323 30 192 162 299
car 0.0253 265 211 311 268
car 0.0233 47 198 145 247
car 0.0183 94 221 176 276
car 0.0175 134 217 195 274
car 0.0150 374 154 437 177
car 0.0132 113 230 165 271
car 0.0127 258 236 310 269
car 0.0104 7 254 87 321
car 0.0098 104 238 149 270
car 0.0098 264 194 315 249
car 0.0073 253 171 402 274
car 0.0064 308 173 360 202
car 0.0063 -2 141 116 299
car 0.0061 113 203 159 230
car 0.0059 266 180 318 211
car 0.0059 257 170 328 230
car 0.0051 70 222 128 268
car 0.0049 331 174 387 204
car 0.0046 278 186 370 255
car 0.0043 307 150 397 186
car 0.0041 150 206 173 219
car 0.0041 61 227 128 296
car 0.0040 193 191 240 231
car 0.0039 313 166 404 220
car 0.0039 222 220 277 265
car 0.0032 189 216 248 265
car 0.0028 107 244 162 278
car 0.0028 274 245 310 274
car 0.0023 53 251 82 300
car 0.0022 291 165 375 216
car 0.0022 156 248 204 270
car 0.0022 3 209 52 246
car 0.0020 148 242 179 261
car 0.0019 146 226 185 256
car 0.0018 101 210 148 233
car 0.0017 4 193 110 254
car 0.0017 81 242 131 279
car 0.0017 336 200 395 232
car 0.0016 223 201 278 242
car 0.0016 350 162 460 222
car 0.0016 374 174 435 206
car 0.0015 109 241 135 258
car 0.0015 110 205 141 220
car 0.0013 135 239 154 261
car 0.0012 27 206 92 236
car 0.0011 358 148 456 187
car 0.0011 -5 189 64 261
car 0.0010 254 178 268 191
car 0.0010 112 236 135 271
car 0.0010 302 200 349 235
cow 0.0010 274 115 391 174
person 0.0063 344 191 403 231
person 0.0053 284 166 300 185
person 0.0032 58 251 79 300
person 0.0027 487 159 500 239
person 0.0021 208 191 236 213
person 0.0019 0 82 50 149
person 0.0019 365 189 387 234
person 0.0018 0 142 15 205
person 0.0017 472 0 501 43
person 0.0016 208 193 233 231
person 0.0016 206 199 234 218
person 0.0016 485 164 498 284
person 0.0015 339 202 368 221
person 0.0014 285 176 306 190
person 0.0014 199 187 238 219
person 0.0012 362 201 388 221
person 0.0012 339 204 404 241
person 0.0011 4 96 48 132
person 0.0011 0 98 13 169
person 0.0011 268 176 286 189
person 0.0011 481 6 499 51
person 0.0011 274 168 290 186
person 0.0011 -2 121 41 219
person 0.0010 353 291 398 335
pottedplant 0.0154 459 18 498 119
pottedplant 0.0056 327 102 378 123
pottedplant 0.0035 406 302 470 334
pottedplant 0.0031 445 11 501 168
pottedplant 0.0025 384 14 501 169
pottedplant 0.0023 464 44 498 89
pottedplant 0.0023 388 294 484 337
pottedplant 0.0019 407 28 478 107
pottedplant 0.0019 376 298 432 334
pottedplant 0.0017 337 106 371 120
pottedplant 0.0013 467 12 498 55
pottedplant 0.0012 464 0 499 80
pottedplant 0.0010 331 105 389 131
pottedplant 0.0010 465 62 498 109
train 0.0014 368 155 507 323
