bottle 0.0034 27 365 55 409
bottle 0.0016 23 371 38 406
bottle 0.0010 245 142 309 184
car 0.0039 171 254 204 303
car 0.0010 172 231 211 279
chair 0.0012 24 367 56 413
motorbike 0.0021 5 170 275 471
person 0.9653 31 56 201 439
person 0.3975 8 79 316 485
person 0.0177 270 141 308 184
person 0.0055 101 31 324 392
person 0.0025 50 68 276 302
person 0.0021 8 271 22 316
person 0.0020 -6 85 75 419
person 0.0014 205 182 238 234
person 0.0014 196 166 246 252
person 0.0014 278 143 297 184
person 0.0013 201 210 327 456
person 0.0013 0 183 8 298
person 0.0012 291 143 308 182
person 0.0011 0 263 29 314
person 0.0011 29 68 164 298
pottedplant 0.0623 277 406 318 500
pottedplant 0.0097 293 399 330 498
pottedplant 0.0054 236 401 303 495
pottedplant 0.0013 250 419 291 475
sofa 0.0048 9 397 214 498
