bottle 0.0023 60 203 130 294
bottle 0.0015 468 225 484 244
bottle 0.0012 385 256 405 281
bus 0.0166 -13 30 439 290
bus 0.0015 15 176 182 317
car 0.0013 55 230 129 304
chair 0.0041 0 212 50 327
chair 0.0036 457 232 496 372
chair 0.0018 415 287 482 374
chair 0.0010 351 249 392 287
person 0.7910 407 188 489 374
person 0.7734 283 201 376 370
person 0.0136 408 198 483 296
person 0.0041 462 208 499 335
person 0.0040 460 136 496 172
person 0.0033 290 202 367 298
person 0.0023 341 193 482 371
person 0.0022 213 212 387 376
person 0.0015 486 180 500 269
person 0.0014 143 195 200 296
person 0.0013 262 134 300 168
person 0.0012 412 188 482 253
person 0.0012 420 195 470 237
person 0.0011 151 193 194 233
person 0.0010 145 184 200 250
tvmonitor 0.0043 481 206 500 274
tvmonitor 0.0027 472 218 499 260
tvmonitor 0.0022 479 226 499 248
