chair 0.0029 396 300 490 370
motorbike 0.0087 83 100 201 342
person 0.8851 349 178 384 271
person 0.8298 388 166 426 270
person 0.4960 436 177 476 261
person 0.0788 448 186 480 244
person 0.0748 364 184 386 260
person 0.0420 348 189 367 253
person 0.0307 445 191 469 255
person 0.0227 399 173 421 247
person 0.0153 359 183 381 241
person 0.0104 115 71 177 184
person 0.0086 89 53 196 214
person 0.0062 171 228 190 274
person 0.0059 327 186 343 209
person 0.0057 367 204 390 269
person 0.0044 391 169 424 223
person 0.0044 377 211 395 265
person 0.0038 326 195 342 213
person 0.0038 306 185 322 208
person 0.0033 395 209 425 260
person 0.0032 379 177 400 243
person 0.0032 327 187 344 231
person 0.0029 444 190 469 221
person 0.0024 75 57 205 328
person 0.0023 301 170 350 265
person 0.0022 309 183 325 234
person 0.0021 408 53 497 261
person 0.0015 311 187 343 243
person 0.0013 311 194 326 214
person 0.0011 358 148 450 288
person 0.0011 78 22 252 194
person 0.0010 386 172 404 220
person 0.0010 385 176 415 242
pottedplant 0.0478 458 218 497 331
pottedplant 0.0197 447 197 489 286
pottedplant 0.0177 424 150 484 241
pottedplant 0.0082 454 283 498 376
pottedplant 0.0048 428 171 476 219
pottedplant 0.0043 454 216 487 267
pottedplant 0.0042 464 245 497 301
pottedplant 0.0029 448 228 504 370
pottedplant 0.0022 449 171 484 220
pottedplant 0.0021 468 223 502 279
pottedplant 0.0018 483 209 499 294
pottedplant 0.0018 437 210 467 265
pottedplant 0.0015 466 274 498 331
pottedplant 0.0014 421 200 438 219
pottedplant 0.0013 460 306 495 360
pottedplant 0.0011 434 158 478 204
train 0.7362 87 115 412 314
train 0.0544 88 149 192 345
train 0.0152 92 92 254 340
train 0.0073 25 164 401 370
train 0.0038 137 59 510 273
train 0.0015 301 149 429 295
train 0.0012 207 136 443 340
tvmonitor 0.0122 161 162 210 198
tvmonitor 0.0064 168 146 240 222
tvmonitor 0.0061 178 161 240 273
tvmonitor 0.0030 148 149 217 217
tvmonitor 0.0019 180 159 230 200
tvmonitor 0.0011 183 212 217 263
