bottle 0.0029 406 154 422 202
bottle 0.0021 399 157 433 199
bottle 0.0012 404 166 425 190
car 0.0203 396 120 475 205
car 0.0084 410 162 472 200
car 0.0079 57 0 444 89
car 0.0061 412 176 455 208
car 0.0047 376 86 498 282
car 0.0037 427 173 470 209
car 0.0035 407 147 456 189
car 0.0018 123 5 518 141
chair 0.0013 375 220 501 367
chair 0.0010 455 282 501 376
person 0.8396 115 47 463 386
person 0.0697 5 39 346 390
person 0.0385 232 60 486 315
person 0.0214 386 113 449 204
person 0.0129 1 22 195 349
person 0.0061 386 64 491 247
person 0.0038 407 82 484 181
person 0.0036 -14 164 438 367
person 0.0033 317 125 502 373
person 0.0028 395 129 437 183
person 0.0027 -1 26 45 405
person 0.0024 390 111 431 157
person 0.0016 367 188 502 357
person 0.0010 447 69 494 191
person 0.0010 3 231 341 360
tvmonitor 0.0039 0 51 29 206
tvmonitor 0.0015 0 4 33 142
tvmonitor 0.0014 0 16 11 115
tvmonitor 0.0010 0 61 10 185
