bottle 0.1538 326 207 377 371
bottle 0.0062 347 284 374 431
bottle 0.0059 362 316 374 391
bottle 0.0017 309 245 370 392
bottle 0.0017 352 321 375 394
bottle 0.0014 344 285 373 365
chair 0.0073 34 242 391 481
chair 0.0051 299 218 377 421
diningtable 0.0360 18 320 410 481
diningtable 0.0025 -10 372 219 499
person 0.9488 59 68 314 502
person 0.0125 -2 150 22 357
person 0.0073 9 235 360 481
person 0.0060 0 172 208 478
person 0.0059 0 20 33 399
person 0.0047 111 49 362 391
person 0.0039 290 78 375 343
person 0.0026 324 145 380 369
person 0.0024 -1 19 84 401
person 0.0021 29 54 239 380
person 0.0020 -1 155 31 487
person 0.0017 -1 223 23 423
person 0.0014 0 74 26 272
person 0.0010 0 34 6 256
