bicycle 0.0017 307 188 369 325
bicycle 0.0010 286 138 385 382
bottle 0.0017 316 190 338 221
bus 0.0015 342 25 459 320
chair 0.0017 407 115 456 229
horse 0.2317 97 114 278 465
horse 0.0033 58 75 204 422
horse 0.0018 87 244 242 474
person 0.9111 91 58 223 355
person 0.7217 214 145 318 440
person 0.0048 121 103 193 242
person 0.0028 98 109 158 299
person 0.0022 247 156 300 257
person 0.0021 97 61 160 206
person 0.0019 80 38 186 256
person 0.0014 197 222 266 358
person 0.0013 111 77 201 192
person 0.0012 237 161 302 335
person 0.0011 253 170 301 224
person 0.0010 153 135 224 284
pottedplant 0.1586 311 219 370 359
pottedplant 0.0410 297 189 379 394
pottedplant 0.0098 320 292 367 360
pottedplant 0.0017 317 251 362 325
