bus 0.7404 35 12 396 493
bus 0.0980 51 149 270 495
bus 0.0058 47 375 75 414
bus 0.0052 62 379 89 421
bus 0.0034 25 378 72 416
bus 0.0034 41 290 330 497
bus 0.0031 171 44 373 533
bus 0.0027 53 370 67 417
bus 0.0016 -3 278 22 462
bus 0.0011 -7 -45 214 468
bus 0.0010 69 384 84 404
car 0.4770 15 382 55 417
car 0.0349 51 389 67 410
car 0.0190 9 402 36 418
car 0.0164 52 398 67 414
car 0.0153 21 402 48 418
car 0.0141 4 378 34 430
car 0.0074 2 345 35 466
car 0.0071 288 85 373 496
car 0.0049 41 399 59 413
car 0.0045 220 21 384 485
car 0.0043 306 408 373 499
car 0.0037 41 388 59 410
car 0.0033 11 387 30 413
car 0.0010 332 421 369 483
person 0.0133 300 438 374 497
person 0.0096 0 -50 264 468
person 0.0069 332 448 370 492
person 0.0020 0 7 37 484
person 0.0016 0 6 93 489
tvmonitor 0.0181 291 26 379 395
tvmonitor 0.0019 304 152 375 268
