boat 0.0137 81 326 496 385
boat 0.0053 99 273 481 380
boat 0.0021 145 337 433 376
bus 0.0030 93 -7 490 270
car 0.0015 335 206 373 240
car 0.0013 324 207 360 238
car 0.0011 485 197 500 255
chair 0.0236 31 230 140 372
chair 0.0162 49 292 119 376
chair 0.0036 50 223 222 372
chair 0.0032 390 315 426 357
chair 0.0014 -1 283 41 377
chair 0.0013 50 231 121 320
chair 0.0013 4 274 122 370
motorbike 0.0040 421 338 481 371
motorbike 0.0012 415 351 490 374
person 0.7558 99 136 267 369
person 0.6930 233 135 408 366
person 0.1646 419 293 488 375
person 0.0744 125 116 368 381
person 0.0038 485 284 499 365
person 0.0026 114 93 304 297
person 0.0025 302 5 353 34
person 0.0019 0 -22 45 285
person 0.0019 486 208 500 264
person 0.0019 340 2 391 35
person 0.0018 489 201 501 298
person 0.0015 164 54 421 327
person 0.0015 320 12 347 36
person 0.0013 459 217 502 335
person 0.0013 404 228 494 370
person 0.0011 481 125 500 207
person 0.0010 0 47 11 140
person 0.0010 485 224 500 340
tvmonitor 0.0012 441 91 470 107
