car 0.4324 63 62 113 77
car 0.3672 13 53 292 181
car 0.2179 159 51 272 182
car 0.0280 5 60 33 74
car 0.0181 108 38 238 143
car 0.0063 0 65 13 74
car 0.0056 135 64 209 105
car 0.0036 320 59 359 77
car 0.0034 17 62 54 78
car 0.0033 119 77 313 193
car 0.0029 0 68 13 78
car 0.0023 28 68 65 80
car 0.0022 56 123 368 207
car 0.0022 0 55 9 81
car 0.0020 123 70 141 78
car 0.0018 24 65 40 73
car 0.0017 0 59 20 77
car 0.0016 1 51 36 88
car 0.0015 14 59 29 76
car 0.0014 3 66 34 80
car 0.0014 272 34 360 174
car 0.0013 73 64 106 74
car 0.0013 57 65 72 74
car 0.0011 327 48 359 92
car 0.0011 352 54 360 95
car 0.0010 293 94 345 142
car 0.0010 116 68 146 81
horse 0.0157 182 87 289 182
person 0.9765 199 34 253 171
person 0.0119 179 25 252 127
person 0.0063 193 44 234 127
person 0.0031 295 1 355 47
person 0.0021 4 110 91 193
person 0.0011 205 35 251 108
person 0.0010 11 111 80 161
