bottle 0.7412 111 28 221 189
bottle 0.4926 89 36 242 287
bottle 0.0577 125 30 213 118
bottle 0.0109 104 50 178 150
bottle 0.0071 107 -11 249 110
bottle 0.0047 99 109 170 202
bottle 0.0044 137 -2 220 95
bottle 0.0038 126 106 206 198
bottle 0.0010 99 130 148 168
chair 0.0046 450 286 502 380
chair 0.0028 -4 -2 71 216
chair 0.0028 372 217 506 374
chair 0.0018 440 209 504 380
chair 0.0014 449 340 501 376
person 0.8075 80 22 258 345
person 0.4770 183 67 412 316
person 0.2719 385 121 493 371
person 0.2026 443 121 496 371
person 0.1345 3 2 100 370
person 0.0465 108 104 479 369
person 0.0324 21 8 175 363
person 0.0062 -3 1 70 270
person 0.0060 447 0 503 322
person 0.0055 97 249 149 368
person 0.0051 175 222 477 374
person 0.0034 323 34 488 344
person 0.0027 49 103 217 379
person 0.0014 318 220 497 374
person 0.0014 19 40 79 162
person 0.0012 63 293 139 375
person 0.0011 79 231 178 373
person 0.0010 462 113 497 319
