car 0.0101 110 0 224 49
car 0.0098 65 1 319 108
car 0.0062 155 4 228 34
car 0.0046 131 4 203 37
car 0.0040 105 22 326 213
car 0.0032 112 12 223 74
car 0.0024 185 2 254 31
car 0.0023 157 -1 281 44
car 0.0019 100 -27 285 64
car 0.0018 263 7 336 84
car 0.0013 165 16 273 81
car 0.0012 157 25 228 59
car 0.0010 260 -3 340 51
chair 0.0433 -2 44 94 338
chair 0.0012 211 274 327 441
chair 0.0011 0 211 127 441
diningtable 0.3419 28 220 303 433
diningtable 0.0013 148 273 331 439
person 0.5680 127 100 315 287
person 0.1299 41 92 346 421
person 0.1237 -43 10 324 358
person 0.0178 0 4 130 109
person 0.0156 3 9 176 301
person 0.0087 195 114 333 313
person 0.0074 254 60 335 312
person 0.0054 3 161 231 429
person 0.0036 33 10 301 235
person 0.0020 -2 7 230 166
sofa 0.0126 0 6 177 236
