bottle 0.0011 360 140 379 154
bus 0.0122 11 -19 408 200
car 0.0257 26 104 231 254
car 0.0041 2 90 107 268
chair 0.4940 375 114 500 233
chair 0.0197 12 109 88 168
chair 0.0054 395 110 492 165
chair 0.0049 -4 113 112 277
chair 0.0045 1 96 53 179
chair 0.0039 27 120 79 151
chair 0.0024 0 57 107 219
chair 0.0023 25 206 86 272
chair 0.0022 -3 201 58 270
chair 0.0021 66 121 123 146
chair 0.0019 44 115 141 159
chair 0.0014 426 89 506 229
chair 0.0014 13 77 178 242
chair 0.0013 448 109 499 203
chair 0.0012 413 120 473 147
chair 0.0012 -5 64 63 250
chair 0.0011 32 251 100 271
chair 0.0010 380 2 505 227
person 0.8104 218 92 275 229
person 0.0311 175 91 265 231
person 0.0111 229 95 271 187
person 0.0037 225 160 273 226
person 0.0017 193 71 300 216
person 0.0014 232 98 255 118
person 0.0014 -5 53 62 220
person 0.0013 186 129 248 219
train 0.0219 23 -24 472 209
train 0.0020 79 -10 501 125
tvmonitor 0.0017 36 0 316 145
tvmonitor 0.0014 81 177 121 201
tvmonitor 0.0013 67 162 127 231
