aeroplane 0.0017 81 13 496 194
bottle 0.0013 391 161 435 197
car 0.0297 54 42 364 388
car 0.0024 4 -19 418 287
chair 0.0012 263 218 459 368
chair 0.0010 439 291 503 373
motorbike 0.0019 58 109 299 368
person 0.8839 240 38 433 396
person 0.0917 34 11 385 366
person 0.0026 300 53 479 332
person 0.0022 262 155 459 370
person 0.0013 447 51 499 380
pottedplant 0.0122 462 49 503 142
pottedplant 0.0077 465 53 499 100
pottedplant 0.0032 466 69 500 122
pottedplant 0.0017 481 46 498 113
pottedplant 0.0015 461 53 485 76
pottedplant 0.0014 455 52 494 82
pottedplant 0.0014 414 224 450 269
pottedplant 0.0011 331 2 409 71
