bicycle 0.0061 0 154 39 269
boat 0.0066 -4 -4 198 105
bus 0.9890 134 106 438 222
bus 0.0068 128 123 317 229
bus 0.0054 204 125 374 196
bus 0.0019 156 118 262 205
bus 0.0011 139 123 219 199
bus 0.0011 256 144 323 173
bus 0.0010 218 151 360 213
car 0.0051 34 170 91 196
car 0.0016 -2 138 34 245
car 0.0015 28 176 74 206
person 0.1093 408 144 428 188
person 0.0431 247 158 267 177
person 0.0146 389 156 431 200
person 0.0110 394 147 433 186
person 0.0035 408 143 429 166
person 0.0025 368 162 413 204
person 0.0020 489 123 500 209
person 0.0015 399 141 435 170
person 0.0014 413 142 451 183
