bottle 0.0050 134 287 196 370
bottle 0.0033 155 288 226 367
bottle 0.0025 146 297 186 353
bottle 0.0018 111 287 174 370
bottle 0.0016 170 296 215 351
bottle 0.0011 151 322 230 402
bottle 0.0010 111 252 171 337
chair 0.0142 -17 -11 147 142
chair 0.0110 0 169 26 329
chair 0.0070 -1 158 80 497
chair 0.0070 0 151 33 503
chair 0.0065 -6 -18 91 214
chair 0.0051 9 189 56 306
chair 0.0041 2 296 128 494
chair 0.0033 0 213 22 443
chair 0.0027 216 54 320 218
chair 0.0018 65 18 121 104
chair 0.0013 0 301 26 498
chair 0.0013 0 156 10 323
chair 0.0012 255 124 336 376
chair 0.0012 295 188 332 321
chair 0.0011 7 267 63 387
chair 0.0010 5 210 35 271
person 0.9674 29 33 304 391
person 0.6385 22 176 310 475
person 0.5073 6 55 227 515
person 0.0685 110 251 324 467
person 0.0066 125 43 348 451
person 0.0051 81 27 112 78
person 0.0037 2 151 131 492
person 0.0028 -3 284 240 502
person 0.0023 31 372 351 495
person 0.0017 0 144 10 300
person 0.0012 22 -5 207 128
person 0.0010 -1 45 75 384
person 0.0010 125 322 204 402
