chair 0.0262 2 228 46 329
chair 0.0064 5 225 116 368
chair 0.0059 385 187 506 362
chair 0.0046 4 252 42 303
chair 0.0031 0 284 49 374
chair 0.0030 16 241 80 363
chair 0.0024 3 274 43 325
chair 0.0022 155 213 347 374
chair 0.0022 -3 65 117 308
chair 0.0018 404 200 488 289
chair 0.0012 0 182 55 367
chair 0.0011 379 224 427 263
chair 0.0011 365 209 445 279
person 0.9234 263 180 407 364
person 0.7678 46 133 202 365
person 0.7273 151 117 342 370
person 0.0126 155 86 409 294
person 0.0029 39 98 306 345
person 0.0016 -1 40 51 329
person 0.0013 285 171 356 252
person 0.0010 59 201 137 291
sofa 0.0016 7 -21 411 111
