bottle 0.0055 412 165 457 268
bottle 0.0012 415 190 450 244
chair 0.0215 76 108 358 368
chair 0.0132 -3 79 29 186
chair 0.0079 470 233 501 376
chair 0.0070 -2 104 25 158
chair 0.0040 0 73 23 126
chair 0.0032 -3 46 23 158
chair 0.0022 -4 126 26 182
chair 0.0019 94 68 163 138
chair 0.0017 106 79 153 122
chair 0.0017 20 225 168 378
diningtable 0.0065 150 167 501 370
diningtable 0.0022 213 274 511 374
person 0.7595 129 5 299 310
person 0.3920 112 41 375 388
person 0.2907 279 63 369 246
person 0.2348 25 82 98 183
person 0.1256 44 72 143 357
person 0.1226 9 64 112 369
person 0.0940 88 108 148 206
person 0.0716 71 92 140 173
person 0.0458 273 30 379 181
person 0.0394 222 38 373 278
person 0.0393 79 76 161 299
person 0.0216 143 128 511 366
person 0.0209 55 88 143 236
person 0.0189 450 59 500 310
person 0.0189 84 74 125 123
person 0.0128 465 100 500 270
person 0.0122 269 58 321 149
person 0.0082 83 102 129 151
person 0.0082 0 61 48 371
person 0.0076 41 78 84 124
person 0.0075 99 106 149 152
person 0.0055 57 32 196 232
person 0.0054 32 73 91 144
person 0.0053 471 192 499 356
person 0.0048 0 141 12 244
person 0.0043 385 53 500 259
person 0.0041 -3 135 32 292
person 0.0041 461 59 500 199
person 0.0037 272 74 307 129
person 0.0036 146 11 277 139
person 0.0036 280 10 441 191
person 0.0035 0 55 14 110
person 0.0031 137 18 191 120
person 0.0028 -1 233 33 376
person 0.0027 299 20 360 124
person 0.0022 329 -4 490 146
person 0.0020 289 52 427 260
person 0.0018 -1 109 14 190
person 0.0015 486 64 500 178
person 0.0014 485 100 499 288
person 0.0013 93 5 263 200
person 0.0013 387 126 487 365
person 0.0012 455 169 503 370
person 0.0012 176 14 247 127
person 0.0012 38 114 214 371
person 0.0011 87 122 126 174
person 0.0011 22 139 91 232
person 0.0011 144 103 189 144
person 0.0011 136 91 201 161
person 0.0011 334 73 391 179
person 0.0011 68 100 106 141
person 0.0010 0 281 14 365
person 0.0010 -1 57 15 157
person 0.0010 0 159 11 344
tvmonitor 0.0027 89 19 122 50
tvmonitor 0.0020 40 16 81 49
tvmonitor 0.0018 -1 8 13 64
tvmonitor 0.0011 125 18 169 54
