bottle 0.0029 455 287 492 332
bottle 0.0010 453 304 488 338
chair 0.0481 367 -13 505 323
chair 0.0134 448 7 503 302
chair 0.0079 464 101 498 273
chair 0.0021 199 28 537 342
chair 0.0016 -3 163 257 364
chair 0.0012 126 118 218 197
chair 0.0011 451 134 506 349
chair 0.0011 388 235 507 371
diningtable 0.0033 66 225 508 374
dog 0.3343 167 72 327 242
dog 0.0247 87 65 340 301
dog 0.0214 199 83 289 173
dog 0.0211 203 102 301 206
dog 0.0101 198 139 306 227
dog 0.0048 158 110 275 200
dog 0.0036 169 148 259 225
dog 0.0032 194 171 307 251
dog 0.0011 167 177 259 246
person 0.9003 10 18 245 359
person 0.0711 -45 111 383 371
person 0.0504 25 1 234 215
person 0.0292 93 80 464 348
person 0.0033 82 2 335 210
person 0.0027 22 -9 230 104
person 0.0025 443 -9 500 274
person 0.0023 383 272 501 375
person 0.0021 0 158 202 369
person 0.0017 -5 34 146 400
person 0.0017 443 284 496 366
person 0.0011 463 41 499 220
pottedplant 0.0659 455 226 498 327
pottedplant 0.0108 454 245 498 286
pottedplant 0.0032 456 275 494 328
pottedplant 0.0021 459 249 484 274
pottedplant 0.0020 456 241 477 266
pottedplant 0.0019 463 224 496 275
pottedplant 0.0013 444 193 508 353
pottedplant 0.0012 457 255 497 303
sofa 0.0548 90 111 477 374
sofa 0.0167 -9 218 434 374
