bus 0.8270 69 13 508 310
bus 0.0011 289 -6 514 87
car 0.6181 35 4 545 369
car 0.0207 200 4 506 274
car 0.0167 66 88 450 330
car 0.0059 293 59 505 326
car 0.0032 435 5 501 79
car 0.0024 393 10 500 108
motorbike 0.0063 72 135 498 333
person 0.8297 20 52 151 320
person 0.0272 335 28 383 59
person 0.0180 294 40 373 76
person 0.0167 300 29 361 57
person 0.0100 1 58 53 321
person 0.0099 282 21 378 69
person 0.0062 11 23 232 259
person 0.0061 338 39 384 72
person 0.0053 322 21 396 69
person 0.0052 17 139 100 321
person 0.0037 412 23 492 94
person 0.0033 92 50 109 68
person 0.0026 -5 -11 356 290
person 0.0022 0 45 38 128
person 0.0019 16 72 35 91
person 0.0018 137 74 157 116
person 0.0016 3 64 17 126
person 0.0015 -2 54 32 167
person 0.0015 131 132 150 184
person 0.0014 296 21 375 48
person 0.0012 -3 87 33 239
person 0.0012 322 249 345 269
person 0.0011 3 65 36 108
person 0.0010 13 46 121 199
person 0.0010 17 68 37 100
person 0.0010 345 26 373 44
train 0.0010 162 188 485 329
