aeroplane 0.0048 107 -5 466 115
aeroplane 0.0029 244 22 312 55
aeroplane 0.0019 231 15 328 68
aeroplane 0.0017 -25 -3 447 164
boat 0.0018 8 17 409 203
chair 0.0122 287 205 374 264
chair 0.0065 353 206 393 247
chair 0.0047 289 218 341 264
chair 0.0041 323 216 385 260
chair 0.0039 301 216 361 258
chair 0.0033 360 225 382 246
chair 0.0010 387 215 430 262
person 0.5498 291 144 328 203
person 0.3671 391 239 435 283
person 0.0178 299 147 322 187
person 0.0132 247 305 265 329
person 0.0120 400 241 424 281
person 0.0089 192 230 243 270
person 0.0084 239 301 254 359
person 0.0082 285 151 305 197
person 0.0052 400 250 450 287
person 0.0046 246 303 264 358
person 0.0034 65 32 80 49
person 0.0033 239 304 255 327
person 0.0015 374 244 426 288
person 0.0011 241 300 274 360
person 0.0011 228 22 294 54
person 0.0011 239 343 252 357
pottedplant 0.6897 297 145 327 194
pottedplant 0.5413 56 237 114 298
pottedplant 0.5342 55 247 92 296
pottedplant 0.4826 81 149 113 190
pottedplant 0.4031 424 149 459 182
pottedplant 0.2529 78 142 104 180
pottedplant 0.2343 439 147 468 168
pottedplant 0.1365 269 154 287 173
pottedplant 0.1280 86 245 127 291
pottedplant 0.1252 148 159 181 198
pottedplant 0.1134 147 234 174 274
pottedplant 0.1043 119 155 156 195
pottedplant 0.0929 328 142 355 187
pottedplant 0.0840 50 126 76 174
pottedplant 0.0769 88 145 113 172
pottedplant 0.0740 397 140 431 179
pottedplant 0.0707 273 160 293 190
pottedplant 0.0688 406 146 452 178
pottedplant 0.0634 77 140 120 205
pottedplant 0.0633 288 149 318 199
pottedplant 0.0623 196 227 240 265
pottedplant 0.0603 393 154 424 183
pottedplant 0.0591 197 156 230 199
pottedplant 0.0562 255 156 273 173
pottedplant 0.0561 76 129 111 169
pottedplant 0.0560 426 130 463 169
pottedplant 0.0443 110 139 161 213
pottedplant 0.0414 139 222 157 252
pottedplant 0.0413 339 178 377 209
pottedplant 0.0402 124 212 158 247
pottedplant 0.0362 415 133 463 198
pottedplant 0.0349 238 151 264 203
pottedplant 0.0347 131 162 165 197
pottedplant 0.0337 343 154 372 189
pottedplant 0.0335 275 196 327 226
pottedplant 0.0321 402 145 426 171
pottedplant 0.0318 251 157 275 205
pottedplant 0.0309 46 144 78 188
pottedplant 0.0295 262 157 291 201
pottedplant 0.0263 153 178 185 220
pottedplant 0.0259 434 206 466 238
pottedplant 0.0249 182 231 227 271
pottedplant 0.0243 168 218 198 234
pottedplant 0.0230 152 234 191 273
pottedplant 0.0226 213 158 238 198
pottedplant 0.0225 160 211 203 238
pottedplant 0.0215 323 108 345 125
pottedplant 0.0212 389 147 406 170
pottedplant 0.0206 147 217 191 257
pottedplant 0.0205 149 229 168 249
pottedplant 0.0203 72 156 130 247
pottedplant 0.0200 246 170 270 227
pottedplant 0.0190 483 157 499 176
pottedplant 0.0187 484 165 498 184
pottedplant 0.0185 258 167 289 217
pottedplant 0.0185 54 162 69 189
pottedplant 0.0182 263 176 286 203
pottedplant 0.0181 214 153 234 177
pottedplant 0.0181 142 224 176 263
pottedplant 0.0177 275 172 310 218
pottedplant 0.0177 53 145 69 178
pottedplant 0.0176 192 179 226 218
pottedplant 0.0172 293 166 328 218
pottedplant 0.0170 443 143 466 162
pottedplant 0.0166 288 146 308 176
pottedplant 0.0164 456 150 474 170
pottedplant 0.0164 131 214 154 240
pottedplant 0.0162 30 158 66 195
pottedplant 0.0161 404 134 420 165
pottedplant 0.0160 51 262 83 303
pottedplant 0.0158 175 168 194 197
pottedplant 0.0157 302 123 324 145
pottedplant 0.0153 184 144 216 188
pottedplant 0.0152 150 155 168 176
pottedplant 0.0150 414 150 441 171
pottedplant 0.0149 437 154 466 192
pottedplant 0.0148 141 145 186 211
pottedplant 0.0145 342 108 368 124
pottedplant 0.0137 225 150 243 174
pottedplant 0.0137 323 94 346 108
pottedplant 0.0136 131 143 160 188
pottedplant 0.0131 331 138 351 162
pottedplant 0.0131 189 137 235 217
pottedplant 0.0126 112 234 145 280
pottedplant 0.0125 173 214 242 265
pottedplant 0.0121 338 146 359 171
pottedplant 0.0120 156 223 205 262
pottedplant 0.0114 151 216 167 234
pottedplant 0.0113 134 149 153 176
pottedplant 0.0111 456 152 487 186
pottedplant 0.0108 242 209 274 247
pottedplant 0.0106 133 169 160 192
pottedplant 0.0105 343 95 367 108
pottedplant 0.0104 265 150 294 183
pottedplant 0.0103 84 178 120 222
pottedplant 0.0102 40 163 61 190
pottedplant 0.0102 288 140 303 159
pottedplant 0.0102 303 137 322 160
pottedplant 0.0101 32 190 93 285
pottedplant 0.0099 141 168 192 235
pottedplant 0.0097 110 205 158 268
pottedplant 0.0096 404 90 427 105
pottedplant 0.0095 36 123 70 174
pottedplant 0.0092 133 207 203 266
pottedplant 0.0091 114 149 131 174
pottedplant 0.0091 364 93 386 108
pottedplant 0.0090 252 137 271 160
pottedplant 0.0090 105 144 138 187
pottedplant 0.0087 168 161 195 201
pottedplant 0.0087 137 135 155 159
pottedplant 0.0087 103 160 140 196
pottedplant 0.0084 97 222 153 286
pottedplant 0.0083 121 181 155 223
pottedplant 0.0083 382 142 413 179
pottedplant 0.0082 430 181 463 221
pottedplant 0.0081 418 88 442 104
pottedplant 0.0079 273 141 290 160
pottedplant 0.0079 439 204 460 225
pottedplant 0.0077 106 165 162 243
pottedplant 0.0077 417 134 432 161
pottedplant 0.0077 79 133 98 167
pottedplant 0.0074 306 135 338 169
pottedplant 0.0073 114 165 133 192
pottedplant 0.0073 305 92 329 109
pottedplant 0.0073 83 118 123 151
pottedplant 0.0072 71 260 110 303
pottedplant 0.0072 416 81 441 96
pottedplant 0.0071 76 163 96 190
pottedplant 0.0071 306 107 327 126
pottedplant 0.0071 93 165 118 192
pottedplant 0.0070 90 122 115 142
pottedplant 0.0070 129 129 160 173
pottedplant 0.0070 249 150 275 182
pottedplant 0.0070 326 135 354 170
pottedplant 0.0070 307 205 370 247
pottedplant 0.0070 283 160 302 190
pottedplant 0.0069 145 147 176 187
pottedplant 0.0069 270 162 315 234
pottedplant 0.0067 458 141 473 160
pottedplant 0.0067 170 226 191 245
pottedplant 0.0067 382 91 405 107
pottedplant 0.0067 77 121 96 144
pottedplant 0.0065 223 151 251 206
pottedplant 0.0064 313 104 358 132
pottedplant 0.0061 359 108 383 124
pottedplant 0.0061 328 165 352 189
pottedplant 0.0061 227 139 244 161
pottedplant 0.0060 237 215 256 241
pottedplant 0.0060 202 169 240 215
pottedplant 0.0060 68 116 120 184
pottedplant 0.0059 321 177 359 212
pottedplant 0.0059 401 79 428 96
pottedplant 0.0059 37 130 86 201
pottedplant 0.0056 212 139 231 160
pottedplant 0.0055 328 181 352 205
pottedplant 0.0055 258 188 298 233
pottedplant 0.0054 90 244 118 263
pottedplant 0.0054 65 195 130 283
pottedplant 0.0053 114 140 133 160
pottedplant 0.0052 194 226 218 248
pottedplant 0.0051 328 104 380 132
pottedplant 0.0049 286 90 308 108
pottedplant 0.0049 298 117 331 153
pottedplant 0.0048 341 129 375 166
pottedplant 0.0047 191 149 211 177
pottedplant 0.0047 104 131 142 173
pottedplant 0.0047 442 160 463 184
pottedplant 0.0047 111 218 148 254
pottedplant 0.0047 167 143 197 189
pottedplant 0.0046 23 166 42 190
pottedplant 0.0046 14 159 50 195
pottedplant 0.0046 392 135 406 164
pottedplant 0.0045 16 138 35 157
pottedplant 0.0045 12 127 44 168
pottedplant 0.0044 164 171 202 214
pottedplant 0.0043 180 167 234 235
pottedplant 0.0043 72 115 101 154
pottedplant 0.0043 263 197 283 221
pottedplant 0.0043 129 175 167 207
pottedplant 0.0042 234 132 266 223
pottedplant 0.0041 412 132 447 173
pottedplant 0.0041 245 131 274 170
pottedplant 0.0041 68 255 95 283
pottedplant 0.0040 454 126 487 166
pottedplant 0.0039 252 203 298 244
pottedplant 0.0039 298 194 328 221
pottedplant 0.0039 449 150 481 178
pottedplant 0.0039 289 124 309 143
pottedplant 0.0039 285 108 307 126
pottedplant 0.0039 172 152 189 177
pottedplant 0.0038 148 137 168 159
pottedplant 0.0038 188 220 213 233
pottedplant 0.0038 392 85 438 117
pottedplant 0.0037 381 77 406 93
pottedplant 0.0037 293 201 336 248
pottedplant 0.0037 410 155 453 191
pottedplant 0.0037 343 194 362 212
pottedplant 0.0036 390 102 432 188
pottedplant 0.0036 143 129 178 172
pottedplant 0.0036 42 248 90 316
pottedplant 0.0036 391 101 437 135
pottedplant 0.0036 206 132 238 171
pottedplant 0.0035 9 114 45 154
pottedplant 0.0035 345 103 401 133
pottedplant 0.0035 356 177 382 204
pottedplant 0.0035 192 137 211 157
pottedplant 0.0034 341 166 367 186
pottedplant 0.0034 133 228 165 278
pottedplant 0.0034 118 223 136 252
pottedplant 0.0033 142 210 181 244
pottedplant 0.0033 108 122 137 141
pottedplant 0.0033 267 89 286 108
pottedplant 0.0032 182 130 219 172
pottedplant 0.0032 163 129 199 172
pottedplant 0.0032 270 210 310 251
pottedplant 0.0032 295 101 337 136
pottedplant 0.0032 99 117 145 150
pottedplant 0.0031 93 253 121 284
pottedplant 0.0031 291 84 343 121
pottedplant 0.0031 367 86 423 118
pottedplant 0.0031 137 122 154 177
pottedplant 0.0031 232 209 260 247
pottedplant 0.0031 162 185 203 233
pottedplant 0.0030 230 159 247 192
pottedplant 0.0030 30 112 69 159
pottedplant 0.0029 48 112 80 159
pottedplant 0.0029 43 136 158 264
pottedplant 0.0029 174 137 192 157
pottedplant 0.0029 134 178 161 197
pottedplant 0.0028 406 75 455 104
pottedplant 0.0028 248 220 268 248
pottedplant 0.0028 411 86 454 114
pottedplant 0.0028 348 87 401 118
pottedplant 0.0028 460 163 476 183
pottedplant 0.0028 310 88 361 119
pottedplant 0.0027 441 120 462 139
pottedplant 0.0027 226 163 255 220
pottedplant 0.0026 76 179 94 196
pottedplant 0.0026 433 115 466 152
pottedplant 0.0026 303 108 320 160
pottedplant 0.0026 100 173 145 210
pottedplant 0.0025 325 201 384 254
pottedplant 0.0025 176 175 221 215
pottedplant 0.0025 361 217 386 240
pottedplant 0.0025 350 162 388 200
pottedplant 0.0024 327 88 384 118
pottedplant 0.0024 26 160 91 248
pottedplant 0.0024 390 73 439 103
pottedplant 0.0024 460 121 477 138
pottedplant 0.0024 266 78 284 94
pottedplant 0.0024 417 162 473 237
pottedplant 0.0023 447 94 488 194
pottedplant 0.0023 119 213 141 239
pottedplant 0.0023 257 95 299 139
pottedplant 0.0023 42 213 83 258
pottedplant 0.0023 222 131 256 172
pottedplant 0.0023 13 159 114 306
pottedplant 0.0022 20 151 39 172
pottedplant 0.0022 383 178 416 215
pottedplant 0.0021 462 76 486 92
pottedplant 0.0021 170 238 188 270
pottedplant 0.0021 176 190 224 226
pottedplant 0.0021 38 183 78 222
pottedplant 0.0021 182 160 217 199
pottedplant 0.0021 328 192 351 217
pottedplant 0.0021 197 189 239 227
pottedplant 0.0021 314 188 361 227
pottedplant 0.0021 276 99 317 137
pottedplant 0.0020 226 140 242 190
pottedplant 0.0020 267 105 288 125
pottedplant 0.0020 474 150 500 181
pottedplant 0.0019 325 122 344 141
pottedplant 0.0019 367 71 423 102
pottedplant 0.0019 193 238 217 268
pottedplant 0.0019 303 210 328 235
pottedplant 0.0019 484 139 499 160
pottedplant 0.0018 264 133 294 169
pottedplant 0.0018 401 123 422 143
pottedplant 0.0018 369 101 421 136
pottedplant 0.0018 300 181 326 205
pottedplant 0.0018 57 271 87 295
pottedplant 0.0018 486 136 498 193
pottedplant 0.0017 68 98 104 140
pottedplant 0.0017 419 123 440 142
pottedplant 0.0017 447 207 488 242
pottedplant 0.0017 15 118 36 143
pottedplant 0.0017 277 125 305 171
pottedplant 0.0017 105 255 134 285
pottedplant 0.0017 308 68 325 134
pottedplant 0.0017 225 219 257 258
pottedplant 0.0016 232 177 248 205
pottedplant 0.0016 140 239 158 263
pottedplant 0.0016 385 182 400 202
pottedplant 0.0016 176 212 221 238
pottedplant 0.0016 133 124 155 143
pottedplant 0.0016 274 82 320 121
pottedplant 0.0016 445 87 495 119
pottedplant 0.0016 70 173 105 210
pottedplant 0.0016 401 106 425 125
pottedplant 0.0016 28 207 154 313
pottedplant 0.0015 41 130 59 161
pottedplant 0.0015 363 154 380 171
pottedplant 0.0015 424 93 471 130
pottedplant 0.0015 101 101 162 193
pottedplant 0.0015 191 136 209 191
pottedplant 0.0015 475 162 500 193
pottedplant 0.0015 384 107 406 125
pottedplant 0.0015 248 125 269 141
pottedplant 0.0015 57 245 82 270
pottedplant 0.0014 357 168 379 186
pottedplant 0.0014 268 70 284 132
pottedplant 0.0014 325 91 341 141
pottedplant 0.0014 389 209 437 242
pottedplant 0.0014 0 106 11 189
pottedplant 0.0014 262 211 287 234
pottedplant 0.0014 384 136 431 200
pottedplant 0.0014 412 209 461 241
pottedplant 0.0014 263 196 323 260
pottedplant 0.0013 -3 177 41 281
pottedplant 0.0013 -3 215 42 310
pottedplant 0.0013 404 161 423 183
pottedplant 0.0013 256 81 299 123
pottedplant 0.0013 0 139 9 217
pottedplant 0.0013 288 71 306 129
pottedplant 0.0013 249 90 270 109
pottedplant 0.0013 346 89 362 143
pottedplant 0.0013 377 214 405 234
pottedplant 0.0013 414 100 455 136
pottedplant 0.0013 79 214 121 257
pottedplant 0.0013 370 207 410 244
pottedplant 0.0013 53 123 71 145
pottedplant 0.0012 483 121 498 142
pottedplant 0.0012 378 154 412 197
pottedplant 0.0012 454 214 475 238
pottedplant 0.0012 90 179 116 195
pottedplant 0.0012 114 179 135 198
pottedplant 0.0012 458 107 484 123
pottedplant 0.0012 149 121 167 177
pottedplant 0.0012 415 66 479 162
pottedplant 0.0012 41 149 60 178
pottedplant 0.0012 412 118 452 149
pottedplant 0.0012 144 189 185 230
pottedplant 0.0012 255 218 300 255
pottedplant 0.0012 205 125 235 140
pottedplant 0.0012 0 197 14 220
pottedplant 0.0011 140 247 181 284
pottedplant 0.0011 451 100 490 131
pottedplant 0.0011 32 250 74 294
pottedplant 0.0011 260 112 299 155
pottedplant 0.0011 363 76 389 91
pottedplant 0.0011 291 154 340 239
pottedplant 0.0011 270 124 289 142
pottedplant 0.0011 339 140 358 161
pottedplant 0.0011 93 108 116 128
pottedplant 0.0011 239 115 279 153
pottedplant 0.0011 76 108 98 129
pottedplant 0.0011 188 168 208 190
pottedplant 0.0011 342 121 364 139
pottedplant 0.0011 392 116 432 152
pottedplant 0.0011 279 218 326 261
pottedplant 0.0011 170 124 194 141
pottedplant 0.0010 284 116 315 153
pottedplant 0.0010 343 75 366 90
pottedplant 0.0010 247 185 278 236
pottedplant 0.0010 406 75 423 124
pottedplant 0.0010 187 125 215 141
pottedplant 0.0010 83 99 124 138
pottedplant 0.0010 300 225 323 252
pottedplant 0.0010 435 91 464 106
pottedplant 0.0010 389 164 406 183
pottedplant 0.0010 420 160 442 183
pottedplant 0.0010 424 87 480 116
pottedplant 0.0010 322 210 354 236
pottedplant 0.0010 112 108 136 126
pottedplant 0.0010 126 188 163 233
pottedplant 0.0010 384 70 402 130
pottedplant 0.0010 236 97 284 138
