boat 0.0015 225 18 499 355
car 0.8304 228 309 335 344
car 0.0258 213 310 269 340
car 0.0152 290 312 345 340
car 0.0117 158 295 211 327
car 0.0067 145 293 181 330
car 0.0060 209 309 244 338
car 0.0052 463 284 500 372
car 0.0039 469 278 498 332
car 0.0038 221 -9 504 333
car 0.0017 151 307 201 337
car 0.0016 194 311 213 329
car 0.0015 259 314 299 329
car 0.0013 261 307 295 320
car 0.0013 337 334 478 377
car 0.0012 217 308 234 340
car 0.0011 221 316 249 336
car 0.0011 243 304 314 327
car 0.0011 326 344 398 373
car 0.0011 303 319 333 335
car 0.0010 363 345 451 374
car 0.0010 198 298 246 329
car 0.0010 301 332 426 378
person 0.1096 98 14 478 363
person 0.0669 408 270 427 325
person 0.0050 460 266 478 322
person 0.0035 122 314 140 331
person 0.0027 478 255 500 337
person 0.0024 399 279 429 332
person 0.0020 416 268 434 323
person 0.0019 151 295 171 330
person 0.0015 479 281 500 365
person 0.0013 408 263 464 338
person 0.0011 46 72 291 367
person 0.0011 415 276 453 325
pottedplant 0.0011 463 222 500 334
train 0.0023 -4 204 117 341
