aeroplane 0.0038 14 227 486 366
car 0.9592 292 195 329 228
car 0.0448 325 191 340 203
car 0.0125 -13 140 433 353
car 0.0083 303 194 323 205
car 0.0074 296 207 324 227
car 0.0056 273 194 291 203
car 0.0044 250 199 269 210
car 0.0042 305 193 355 224
car 0.0039 293 199 315 235
car 0.0035 276 198 293 211
car 0.0035 293 194 313 204
car 0.0022 323 196 340 210
car 0.0016 228 198 278 224
car 0.0016 113 193 141 200
car 0.0015 231 200 253 210
car 0.0013 172 193 196 203
car 0.0013 297 186 331 213
car 0.0012 252 194 272 202
car 0.0012 334 199 383 226
car 0.0011 262 197 304 223
car 0.0011 151 188 168 200
car 0.0010 315 183 352 207
car 0.0010 275 185 317 213
