bottle 0.0071 285 222 359 315
bottle 0.0058 72 127 88 175
bottle 0.0038 441 336 500 377
bottle 0.0031 59 130 78 169
bottle 0.0018 2 170 50 313
bottle 0.0013 75 141 92 188
bottle 0.0011 244 101 261 168
bottle 0.0010 484 298 499 354
chair 0.0688 180 139 475 340
chair 0.0307 461 215 498 328
chair 0.0139 -1 282 39 378
chair 0.0136 416 190 480 301
chair 0.0115 452 149 495 286
chair 0.0086 78 127 270 349
chair 0.0084 388 148 497 338
chair 0.0060 -1 140 96 342
chair 0.0048 444 107 506 328
chair 0.0029 438 348 499 377
chair 0.0026 465 247 497 301
chair 0.0023 288 196 358 301
chair 0.0020 0 305 16 369
chair 0.0017 484 215 500 317
chair 0.0017 423 221 470 268
chair 0.0014 259 225 324 313
chair 0.0011 461 219 495 275
diningtable 0.2315 152 289 502 377
diningtable 0.0137 -16 281 372 377
diningtable 0.0120 47 236 449 375
diningtable 0.0043 -1 281 188 372
diningtable 0.0031 37 326 461 377
diningtable 0.0028 308 292 564 372
person 0.9341 243 57 475 321
person 0.6128 84 23 316 350
person 0.2439 23 95 85 172
person 0.2190 2 76 86 303
person 0.0257 -1 81 65 181
person 0.0224 7 77 43 120
person 0.0220 38 102 81 155
person 0.0175 14 76 37 101
person 0.0169 42 9 240 311
person 0.0138 257 22 325 120
person 0.0132 284 20 360 124
person 0.0126 1 87 21 128
person 0.0124 93 0 255 152
person 0.0123 268 0 381 153
person 0.0108 0 74 16 116
person 0.0104 288 -1 369 83
person 0.0097 14 84 38 127
person 0.0070 3 68 50 137
person 0.0065 243 -2 333 89
person 0.0063 13 74 30 94
person 0.0049 0 73 15 93
person 0.0046 79 53 130 154
person 0.0040 -7 61 105 206
person 0.0036 -2 137 65 347
person 0.0032 39 114 63 155
person 0.0031 62 27 208 171
person 0.0031 32 80 72 127
person 0.0030 2 70 30 118
person 0.0027 93 50 164 148
person 0.0027 386 97 499 340
person 0.0026 0 59 12 105
person 0.0025 175 -1 325 148
person 0.0024 32 78 55 106
person 0.0024 -1 245 38 374
person 0.0020 -1 115 61 256
person 0.0020 72 81 125 172
person 0.0020 24 72 62 113
person 0.0019 20 63 81 151
person 0.0018 319 143 483 337
person 0.0017 39 125 82 175
person 0.0016 442 71 505 303
person 0.0015 268 47 312 93
person 0.0013 67 114 433 363
person 0.0011 222 20 363 180
person 0.0011 85 73 121 132
person 0.0010 300 48 348 95
person 0.0010 0 122 15 238
pottedplant 0.0012 421 142 478 236
