bottle 0.0411 0 111 34 231
bottle 0.0115 0 114 12 205
bottle 0.0042 0 156 15 217
bottle 0.0030 39 117 84 215
bottle 0.0025 4 141 33 199
bottle 0.0024 2 160 32 218
bottle 0.0024 18 157 39 215
bottle 0.0021 -1 147 17 169
bottle 0.0012 148 302 212 332
car 0.0065 443 45 497 135
car 0.0019 438 12 502 163
chair 0.0098 444 112 503 323
chair 0.0079 55 116 121 215
chair 0.0077 462 169 500 316
chair 0.0051 377 151 504 326
chair 0.0046 41 94 144 228
chair 0.0025 96 79 167 145
chair 0.0025 457 127 498 259
chair 0.0023 97 91 177 188
chair 0.0015 106 92 157 127
chair 0.0010 101 80 140 116
chair 0.0010 299 196 500 329
diningtable 0.0877 0 160 423 328
diningtable 0.0028 17 53 327 336
diningtable 0.0015 -13 147 132 340
person 0.6326 169 0 494 333
person 0.2653 50 57 124 134
person 0.2011 43 65 130 209
person 0.1142 50 17 445 214
person 0.0280 259 87 481 335
person 0.0056 3 66 37 217
person 0.0052 301 0 488 235
person 0.0047 187 199 465 330
person 0.0038 0 76 10 144
person 0.0037 65 77 199 207
person 0.0031 0 99 10 194
person 0.0031 377 37 500 350
person 0.0030 146 4 427 126
person 0.0020 41 54 305 224
person 0.0015 484 67 500 125
person 0.0015 24 65 109 159
person 0.0014 393 2 501 178
pottedplant 0.0080 439 15 495 116
pottedplant 0.0015 396 0 503 136
sofa 0.0180 -3 21 425 310
tvmonitor 0.0069 252 38 293 71
tvmonitor 0.0063 250 8 310 72
tvmonitor 0.0053 252 28 317 86
tvmonitor 0.0025 262 39 307 76
