chair 0.0024 456 211 499 331
person 0.9687 -18 12 436 327
person 0.5310 177 5 487 333
person 0.2829 39 18 302 277
person 0.0066 -12 0 206 290
person 0.0049 -13 57 127 327
person 0.0038 8 95 267 328
person 0.0035 450 21 500 316
person 0.0025 384 3 499 333
person 0.0017 291 89 496 341
person 0.0013 482 17 500 75
pottedplant 0.0917 -7 32 53 203
pottedplant 0.0704 462 22 499 153
pottedplant 0.0206 -12 20 114 265
pottedplant 0.0150 7 51 79 130
pottedplant 0.0088 -1 133 43 256
pottedplant 0.0085 454 6 500 225
pottedplant 0.0056 463 40 498 90
pottedplant 0.0055 446 53 500 334
pottedplant 0.0055 454 -1 498 85
pottedplant 0.0049 -4 87 53 298
pottedplant 0.0037 -2 26 45 108
pottedplant 0.0033 452 151 498 290
pottedplant 0.0026 466 60 497 114
pottedplant 0.0025 22 61 70 104
pottedplant 0.0024 13 35 84 99
pottedplant 0.0023 0 192 40 293
pottedplant 0.0020 448 -1 507 132
pottedplant 0.0020 27 49 75 83
pottedplant 0.0017 0 46 13 121
pottedplant 0.0017 480 24 499 115
pottedplant 0.0015 2 53 46 92
pottedplant 0.0011 419 26 489 100
pottedplant 0.0010 12 15 178 176
pottedplant 0.0010 448 32 502 62
pottedplant 0.0010 468 61 497 222
