car 0.1804 14 129 334 249
car 0.0290 25 0 156 35
car 0.0224 58 -1 115 33
car 0.0191 445 179 499 261
car 0.0059 88 0 182 27
car 0.0049 83 -1 263 33
car 0.0016 0 154 64 233
car 0.0014 254 160 330 225
car 0.0013 438 173 505 309
car 0.0013 372 187 512 341
car 0.0012 454 215 497 257
car 0.0010 257 158 314 185
chair 0.0018 335 14 398 43
chair 0.0017 263 7 396 50
chair 0.0013 290 15 368 42
chair 0.0010 252 16 325 41
motorbike 0.1469 78 34 264 234
motorbike 0.0032 2 72 398 251
person 0.5483 92 24 246 199
person 0.0658 258 0 401 36
person 0.0556 367 -1 421 33
person 0.0402 191 0 312 36
person 0.0341 325 0 401 29
person 0.0307 285 0 374 28
person 0.0248 352 0 459 36
person 0.0193 244 0 336 28
person 0.0136 15 -1 79 30
person 0.0131 386 0 500 37
person 0.0123 1 -2 116 35
person 0.0091 185 -2 255 32
person 0.0086 445 1 500 33
person 0.0079 5 0 53 29
person 0.0074 205 -1 280 24
person 0.0056 381 -3 439 27
person 0.0034 134 130 213 196
person 0.0031 411 -2 494 23
person 0.0028 401 1 425 32
person 0.0027 108 -1 183 33
person 0.0026 28 -1 104 24
person 0.0025 482 1 500 35
person 0.0022 155 142 195 187
person 0.0020 121 0 224 25
person 0.0020 165 -1 243 23
person 0.0018 0 -1 13 34
person 0.0017 101 128 177 198
person 0.0014 379 1 404 32
person 0.0013 401 4 490 56
person 0.0013 312 7 418 52
person 0.0013 205 0 238 14
person 0.0011 32 0 64 17
person 0.0011 448 30 502 301
