car 0.9898 63 224 281 307
car 0.6754 371 171 434 208
car 0.6729 95 196 254 236
car 0.6377 86 149 128 182
car 0.6326 188 162 244 190
car 0.5074 443 178 495 218
car 0.4797 223 192 285 224
car 0.4409 43 213 238 279
car 0.2514 142 177 221 204
car 0.2028 412 176 482 214
car 0.1910 118 184 213 211
car 0.1776 110 188 221 226
car 0.1712 167 189 240 227
car 0.1353 466 186 498 224
car 0.1330 182 163 255 204
car 0.1027 181 178 227 205
car 0.0870 158 204 248 234
car 0.0702 208 167 272 205
car 0.0524 181 224 262 252
car 0.0516 360 175 383 194
car 0.0498 403 175 455 210
car 0.0486 128 226 290 269
car 0.0416 207 156 262 186
car 0.0409 473 177 498 189
car 0.0279 99 200 187 232
car 0.0251 231 185 284 214
car 0.0210 77 185 265 258
car 0.0179 101 147 142 177
car 0.0160 178 232 262 264
car 0.0160 187 169 226 189
car 0.0160 72 148 114 180
car 0.0116 283 185 313 197
car 0.0113 212 203 264 233
car 0.0111 193 162 219 198
car 0.0105 54 207 136 280
car 0.0102 298 169 350 194
car 0.0096 98 240 314 340
car 0.0092 471 183 500 202
car 0.0091 454 175 495 194
car 0.0091 396 172 433 185
car 0.0089 356 169 398 199
car 0.0076 110 171 160 197
car 0.0070 192 238 288 303
car 0.0065 82 161 124 194
car 0.0056 159 244 258 287
car 0.0055 384 173 409 209
car 0.0053 214 223 274 254
car 0.0052 380 182 411 203
car 0.0051 60 200 88 216
car 0.0050 427 187 484 219
car 0.0048 415 174 444 188
car 0.0048 248 191 270 223
car 0.0044 117 260 236 324
car 0.0042 268 178 296 188
car 0.0039 158 255 262 328
car 0.0039 379 171 411 189
car 0.0038 154 168 217 194
car 0.0038 67 197 102 221
car 0.0037 235 248 283 284
car 0.0035 134 168 192 193
car 0.0034 72 218 104 260
car 0.0030 227 188 256 229
car 0.0029 120 167 167 191
car 0.0029 459 182 492 199
car 0.0027 462 174 488 222
car 0.0026 96 194 155 225
car 0.0025 205 158 233 196
car 0.0025 149 187 181 203
car 0.0025 399 183 424 203
car 0.0025 104 160 132 190
car 0.0024 403 173 425 210
car 0.0024 85 219 185 260
car 0.0023 78 155 101 175
car 0.0022 192 162 224 179
car 0.0021 439 176 467 188
car 0.0021 252 182 298 210
car 0.0021 144 216 226 251
car 0.0020 42 148 97 177
car 0.0020 110 145 133 160
car 0.0019 106 180 143 207
car 0.0019 59 187 128 255
car 0.0019 31 139 88 170
car 0.0019 90 177 127 209
car 0.0019 422 172 486 196
car 0.0018 121 245 224 288
car 0.0017 70 200 117 236
car 0.0017 85 194 129 223
car 0.0014 73 149 129 209
car 0.0014 169 185 199 202
car 0.0014 2 141 19 156
car 0.0014 350 170 371 188
car 0.0013 93 162 176 213
car 0.0013 128 186 161 202
car 0.0013 69 147 277 239
car 0.0013 253 190 290 218
car 0.0013 459 196 490 217
car 0.0013 140 153 183 183
car 0.0013 281 178 307 190
car 0.0013 112 166 132 184
car 0.0012 479 166 498 199
car 0.0012 243 187 276 203
car 0.0012 205 245 277 283
car 0.0012 233 236 280 269
car 0.0011 121 153 165 181
car 0.0011 220 199 264 220
car 0.0011 200 162 239 178
car 0.0011 91 137 153 185
car 0.0010 35 207 94 285
car 0.0010 423 175 445 212
car 0.0010 351 183 373 196
person 0.0037 1 114 14 159
