person 0.9355 301 138 440 368
person 0.5753 279 26 322 164
person 0.2517 315 3 396 195
person 0.1115 222 145 359 350
person 0.0908 416 88 473 151
person 0.0212 179 207 324 335
person 0.0210 287 15 444 298
person 0.0205 298 24 348 169
person 0.0144 426 83 465 136
person 0.0069 270 114 397 336
person 0.0064 381 84 436 168
person 0.0057 245 29 340 219
person 0.0056 141 82 362 357
person 0.0046 207 225 290 327
person 0.0043 273 184 327 304
person 0.0027 446 87 493 163
person 0.0026 390 95 427 154
person 0.0022 390 102 408 143
person 0.0017 448 97 482 148
person 0.0013 443 96 466 147
person 0.0013 387 80 423 132
person 0.0011 161 29 341 231
person 0.0011 335 33 472 227
person 0.0011 455 102 474 145
