chair 0.0343 0 292 23 506
chair 0.0052 5 288 90 499
chair 0.0017 6 388 82 497
chair 0.0013 2 358 23 447
chair 0.0012 1 405 25 481
chair 0.0010 1 320 23 408
person 0.9747 75 19 305 405
person 0.7434 15 195 115 475
person 0.1350 94 161 333 477
person 0.0831 -1 244 22 481
person 0.0409 0 209 13 272
person 0.0382 308 106 372 481
person 0.0342 1 188 28 316
person 0.0327 1 171 34 490
person 0.0273 0 207 14 238
person 0.0174 10 207 77 302
person 0.0172 29 216 44 264
person 0.0148 -12 72 280 512
person 0.0143 0 218 10 337
person 0.0121 171 43 366 456
person 0.0107 20 212 48 267
person 0.0092 17 220 33 251
person 0.0091 75 197 89 219
person 0.0077 4 213 28 285
person 0.0074 327 195 375 307
person 0.0072 30 207 46 237
person 0.0066 286 10 381 415
person 0.0065 0 219 19 293
person 0.0057 9 214 37 267
person 0.0056 16 213 32 239
person 0.0052 0 218 15 250
person 0.0044 22 220 64 279
person 0.0041 0 245 9 425
person 0.0036 -2 149 93 375
person 0.0034 14 298 303 490
person 0.0031 43 207 85 267
person 0.0025 35 205 95 300
person 0.0024 14 227 30 286
person 0.0021 76 200 88 241
person 0.0017 0 240 13 273
person 0.0016 28 241 46 271
person 0.0016 39 216 53 264
person 0.0016 2 248 24 319
person 0.0015 41 245 58 274
person 0.0011 308 162 361 271
person 0.0011 0 260 11 294
person 0.0011 14 248 73 401
person 0.0010 326 213 377 502
person 0.0010 37 203 54 234
