car 0.0049 15 64 401 315
chair 0.0185 1 131 95 361
chair 0.0054 443 114 501 372
chair 0.0049 387 175 502 367
chair 0.0035 58 216 302 371
chair 0.0019 458 160 498 328
chair 0.0012 0 273 273 380
person 0.9021 75 131 287 368
person 0.0443 448 -2 501 374
person 0.0430 72 120 496 370
person 0.0209 392 -9 501 381
person 0.0049 368 5 458 206
person 0.0018 463 63 497 252
person 0.0017 139 139 217 231
person 0.0016 13 116 170 375
person 0.0015 35 -7 464 327
person 0.0011 1 337 41 374
person 0.0011 168 139 247 227
person 0.0011 -5 265 117 376
tvmonitor 0.0130 124 2 442 203
tvmonitor 0.0080 144 7 361 135
tvmonitor 0.0060 32 85 386 360
tvmonitor 0.0052 202 12 307 68
tvmonitor 0.0017 396 144 424 188
tvmonitor 0.0010 403 151 422 178
tvmonitor 0.0010 83 39 125 88
