bicycle 0.0106 318 240 486 332
bicycle 0.0038 372 302 432 333
bicycle 0.0027 355 258 443 331
bicycle 0.0022 355 293 450 330
bottle 0.0094 188 198 208 220
bottle 0.0044 271 176 323 213
bottle 0.0029 180 201 198 221
bottle 0.0021 272 171 288 222
bottle 0.0016 154 156 179 171
bottle 0.0014 289 175 310 216
bottle 0.0012 208 201 223 222
bottle 0.0011 267 200 290 220
bottle 0.0010 271 185 285 234
bottle 0.0010 187 194 225 232
bottle 0.0010 180 193 215 222
chair 0.6466 290 209 374 326
chair 0.5193 170 213 227 331
chair 0.4721 103 210 167 323
chair 0.1658 -1 170 46 268
chair 0.1496 305 193 362 304
chair 0.1095 183 197 315 330
chair 0.0633 113 201 221 327
chair 0.0313 156 237 259 332
chair 0.0242 316 185 412 317
chair 0.0211 334 179 402 258
chair 0.0143 323 205 473 330
chair 0.0137 1 195 40 243
chair 0.0083 260 239 398 329
chair 0.0082 84 240 187 333
chair 0.0081 15 178 90 260
chair 0.0074 -3 203 29 334
chair 0.0071 0 213 34 264
chair 0.0060 159 166 272 327
chair 0.0058 305 180 359 255
chair 0.0050 0 165 12 255
chair 0.0040 309 217 356 263
chair 0.0036 330 248 410 332
chair 0.0036 0 191 14 280
chair 0.0030 312 195 353 235
chair 0.0029 176 239 223 294
chair 0.0028 75 219 138 319
chair 0.0025 27 170 78 205
chair 0.0022 132 160 199 220
chair 0.0022 368 178 420 261
chair 0.0022 93 250 148 296
chair 0.0019 183 218 220 263
chair 0.0018 293 201 341 244
chair 0.0018 43 204 165 330
chair 0.0016 65 187 127 292
chair 0.0015 1 176 106 310
chair 0.0015 204 243 289 332
chair 0.0015 0 179 52 216
chair 0.0015 108 241 159 292
chair 0.0013 341 195 395 238
chair 0.0013 113 153 134 170
chair 0.0011 108 161 138 176
chair 0.0011 1 159 16 182
chair 0.0011 102 157 145 183
chair 0.0011 291 152 348 231
chair 0.0010 -1 197 14 219
chair 0.0010 71 172 113 209
person 0.9321 204 91 321 333
person 0.8960 108 161 179 319
person 0.1455 361 139 398 186
person 0.1403 20 144 60 176
person 0.0863 2 145 49 241
person 0.0685 446 221 501 327
person 0.0668 379 239 500 333
person 0.0592 0 131 11 186
person 0.0497 7 138 54 193
person 0.0480 194 78 302 221
person 0.0195 344 146 362 178
person 0.0149 31 148 51 173
person 0.0102 0 148 11 222
person 0.0063 157 112 285 330
person 0.0061 491 81 500 163
person 0.0059 444 118 500 318
person 0.0052 491 125 500 189
person 0.0046 55 160 79 174
person 0.0043 5 167 45 210
person 0.0036 366 148 391 178
person 0.0036 336 146 369 190
person 0.0033 11 160 85 229
person 0.0028 344 144 362 159
person 0.0027 250 171 320 252
person 0.0024 379 78 413 115
person 0.0024 0 116 44 181
person 0.0023 454 187 500 301
person 0.0023 0 102 10 170
person 0.0022 395 163 498 321
person 0.0020 0 146 15 171
person 0.0019 -1 148 22 193
person 0.0017 350 146 403 232
person 0.0017 490 55 500 135
person 0.0017 403 307 475 333
person 0.0016 -1 124 20 173
person 0.0015 3 130 39 167
person 0.0015 134 178 198 305
person 0.0015 49 146 86 176
person 0.0015 -1 239 30 337
person 0.0015 490 109 500 233
person 0.0014 19 150 44 186
person 0.0011 104 159 176 230
person 0.0010 0 132 14 159
person 0.0010 388 90 410 124
pottedplant 0.0024 30 75 78 104
pottedplant 0.0022 -1 184 13 208
pottedplant 0.0018 0 172 16 194
pottedplant 0.0013 57 122 77 140
pottedplant 0.0010 33 79 50 106
