bicycle 0.4847 10 165 236 325
bicycle 0.0482 19 91 170 301
bicycle 0.0035 33 234 225 333
bicycle 0.0014 353 116 470 315
bottle 0.0267 231 100 249 145
bottle 0.0030 234 119 251 175
bottle 0.0026 182 0 244 77
bottle 0.0023 229 91 247 132
bottle 0.0019 249 113 267 152
bottle 0.0015 232 91 264 140
bottle 0.0014 224 108 253 154
bottle 0.0012 212 101 231 144
bottle 0.0011 386 90 416 133
car 0.0257 -2 2 96 71
car 0.0012 17 17 84 55
chair 0.0124 457 211 503 322
chair 0.0050 464 79 500 205
chair 0.0042 415 20 470 102
chair 0.0035 391 9 484 272
chair 0.0032 462 15 501 111
chair 0.0018 148 197 421 332
chair 0.0016 451 27 503 254
chair 0.0012 418 61 466 168
diningtable 0.0011 145 149 424 338
motorbike 0.0027 381 163 492 324
motorbike 0.0013 6 -4 92 46
person 0.0964 268 49 324 136
person 0.0571 368 24 457 304
person 0.0258 57 81 194 308
person 0.0087 310 50 423 282
person 0.0083 342 86 380 196
person 0.0080 248 98 267 143
person 0.0068 276 67 316 115
person 0.0064 349 56 389 131
person 0.0061 224 51 284 134
person 0.0048 236 32 347 151
person 0.0046 352 90 386 130
person 0.0034 355 71 386 114
person 0.0033 411 -2 476 85
person 0.0029 -3 46 117 292
person 0.0027 0 9 13 54
person 0.0025 107 146 161 240
person 0.0024 63 20 79 36
person 0.0024 276 88 312 133
person 0.0023 266 87 288 130
person 0.0022 175 23 326 151
person 0.0020 26 -2 162 290
person 0.0019 279 48 317 92
person 0.0018 416 191 467 295
person 0.0018 347 187 389 302
person 0.0017 297 63 331 115
person 0.0016 350 90 371 125
person 0.0015 180 67 389 313
person 0.0014 224 79 270 149
person 0.0013 386 78 434 201
person 0.0012 405 7 479 179
person 0.0011 345 115 377 163
person 0.0011 264 73 300 118
person 0.0011 235 73 275 118
person 0.0010 295 51 331 89
person 0.0010 261 1 314 32
person 0.0010 282 62 305 101
person 0.0010 41 21 61 38
person 0.0010 90 9 252 274
person 0.0010 413 0 473 28
person 0.0010 294 73 338 150
pottedplant 0.0072 113 121 163 217
pottedplant 0.0024 120 147 158 188
pottedplant 0.0018 193 80 238 156
pottedplant 0.0016 198 96 233 142
pottedplant 0.0015 121 171 161 201
pottedplant 0.0012 -1 0 104 130
tvmonitor 0.0169 362 49 392 71
tvmonitor 0.0047 292 132 338 205
tvmonitor 0.0045 394 46 428 71
tvmonitor 0.0041 351 45 387 85
tvmonitor 0.0038 378 48 414 71
tvmonitor 0.0036 385 42 421 83
tvmonitor 0.0028 347 27 390 103
tvmonitor 0.0021 279 157 320 190
tvmonitor 0.0019 365 39 390 81
tvmonitor 0.0016 382 27 430 99
tvmonitor 0.0013 379 53 411 82
tvmonitor 0.0013 261 136 317 202
tvmonitor 0.0012 393 55 427 80
tvmonitor 0.0011 343 143 378 189
