bicycle 0.6979 315 273 494 372
bicycle 0.2178 370 152 495 283
bicycle 0.1725 261 121 476 300
bicycle 0.1715 388 177 491 256
bicycle 0.1617 310 193 496 359
bicycle 0.1465 300 85 430 280
bicycle 0.0599 220 154 332 267
bicycle 0.0114 336 262 466 344
bicycle 0.0114 363 167 456 259
bicycle 0.0037 442 173 497 255
bicycle 0.0026 320 234 405 313
bicycle 0.0023 447 288 500 373
bicycle 0.0022 0 246 49 358
bicycle 0.0014 421 265 515 381
bicycle 0.0012 409 188 475 238
bicycle 0.0012 321 280 421 369
bicycle 0.0010 338 235 468 315
bicycle 0.0010 213 227 450 371
car 0.0042 485 339 500 362
car 0.0028 488 327 500 374
chair 0.0321 205 146 324 269
chair 0.0019 345 319 470 375
chair 0.0014 331 343 394 372
chair 0.0010 304 310 511 381
person 0.8995 314 32 407 274
person 0.8133 212 87 307 234
person 0.3892 0 150 37 327
person 0.0303 1 119 33 258
person 0.0163 -1 63 44 317
person 0.0079 285 24 397 184
person 0.0038 -1 169 13 302
person 0.0037 0 124 100 359
person 0.0033 0 210 8 347
person 0.0022 0 145 19 239
person 0.0021 288 13 353 81
person 0.0020 298 20 337 62
person 0.0017 292 22 367 120
person 0.0017 331 63 392 194
person 0.0014 4 205 35 273
person 0.0013 309 29 407 116
person 0.0013 4 180 34 247
person 0.0010 4 156 33 213
