car 0.9777 28 16 473 295
car 0.9236 320 8 389 37
car 0.6384 297 12 493 248
car 0.2613 303 11 408 53
car 0.2470 30 47 332 382
car 0.1776 303 18 369 49
car 0.1554 380 17 403 28
car 0.0871 62 109 511 367
car 0.0417 368 12 393 28
car 0.0275 306 21 498 135
car 0.0255 334 17 406 46
car 0.0243 369 13 411 31
car 0.0229 402 17 424 27
car 0.0133 358 19 423 46
car 0.0131 294 33 341 67
car 0.0130 337 10 377 27
car 0.0129 272 25 321 55
car 0.0117 295 42 339 83
car 0.0109 328 2 387 24
car 0.0088 366 7 436 31
car 0.0071 317 17 485 64
car 0.0066 10 8 185 299
car 0.0063 323 29 386 67
car 0.0056 375 21 447 49
car 0.0054 215 31 505 336
car 0.0053 280 34 319 64
car 0.0052 461 1 489 13
car 0.0051 342 4 372 40
car 0.0045 25 5 327 207
car 0.0044 407 2 427 19
car 0.0040 417 18 442 27
car 0.0035 28 19 75 54
car 0.0035 88 3 174 27
car 0.0033 253 14 338 69
car 0.0032 338 5 376 17
car 0.0026 321 11 350 28
car 0.0025 307 41 360 85
car 0.0024 298 35 426 101
car 0.0024 419 9 485 30
car 0.0024 61 0 197 39
car 0.0024 220 29 279 58
car 0.0023 76 13 187 71
car 0.0021 409 2 471 26
car 0.0021 361 4 388 18
car 0.0020 331 41 379 87
car 0.0019 400 11 461 29
car 0.0018 273 2 453 88
car 0.0018 383 3 405 18
car 0.0018 314 15 329 32
car 0.0018 368 7 389 35
car 0.0017 40 9 150 73
car 0.0017 36 11 56 27
car 0.0017 439 18 466 27
car 0.0017 253 36 306 62
car 0.0016 232 34 286 63
car 0.0016 421 0 485 21
car 0.0015 17 9 87 66
car 0.0015 382 22 408 37
car 0.0015 100 22 165 55
car 0.0014 311 24 330 38
car 0.0013 235 45 282 87
car 0.0013 285 40 310 59
car 0.0013 416 2 442 17
car 0.0012 244 27 268 39
car 0.0012 436 1 469 13
car 0.0012 255 47 306 84
car 0.0011 229 27 259 40
car 0.0011 459 16 483 26
car 0.0011 329 4 471 41
car 0.0010 197 18 300 73
car 0.0010 53 8 157 34
car 0.0010 112 11 386 138
motorbike 0.0143 478 1 499 16
motorbike 0.0026 364 58 512 307
motorbike 0.0022 444 1 502 19
person 0.0381 214 59 277 95
person 0.0376 185 59 238 97
person 0.0374 198 49 297 102
person 0.0275 167 47 258 102
person 0.0269 1 3 21 46
person 0.0076 179 73 245 112
person 0.0060 162 63 263 121
person 0.0021 425 43 480 85
person 0.0020 0 24 9 105
person 0.0015 189 61 307 121
person 0.0015 448 40 494 87
person 0.0014 404 34 491 100
person 0.0013 5 13 37 55
person 0.0013 140 74 195 114
