bicycle 0.9803 -76 55 491 322
bicycle 0.3789 -16 98 360 378
bicycle 0.0887 220 14 500 304
bicycle 0.0866 28 41 302 225
bicycle 0.0493 60 37 228 172
bicycle 0.0406 29 167 542 373
bicycle 0.0175 0 76 207 361
bicycle 0.0064 106 71 184 143
bicycle 0.0021 337 34 522 342
bicycle 0.0016 120 87 211 164
bicycle 0.0014 40 18 466 194
bicycle 0.0013 110 41 220 101
bottle 0.0033 187 194 234 235
bottle 0.0019 190 166 230 213
bottle 0.0016 160 174 201 215
bottle 0.0015 145 195 199 232
bottle 0.0010 397 38 462 66
motorbike 0.0874 -60 166 477 372
motorbike 0.0014 -2 230 136 369
motorbike 0.0014 -3 168 200 377
person 0.0210 318 18 470 250
person 0.0024 272 28 466 132
person 0.0013 275 46 457 101
pottedplant 0.0251 110 98 145 143
pottedplant 0.0163 122 87 164 132
pottedplant 0.0045 101 89 183 158
pottedplant 0.0040 132 91 151 120
pottedplant 0.0023 122 97 138 123
pottedplant 0.0020 112 101 132 136
pottedplant 0.0016 114 114 170 154
