car 0.9062 14 40 405 338
car 0.8802 232 67 436 198
car 0.0473 -1 63 136 375
car 0.0210 303 60 494 205
car 0.0187 424 75 479 108
car 0.0170 187 52 463 314
car 0.0087 371 82 445 111
car 0.0082 405 65 489 127
car 0.0056 425 85 477 125
car 0.0046 346 70 475 125
car 0.0038 442 74 495 111
car 0.0036 226 42 258 52
car 0.0028 250 72 404 126
car 0.0025 408 74 460 107
car 0.0021 50 150 445 386
car 0.0019 436 84 467 103
car 0.0011 0 106 62 381
car 0.0011 286 78 366 106
car 0.0010 325 78 400 108
chair 0.0156 -8 26 131 236
chair 0.0092 15 87 103 167
chair 0.0086 -1 62 50 189
chair 0.0062 348 240 469 367
chair 0.0046 0 13 52 127
chair 0.0041 46 93 130 170
chair 0.0041 441 60 496 135
chair 0.0040 131 156 440 383
chair 0.0035 179 223 404 372
chair 0.0029 12 62 89 146
chair 0.0028 447 79 493 117
chair 0.0026 -3 -4 63 206
chair 0.0022 -2 16 61 49
chair 0.0021 405 135 460 225
chair 0.0017 66 4 147 83
chair 0.0015 33 107 87 149
chair 0.0014 7 23 91 115
chair 0.0013 5 5 90 77
chair 0.0011 238 52 270 98
motorbike 0.1724 60 66 501 363
person 0.0258 417 58 467 95
person 0.0231 403 45 479 107
person 0.0076 -1 2 51 82
person 0.0068 361 41 459 100
person 0.0064 0 1 44 36
person 0.0063 104 45 151 82
person 0.0052 378 56 438 91
person 0.0037 415 45 455 90
person 0.0035 244 60 268 104
person 0.0026 276 57 293 72
person 0.0026 81 12 178 82
person 0.0020 283 58 300 71
person 0.0017 305 85 330 104
person 0.0017 0 0 15 68
person 0.0015 14 0 45 14
person 0.0015 448 214 499 329
person 0.0015 428 48 470 87
person 0.0012 -4 -22 62 161
person 0.0012 438 57 462 101
person 0.0012 0 -1 18 39
person 0.0011 0 138 10 306
person 0.0011 375 144 506 349
person 0.0010 0 -1 53 22
person 0.0010 -6 10 30 57
person 0.0010 439 52 462 77
pottedplant 0.0045 450 192 495 302
pottedplant 0.0030 383 55 437 106
pottedplant 0.0019 458 54 477 75
pottedplant 0.0019 447 58 491 104
pottedplant 0.0018 457 160 496 272
pottedplant 0.0014 424 105 474 141
pottedplant 0.0014 457 70 478 89
tvmonitor 0.0017 1 202 44 338
