car 0.0012 200 463 285 497
chair 0.0020 -2 372 213 497
person 0.3001 19 122 245 464
person 0.0509 349 362 375 508
person 0.0175 13 387 301 497
person 0.0072 363 364 375 457
person 0.0055 54 223 374 500
person 0.0022 356 358 374 432
person 0.0020 364 326 375 430
person 0.0020 69 452 245 501
person 0.0019 56 437 315 506
person 0.0018 2 137 147 453
person 0.0016 353 287 375 457
person 0.0016 363 403 376 498
person 0.0015 134 392 355 497
person 0.0014 303 379 364 504
person 0.0013 129 407 239 488
person 0.0013 142 449 295 500
person 0.0010 -17 322 331 482
