bottle 0.0022 151 177 218 251
bottle 0.0014 179 173 234 254
bottle 0.0012 166 190 205 232
car 0.0066 285 -1 321 31
car 0.0047 248 5 323 77
car 0.0038 261 -2 313 30
car 0.0031 284 1 322 89
car 0.0026 190 -17 324 59
chair 0.0044 250 257 319 419
chair 0.0034 -1 9 226 354
chair 0.0026 291 201 320 357
chair 0.0021 283 264 320 420
chair 0.0018 297 126 319 296
chair 0.0011 285 62 322 426
chair 0.0010 251 45 322 379
person 0.9736 94 57 271 434
person 0.0723 54 25 271 290
person 0.0470 8 135 174 420
person 0.0406 111 240 301 430
person 0.0270 -1 338 31 425
person 0.0116 -1 56 68 438
person 0.0074 39 -6 328 180
person 0.0041 2 376 32 422
person 0.0028 133 27 319 345
person 0.0023 0 349 18 419
person 0.0022 0 349 8 419
person 0.0019 11 385 57 425
person 0.0013 0 343 65 425
person 0.0012 311 194 320 279
