boat 0.0297 -1 285 67 362
boat 0.0144 4 299 59 344
boat 0.0057 12 337 59 374
boat 0.0030 -3 294 41 338
boat 0.0027 10 277 58 314
boat 0.0026 -4 314 45 364
boat 0.0013 2 263 65 333
boat 0.0012 3 322 67 390
bottle 0.0020 62 284 77 320
bottle 0.0010 267 335 324 464
car 0.0065 1 298 35 349
car 0.0054 0 275 38 373
car 0.0047 -1 306 13 328
car 0.0016 3 332 38 368
car 0.0014 0 271 32 317
car 0.0013 -1 291 20 343
car 0.0011 0 283 9 351
car 0.0011 0 323 12 353
car 0.0011 5 304 28 324
chair 0.0032 200 368 331 496
chair 0.0028 0 376 34 506
chair 0.0021 301 162 331 337
chair 0.0020 254 302 328 499
chair 0.0013 293 108 332 394
chair 0.0012 307 144 330 198
chair 0.0011 306 116 332 232
chair 0.0010 322 132 332 230
chair 0.0010 4 205 57 293
diningtable 0.1516 11 299 370 502
diningtable 0.0022 94 361 336 500
diningtable 0.0014 19 425 315 515
person 0.8557 99 52 340 374
person 0.0539 197 99 329 473
person 0.0201 -16 22 297 337
person 0.0129 20 340 36 366
person 0.0125 0 193 33 302
person 0.0081 24 123 361 443
person 0.0032 2 218 31 279
person 0.0022 0 339 14 364
person 0.0017 9 339 32 363
person 0.0016 10 332 51 372
person 0.0014 292 108 330 473
person 0.0014 0 321 9 383
person 0.0012 -4 189 188 399
person 0.0012 249 92 330 413
person 0.0011 1 158 12 209
