bottle 0.0050 169 147 249 228
bottle 0.0048 92 302 166 371
bottle 0.0020 107 312 157 361
bottle 0.0017 185 160 235 205
car 0.0011 384 -2 502 43
chair 0.0056 87 157 337 373
chair 0.0052 57 290 143 369
chair 0.0048 2 287 53 376
chair 0.0040 6 286 103 375
chair 0.0024 14 272 177 380
chair 0.0023 369 40 507 389
chair 0.0019 234 9 497 195
person 0.9551 91 60 328 373
person 0.4998 103 13 461 315
person 0.0262 -8 -10 279 334
person 0.0071 237 41 492 389
person 0.0052 185 7 478 196
person 0.0048 -1 52 184 381
person 0.0025 -3 -5 199 217
person 0.0018 242 1 492 93
person 0.0017 40 -11 384 221
person 0.0014 164 173 253 257
person 0.0013 450 342 497 373
pottedplant 0.0079 -12 68 120 367
