dog 0.0048 118 252 215 315
dog 0.0046 66 196 310 385
dog 0.0021 138 261 194 301
person 0.9947 88 137 187 296
person 0.7295 270 144 332 289
person 0.0996 306 313 331 496
person 0.0840 95 206 148 293
person 0.0592 293 163 332 314
person 0.0349 313 278 331 453
person 0.0294 102 225 134 289
person 0.0234 298 158 332 488
person 0.0202 293 117 331 240
person 0.0168 287 71 334 284
person 0.0117 102 253 138 295
person 0.0110 114 258 159 296
person 0.0100 261 177 331 471
person 0.0080 298 54 331 218
person 0.0074 263 310 329 498
person 0.0052 77 153 239 329
person 0.0052 313 342 332 398
person 0.0048 97 251 178 305
person 0.0040 301 194 330 369
person 0.0024 322 355 332 467
person 0.0023 95 225 120 267
person 0.0022 261 24 333 255
person 0.0021 297 174 334 224
person 0.0021 325 195 333 318
person 0.0020 326 127 333 245
person 0.0018 324 229 332 402
person 0.0016 322 153 332 284
person 0.0015 117 224 153 288
person 0.0015 273 266 323 385
person 0.0014 282 177 318 241
person 0.0010 320 302 332 414
person 0.0010 309 361 331 443
person 0.0010 137 151 155 175
person 0.0010 273 307 324 421
person 0.0010 36 193 244 376
