chair 0.1501 -6 162 112 331
chair 0.0630 456 129 496 213
chair 0.0139 460 149 495 192
chair 0.0082 465 139 497 308
chair 0.0064 444 53 506 283
chair 0.0055 33 144 249 337
chair 0.0045 485 116 500 211
chair 0.0040 365 104 500 337
chair 0.0037 395 16 495 216
chair 0.0027 469 136 501 191
chair 0.0022 12 189 83 303
chair 0.0021 412 70 483 162
chair 0.0020 462 202 499 346
chair 0.0019 484 47 500 147
chair 0.0018 484 150 500 281
chair 0.0014 0 164 54 285
chair 0.0011 462 168 496 214
chair 0.0011 -5 34 128 255
chair 0.0010 14 197 176 333
chair 0.0010 411 127 491 209
person 0.8558 150 51 346 342
person 0.8259 52 69 283 331
person 0.7094 310 32 489 314
person 0.1307 74 5 366 285
person 0.1218 186 34 465 361
person 0.0457 164 15 334 224
person 0.0196 10 97 191 341
person 0.0127 36 40 225 251
person 0.0124 376 14 501 273
person 0.0080 449 21 502 259
person 0.0052 471 39 499 196
person 0.0041 290 16 454 227
person 0.0018 90 145 403 335
person 0.0012 484 46 500 173
