bottle 0.0078 273 141 289 177
bus 0.0017 -1 64 38 171
car 0.6677 80 131 132 159
car 0.3479 203 142 247 184
car 0.1421 49 140 89 160
car 0.1330 10 136 44 161
car 0.1084 46 146 91 167
car 0.0794 26 149 97 173
car 0.0730 32 132 83 163
car 0.0721 99 126 140 156
car 0.0314 210 134 266 195
car 0.0269 263 142 295 176
car 0.0234 5 145 49 168
car 0.0198 238 143 282 179
car 0.0180 243 157 281 186
car 0.0168 32 297 162 334
car 0.0143 12 144 110 185
car 0.0137 85 135 116 154
car 0.0111 255 154 297 187
car 0.0101 82 137 101 155
car 0.0094 273 145 322 173
car 0.0093 437 4 503 68
car 0.0088 19 122 96 167
car 0.0080 85 128 118 145
car 0.0071 58 142 109 171
car 0.0070 273 146 291 168
car 0.0067 205 136 245 167
car 0.0053 1 140 17 158
car 0.0052 89 119 150 164
car 0.0049 221 99 273 194
car 0.0048 40 140 61 159
car 0.0044 68 123 117 155
car 0.0043 110 137 135 154
car 0.0040 0 158 59 184
car 0.0037 90 121 114 156
car 0.0034 446 2 501 33
car 0.0034 0 149 17 164
car 0.0032 447 13 501 49
car 0.0032 35 311 142 333
car 0.0031 9 148 44 162
car 0.0026 43 134 133 185
car 0.0024 0 132 29 162
car 0.0023 250 165 277 182
car 0.0022 268 149 286 191
car 0.0020 59 155 109 186
car 0.0020 7 170 93 197
car 0.0019 446 4 499 120
car 0.0018 241 166 279 200
car 0.0018 1 130 14 164
car 0.0018 269 156 327 185
car 0.0018 23 303 98 334
car 0.0017 109 126 133 145
car 0.0017 46 119 90 157
car 0.0017 37 148 61 162
car 0.0016 229 141 249 182
car 0.0015 -7 134 61 196
car 0.0015 2 108 43 169
car 0.0014 248 137 271 183
car 0.0014 55 143 81 171
car 0.0013 184 143 230 180
car 0.0013 84 142 124 171
car 0.0013 239 127 279 169
car 0.0013 282 149 307 168
car 0.0012 228 118 269 172
car 0.0011 0 144 12 199
car 0.0011 273 140 294 161
car 0.0010 0 163 18 179
car 0.0010 204 166 243 201
chair 0.0064 278 130 319 165
chair 0.0040 266 131 298 167
chair 0.0025 257 135 319 192
chair 0.0020 263 107 315 179
chair 0.0019 185 222 240 318
chair 0.0017 138 202 367 328
motorbike 0.8825 3 159 107 277
motorbike 0.0733 3 180 56 301
motorbike 0.0423 -12 202 108 319
motorbike 0.0062 52 163 112 266
motorbike 0.0024 -7 130 70 264
motorbike 0.0018 10 168 152 309
motorbike 0.0012 31 135 133 261
person 0.9647 186 12 469 323
person 0.0105 1 3 41 72
person 0.0077 447 93 499 339
person 0.0044 123 46 375 282
person 0.0041 460 41 498 184
person 0.0037 389 8 498 272
person 0.0034 463 116 498 207
person 0.0033 -10 -2 140 87
person 0.0028 482 131 500 184
person 0.0025 0 1 14 62
person 0.0023 405 -1 488 70
person 0.0023 0 0 37 35
person 0.0022 375 97 502 329
person 0.0019 448 16 504 258
person 0.0016 483 85 499 185
person 0.0014 21 129 36 144
person 0.0011 463 141 499 290
person 0.0011 3 247 56 329
person 0.0010 -8 7 127 169
person 0.0010 471 121 501 176
person 0.0010 289 2 372 27
pottedplant 0.0029 444 2 500 180
pottedplant 0.0017 286 256 372 330
