aeroplane 0.0050 -45 206 460 349
aeroplane 0.0032 253 267 321 296
aeroplane 0.0015 2 238 345 360
aeroplane 0.0012 223 262 288 292
boat 0.0117 9 205 100 288
boat 0.0087 21 241 38 255
boat 0.0056 1 236 55 265
boat 0.0047 -3 159 35 278
boat 0.0046 26 230 86 266
boat 0.0043 3 199 494 355
boat 0.0028 21 236 37 249
boat 0.0027 65 232 113 267
boat 0.0022 0 241 16 259
boat 0.0021 -1 195 11 254
boat 0.0020 -9 173 124 323
boat 0.0020 0 228 14 248
boat 0.0019 0 213 13 232
boat 0.0019 45 211 131 287
boat 0.0016 -3 231 29 270
boat 0.0016 -2 215 27 260
boat 0.0015 113 237 164 264
boat 0.0014 0 195 31 240
boat 0.0014 9 207 269 343
boat 0.0014 2 226 51 255
boat 0.0011 242 256 332 306
boat 0.0010 0 199 12 219
bus 0.0733 94 340 402 372
bus 0.0132 55 293 525 374
bus 0.0125 153 331 496 378
bus 0.0098 173 347 323 372
car 0.0992 442 333 495 372
car 0.0525 411 336 479 371
car 0.0485 366 338 432 373
car 0.0208 68 338 358 373
car 0.0149 485 332 499 374
car 0.0095 373 352 447 374
car 0.0093 471 331 499 374
car 0.0049 106 367 143 375
car 0.0043 325 354 425 374
car 0.0043 277 367 319 376
car 0.0041 443 353 494 374
car 0.0038 90 355 195 377
car 0.0035 140 347 284 374
car 0.0033 344 333 413 376
car 0.0032 451 363 489 374
car 0.0032 483 328 500 351
car 0.0028 284 354 384 374
car 0.0025 431 324 483 364
car 0.0022 478 356 500 373
car 0.0021 -16 -2 436 270
car 0.0018 252 357 342 375
car 0.0018 88 368 127 375
car 0.0014 436 364 472 374
car 0.0013 260 282 327 310
car 0.0012 370 362 418 374
car 0.0011 369 328 393 345
car 0.0010 121 363 161 375
car 0.0010 390 360 432 373
car 0.0010 451 343 485 364
person 0.0359 345 332 454 374
person 0.0348 29 -24 542 344
person 0.0259 91 317 105 333
person 0.0131 331 341 412 372
person 0.0114 116 308 130 321
person 0.0114 115 312 130 327
person 0.0074 271 346 373 372
person 0.0051 397 313 494 370
person 0.0050 0 335 10 373
person 0.0050 297 365 330 375
person 0.0038 342 324 399 357
person 0.0025 0 346 11 368
person 0.0019 314 312 427 370
person 0.0017 488 292 500 360
person 0.0016 296 322 351 354
person 0.0016 0 174 10 245
person 0.0016 258 320 320 351
person 0.0014 -28 102 447 331
person 0.0014 366 324 431 360
person 0.0012 238 289 252 302
person 0.0010 0 280 9 369
train 0.0037 199 289 528 376
train 0.0031 99 252 481 359
