car 0.0020 378 263 445 307
car 0.0012 369 249 459 324
chair 0.0100 384 244 485 338
chair 0.0041 462 199 499 380
chair 0.0022 379 183 496 394
chair 0.0016 373 245 506 490
chair 0.0012 439 225 506 498
diningtable 0.0066 36 269 549 465
diningtable 0.0037 -13 316 284 491
person 0.9568 82 193 242 359
person 0.2031 303 215 359 304
person 0.0396 452 22 500 386
person 0.0121 90 215 191 341
person 0.0089 324 220 351 297
person 0.0074 380 20 495 391
person 0.0071 294 221 340 294
person 0.0049 469 70 499 347
person 0.0037 315 247 356 304
person 0.0035 27 170 186 342
person 0.0033 46 212 359 425
person 0.0030 253 213 321 303
person 0.0018 68 183 139 321
person 0.0011 275 227 321 291
