bottle 0.0519 259 187 393 357
bottle 0.0394 300 197 353 285
bottle 0.0250 290 209 363 332
bottle 0.0142 114 173 459 366
bottle 0.0092 305 199 341 246
bottle 0.0053 295 212 336 260
bottle 0.0024 238 255 348 346
bottle 0.0012 249 225 336 321
bottle 0.0011 291 228 340 270
horse 0.0014 367 156 497 373
person 0.9879 15 16 339 366
person 0.3191 44 110 517 374
person 0.0448 303 0 361 72
person 0.0174 2 -10 207 330
person 0.0166 208 137 432 356
person 0.0140 330 1 391 72
person 0.0099 329 7 349 62
person 0.0047 314 129 498 364
person 0.0029 343 13 380 64
person 0.0021 322 -2 351 51
person 0.0018 377 4 508 320
person 0.0015 213 25 517 358
person 0.0015 247 -7 406 93
person 0.0013 42 6 222 212
person 0.0010 345 -1 385 42
pottedplant 0.0018 -1 121 33 253
pottedplant 0.0010 19 0 99 73
