bottle 0.0278 207 117 228 154
bottle 0.0129 407 70 424 90
bottle 0.0076 211 333 271 373
bottle 0.0021 63 127 80 139
bottle 0.0010 198 115 216 136
chair 0.4487 14 125 170 371
chair 0.0040 401 122 469 197
chair 0.0035 -4 207 141 383
chair 0.0033 197 130 375 295
chair 0.0030 79 223 270 375
chair 0.0029 455 99 494 221
chair 0.0019 258 147 311 274
chair 0.0010 372 88 501 340
chair 0.0010 99 162 172 276
diningtable 0.0079 7 80 129 304
diningtable 0.0059 69 271 507 381
diningtable 0.0017 51 224 364 371
person 0.0262 301 13 335 50
person 0.0254 308 6 353 43
person 0.0146 202 116 232 155
person 0.0113 304 17 322 48
person 0.0045 298 5 363 61
person 0.0022 394 138 434 190
person 0.0018 327 16 349 46
person 0.0010 380 123 444 196
pottedplant 0.0277 201 111 237 154
sofa 0.5204 258 106 478 271
tvmonitor 0.0176 -3 2 30 81
tvmonitor 0.0054 0 12 26 59
tvmonitor 0.0036 0 1 18 73
