aeroplane 0.0335 -21 -16 446 338
aeroplane 0.0021 117 21 456 246
bottle 0.0121 323 285 384 371
bottle 0.0063 330 339 384 371
bottle 0.0030 305 329 406 372
bottle 0.0019 334 304 376 358
car 0.0205 -6 -2 360 377
car 0.0094 25 183 68 205
car 0.0088 372 10 500 297
car 0.0024 230 25 486 298
car 0.0013 54 185 72 199
car 0.0010 83 212 490 368
chair 0.0322 464 194 502 351
chair 0.0068 388 185 496 359
chair 0.0019 469 243 502 297
chair 0.0014 483 199 499 300
chair 0.0010 465 215 499 266
diningtable 0.0020 75 268 500 373
motorbike 0.0016 196 218 458 365
person 0.8136 167 66 475 371
person 0.4258 11 45 418 385
person 0.0190 4 249 21 310
person 0.0042 16 251 39 309
person 0.0023 374 28 505 341
pottedplant 0.0098 19 308 65 341
pottedplant 0.0079 3 224 38 325
pottedplant 0.0055 7 254 51 342
pottedplant 0.0041 6 247 35 303
pottedplant 0.0032 3 299 61 352
pottedplant 0.0025 29 310 54 332
pottedplant 0.0021 12 274 46 325
pottedplant 0.0017 0 160 48 270
pottedplant 0.0012 20 312 43 336
pottedplant 0.0010 -5 135 52 348
