motorbike 0.4637 30 58 349 291
motorbike 0.2683 171 127 401 304
motorbike 0.0499 9 128 292 348
motorbike 0.0040 -9 115 376 445
motorbike 0.0014 121 63 368 225
motorbike 0.0013 108 154 201 268
person 0.8970 140 370 297 502
person 0.5661 0 377 109 503
person 0.1697 41 29 266 239
person 0.0745 133 59 301 216
person 0.0535 327 381 368 427
person 0.0338 308 379 355 427
person 0.0237 144 113 174 164
person 0.0165 104 347 394 489
person 0.0117 333 373 351 426
person 0.0100 175 65 268 191
person 0.0098 -2 377 57 506
person 0.0074 140 74 242 185
person 0.0068 291 375 369 436
person 0.0057 57 38 190 176
person 0.0036 122 92 193 178
person 0.0028 165 364 276 460
person 0.0027 117 426 326 508
person 0.0020 337 393 395 436
person 0.0020 172 67 224 108
person 0.0016 149 112 171 145
person 0.0014 69 445 114 497
person 0.0013 186 368 247 409
person 0.0013 326 380 347 435
person 0.0012 -27 371 266 504
person 0.0011 -3 330 162 496
person 0.0011 160 102 217 156
person 0.0010 149 59 239 140
