bus 0.9768 41 81 459 289
bus 0.0170 225 102 487 274
bus 0.0039 14 163 31 206
bus 0.0032 7 165 41 219
bus 0.0030 14 112 180 260
bus 0.0030 -16 67 140 251
bus 0.0022 12 50 264 272
bus 0.0017 31 178 99 243
bus 0.0017 29 150 340 273
bus 0.0015 1 150 14 216
bus 0.0013 41 192 87 233
bus 0.0011 0 111 45 211
car 0.0041 40 187 464 278
car 0.0019 3 43 184 216
car 0.0013 2 213 17 231
chair 0.0037 436 213 466 254
chair 0.0015 461 221 494 265
person 0.5520 430 185 463 244
person 0.3931 360 167 392 210
person 0.3152 424 188 444 236
person 0.1578 457 187 473 204
person 0.1282 444 185 465 204
person 0.0808 362 169 383 201
person 0.0628 319 153 352 203
person 0.0565 424 184 441 206
person 0.0433 139 164 157 196
person 0.0422 16 171 34 217
person 0.0378 118 170 135 191
person 0.0305 23 199 37 219
person 0.0287 147 165 166 198
person 0.0271 455 183 475 235
person 0.0267 333 169 374 211
person 0.0198 144 160 174 202
person 0.0195 339 158 402 217
person 0.0182 92 174 110 190
person 0.0167 42 173 59 215
person 0.0139 383 182 402 206
person 0.0135 402 158 422 205
person 0.0132 5 187 17 231
person 0.0130 487 189 499 206
person 0.0130 370 160 411 207
person 0.0127 426 174 464 216
person 0.0125 77 172 96 190
person 0.0117 441 193 461 218
person 0.0111 407 187 425 206
person 0.0103 56 170 75 192
person 0.0103 232 179 256 204
person 0.0084 327 163 349 195
person 0.0081 13 170 33 193
person 0.0079 44 172 62 193
person 0.0076 306 155 338 198
person 0.0073 387 165 405 201
person 0.0070 313 160 331 194
person 0.0070 15 182 35 207
person 0.0067 488 176 500 242
person 0.0065 231 162 253 201
person 0.0062 331 175 350 207
person 0.0049 265 170 285 189
person 0.0048 341 174 361 207
person 0.0045 222 174 262 206
person 0.0044 161 161 199 203
person 0.0042 340 167 361 195
person 0.0041 417 180 449 214
person 0.0040 294 153 367 213
person 0.0036 298 174 340 209
person 0.0035 5 198 18 222
person 0.0035 268 165 313 204
person 0.0034 451 192 486 239
person 0.0032 38 182 54 232
person 0.0032 169 165 188 200
person 0.0028 118 181 136 201
person 0.0027 383 193 427 235
person 0.0027 236 161 274 201
person 0.0025 171 181 191 202
person 0.0025 426 198 467 269
person 0.0024 108 163 141 196
person 0.0023 397 174 430 210
person 0.0023 364 148 426 227
person 0.0022 191 167 237 203
person 0.0021 407 196 427 212
person 0.0021 2 200 14 241
person 0.0021 180 161 222 203
person 0.0021 246 167 270 190
person 0.0019 422 177 436 191
person 0.0019 408 188 429 229
person 0.0019 319 150 341 192
person 0.0019 456 193 476 215
person 0.0018 444 176 466 191
person 0.0017 441 209 462 235
person 0.0016 92 182 115 200
person 0.0016 134 158 150 181
person 0.0015 444 178 492 254
person 0.0014 306 180 328 201
person 0.0013 212 163 233 201
person 0.0013 133 182 156 200
person 0.0013 33 167 66 217
person 0.0013 251 174 298 208
person 0.0013 73 185 99 201
person 0.0013 441 211 464 256
person 0.0012 241 181 266 204
person 0.0011 52 179 73 201
person 0.0011 367 182 436 253
person 0.0011 486 195 499 215
person 0.0011 420 161 475 230
person 0.0011 19 202 35 236
person 0.0011 263 179 290 203
person 0.0010 5 182 19 207
person 0.0010 151 180 171 201
person 0.0010 190 184 215 203
train 0.0037 29 -3 548 98
tvmonitor 0.0081 485 134 501 201
tvmonitor 0.0042 484 152 500 175
tvmonitor 0.0040 475 148 501 185
tvmonitor 0.0016 460 168 490 208
tvmonitor 0.0011 481 145 499 163
tvmonitor 0.0010 485 168 500 194
