boat 0.9568 93 84 408 368
boat 0.5156 34 157 241 367
boat 0.4845 24 13 323 391
boat 0.1190 8 78 193 395
boat 0.1142 83 -2 486 293
boat 0.0370 58 229 521 396
boat 0.0272 33 346 64 356
boat 0.0216 387 330 477 361
boat 0.0173 33 352 62 366
boat 0.0170 1 196 130 381
boat 0.0118 61 351 78 365
boat 0.0102 17 342 41 354
boat 0.0080 235 60 489 402
boat 0.0062 16 348 79 370
boat 0.0048 324 324 489 376
boat 0.0040 359 335 455 366
boat 0.0030 15 342 82 359
boat 0.0029 1 340 15 355
boat 0.0024 0 352 12 370
boat 0.0023 16 353 39 367
boat 0.0020 371 318 436 349
boat 0.0017 54 234 152 351
boat 0.0016 140 219 179 262
boat 0.0015 47 348 127 372
boat 0.0015 111 321 179 352
boat 0.0015 157 301 492 390
boat 0.0014 259 243 299 299
boat 0.0014 330 334 406 365
boat 0.0013 241 261 282 314
boat 0.0013 88 228 175 347
boat 0.0012 407 320 469 349
boat 0.0012 19 326 38 342
boat 0.0011 100 275 151 327
boat 0.0010 381 342 484 375
boat 0.0010 346 302 459 363
person 0.3621 387 340 404 355
person 0.2500 347 337 364 354
person 0.2018 362 336 378 355
person 0.1664 468 346 485 356
person 0.0982 477 345 491 357
person 0.0969 402 342 416 355
person 0.0783 422 340 447 353
person 0.0642 438 339 458 353
person 0.0477 364 327 378 345
person 0.0437 131 335 156 352
person 0.0284 387 329 406 342
person 0.0217 60 346 78 357
person 0.0191 402 330 424 340
person 0.0184 115 335 139 349
person 0.0171 351 330 367 346
person 0.0161 115 330 137 344
person 0.0155 130 330 155 344
person 0.0146 420 332 445 341
person 0.0131 150 338 172 353
person 0.0070 364 320 380 354
person 0.0061 155 218 171 236
person 0.0057 268 329 288 344
person 0.0054 135 308 151 327
person 0.0050 149 328 173 343
person 0.0050 232 330 254 343
person 0.0048 71 353 94 368
person 0.0043 440 333 457 342
person 0.0042 170 338 190 352
person 0.0041 347 317 405 355
person 0.0040 173 306 193 329
person 0.0040 96 340 117 353
person 0.0037 192 259 207 279
person 0.0037 192 245 208 264
person 0.0033 192 276 206 295
person 0.0032 404 352 424 364
person 0.0031 91 355 119 368
person 0.0031 461 352 481 361
person 0.0030 267 337 287 349
person 0.0030 150 224 169 250
person 0.0029 362 330 425 361
person 0.0029 74 344 97 356
person 0.0029 188 338 215 350
person 0.0026 483 351 498 366
person 0.0026 384 352 404 364
person 0.0026 230 336 254 349
person 0.0026 171 327 191 343
person 0.0025 134 293 151 310
person 0.0025 385 318 406 355
person 0.0025 233 259 248 280
person 0.0025 153 309 172 328
person 0.0023 247 336 271 348
person 0.0023 150 244 166 265
person 0.0023 233 275 249 296
person 0.0022 134 274 150 294
person 0.0022 120 310 133 329
person 0.0020 233 246 248 265
person 0.0020 112 356 138 369
person 0.0020 271 245 286 265
person 0.0019 284 326 303 340
person 0.0019 366 314 386 326
person 0.0018 191 329 213 341
person 0.0018 176 292 192 310
person 0.0018 332 341 352 354
person 0.0017 481 335 495 363
person 0.0017 207 337 235 350
person 0.0015 209 328 234 342
person 0.0014 134 245 151 265
person 0.0014 192 231 210 252
person 0.0014 350 320 368 354
person 0.0014 101 330 116 343
person 0.0014 245 332 268 343
person 0.0013 384 314 405 325
person 0.0013 366 353 389 364
person 0.0013 119 292 134 312
person 0.0013 331 331 387 359
person 0.0012 252 261 267 281
person 0.0012 150 260 166 280
person 0.0012 271 260 284 281
person 0.0012 77 309 92 325
person 0.0012 233 292 250 312
person 0.0012 136 258 153 283
person 0.0012 58 308 76 325
person 0.0012 418 353 441 364
person 0.0011 251 246 267 265
person 0.0011 174 278 190 296
person 0.0011 152 277 168 293
person 0.0010 192 308 209 328
person 0.0010 192 292 207 309
person 0.0010 0 273 9 362
person 0.0010 252 276 268 297
