chair 0.0011 240 167 493 364
person 0.9171 103 -26 474 344
person 0.2991 225 17 498 413
person 0.2029 53 71 296 365
person 0.0102 459 37 500 392
person 0.0077 374 -31 505 346
person 0.0021 17 -5 412 222
person 0.0012 474 144 500 347
person 0.0010 445 -24 499 287
sheep 0.7718 38 160 302 375
sheep 0.0580 5 219 195 375
sheep 0.0038 96 226 170 311
sheep 0.0031 49 257 142 347
sheep 0.0028 133 223 210 318
sheep 0.0020 54 232 137 308
sheep 0.0020 96 205 173 278
sheep 0.0017 173 225 251 314
sheep 0.0014 93 252 172 349
