bus 0.9802 59 132 448 314
bus 0.0391 217 141 413 303
bus 0.0175 446 164 501 229
bus 0.0169 452 176 500 212
bus 0.0140 456 177 501 262
bus 0.0087 409 182 490 254
bus 0.0057 410 166 494 225
bus 0.0045 418 177 480 208
bus 0.0041 283 188 373 255
bus 0.0040 382 154 510 279
bus 0.0033 324 178 405 261
bus 0.0024 463 198 499 246
bus 0.0016 444 229 501 261
bus 0.0016 420 202 474 240
bus 0.0011 72 182 113 216
car 0.2462 20 191 47 205
car 0.0749 25 190 69 215
car 0.0143 50 193 74 212
car 0.0111 24 187 44 198
car 0.0097 484 190 500 215
car 0.0096 1 194 20 209
car 0.0085 44 188 79 219
car 0.0069 9 187 51 214
car 0.0058 63 320 152 345
car 0.0048 24 187 42 216
car 0.0024 2 175 14 227
car 0.0023 38 187 60 219
car 0.0021 32 198 72 230
car 0.0019 485 201 499 224
car 0.0018 33 186 58 197
car 0.0016 472 181 500 222
car 0.0016 484 237 499 259
car 0.0015 0 204 15 222
car 0.0013 55 186 72 221
car 0.0013 57 202 74 220
car 0.0012 484 180 500 199
car 0.0011 455 240 486 257
car 0.0010 -1 185 27 217
car 0.0010 42 202 64 218
car 0.0010 55 185 75 196
car 0.0010 2 181 22 196
person 0.0357 261 200 309 235
person 0.0164 301 200 356 236
person 0.0136 115 194 136 215
person 0.0134 487 180 500 224
person 0.0073 304 179 350 221
person 0.0059 237 191 333 251
person 0.0058 213 197 236 224
person 0.0056 311 208 359 248
person 0.0055 489 195 500 268
person 0.0053 296 211 344 246
person 0.0051 263 180 306 220
person 0.0046 368 234 389 251
person 0.0044 227 199 280 235
person 0.0032 100 193 119 212
person 0.0031 286 164 367 236
person 0.0022 266 200 292 226
person 0.0018 245 166 324 234
person 0.0017 131 190 152 215
person 0.0016 228 179 275 219
person 0.0016 117 203 135 218
person 0.0016 281 199 302 226
person 0.0015 325 207 379 252
person 0.0012 327 195 349 239
person 0.0012 268 209 318 245
person 0.0011 306 215 334 244
person 0.0011 188 187 212 213
person 0.0010 283 186 299 223
