bottle 0.2767 75 296 189 487
bottle 0.0664 290 170 307 194
bottle 0.0513 294 166 315 195
bottle 0.0266 0 372 19 499
bottle 0.0104 294 162 304 196
bottle 0.0101 0 389 14 475
bottle 0.0077 98 324 162 472
bottle 0.0069 51 181 205 487
bottle 0.0045 296 344 369 461
bottle 0.0044 300 143 313 192
bottle 0.0031 297 153 315 182
bottle 0.0021 291 148 323 189
bottle 0.0018 303 380 365 496
bottle 0.0017 289 154 308 182
bottle 0.0017 299 185 321 206
bottle 0.0016 292 143 306 191
bottle 0.0012 0 328 9 461
chair 0.0026 118 188 370 440
diningtable 0.3353 52 384 383 499
diningtable 0.0693 15 312 293 497
diningtable 0.0412 58 352 210 504
diningtable 0.0110 8 430 371 512
diningtable 0.0078 271 358 386 507
diningtable 0.0036 134 333 407 491
diningtable 0.0028 40 254 391 477
diningtable 0.0015 284 177 335 215
person 0.9600 55 62 378 442
person 0.0235 23 98 235 478
person 0.0074 82 42 295 326
person 0.0034 35 142 169 369
person 0.0034 329 133 376 361
person 0.0033 0 259 25 474
person 0.0020 287 144 381 421
person 0.0017 229 187 370 447
person 0.0015 159 44 382 317
person 0.0012 208 110 384 384
pottedplant 0.2597 75 188 117 236
pottedplant 0.0195 60 214 92 267
pottedplant 0.0171 62 198 129 283
pottedplant 0.0126 64 193 96 245
pottedplant 0.0102 337 135 376 224
pottedplant 0.0089 71 204 117 266
pottedplant 0.0071 53 204 101 282
pottedplant 0.0041 83 201 109 235
pottedplant 0.0022 343 170 374 229
pottedplant 0.0018 81 159 117 206
pottedplant 0.0012 71 139 124 227
pottedplant 0.0012 36 115 169 316
pottedplant 0.0011 87 189 105 244
pottedplant 0.0010 93 186 117 218
pottedplant 0.0010 99 186 114 243
