bicycle 0.9632 77 178 293 309
bicycle 0.0045 99 185 257 257
bicycle 0.0018 115 205 358 321
bicycle 0.0015 134 150 340 298
bicycle 0.0013 -15 124 217 308
bottle 0.0010 312 1 407 76
bus 0.8355 284 30 521 203
bus 0.0703 378 -2 503 190
bus 0.0561 206 80 271 160
bus 0.0525 254 11 419 174
bus 0.0224 320 77 404 154
bus 0.0184 290 72 448 193
bus 0.0159 274 64 312 162
bus 0.0099 182 26 307 157
bus 0.0054 292 77 373 157
bus 0.0051 217 21 356 164
bus 0.0049 207 50 281 138
bus 0.0049 363 77 441 154
bus 0.0038 216 102 265 143
bus 0.0024 145 62 289 169
bus 0.0021 296 -11 508 103
bus 0.0021 280 92 311 142
bus 0.0015 436 22 502 210
bus 0.0013 0 14 131 169
car 0.9796 -2 120 267 228
car 0.2076 212 122 263 161
car 0.1953 174 118 272 164
car 0.0336 127 116 273 269
car 0.0205 209 123 266 202
car 0.0164 -5 110 143 264
car 0.0160 280 127 316 165
car 0.0157 289 140 334 178
car 0.0114 285 110 373 178
car 0.0110 -1 43 43 290
car 0.0104 79 120 263 172
car 0.0068 188 105 248 137
car 0.0048 273 113 323 175
car 0.0043 297 128 354 165
car 0.0034 237 131 269 161
car 0.0031 146 96 280 197
car 0.0030 134 123 212 156
car 0.0023 16 108 97 181
car 0.0019 40 128 230 199
car 0.0018 265 135 297 163
car 0.0017 220 138 262 185
car 0.0015 251 137 269 157
car 0.0013 219 138 259 155
car 0.0011 287 140 309 176
car 0.0010 334 0 401 26
person 0.0240 -4 14 43 269
person 0.0212 0 62 29 220
person 0.0174 0 54 11 166
person 0.0033 0 84 10 237
person 0.0024 0 162 24 327
person 0.0020 0 160 12 318
person 0.0020 382 93 422 135
person 0.0016 0 26 27 158
person 0.0012 383 73 419 113
person 0.0012 0 19 10 127
person 0.0011 340 97 390 136
tvmonitor 0.0014 11 30 167 151
tvmonitor 0.0013 42 55 137 124
