car 0.5791 466 94 498 143
car 0.0321 431 82 470 126
car 0.0113 440 97 470 117
car 0.0109 449 89 496 125
car 0.0046 461 92 479 142
car 0.0045 473 102 502 127
car 0.0040 458 95 478 116
car 0.0037 471 94 501 114
car 0.0033 457 101 475 122
car 0.0030 477 84 500 131
car 0.0017 463 104 484 150
chair 0.0025 382 66 436 103
chair 0.0015 375 54 446 110
dog 0.0139 11 12 82 104
horse 0.7174 20 -2 483 350
horse 0.0182 78 120 497 398
horse 0.0111 5 71 344 390
horse 0.0028 -3 -26 196 371
person 0.1077 8 19 81 127
person 0.0018 -3 12 193 395
