bottle 0.0371 124 201 184 299
bottle 0.0051 102 199 163 298
bottle 0.0048 125 234 188 339
bottle 0.0047 122 171 187 267
bottle 0.0037 135 215 175 274
bottle 0.0029 100 172 165 262
bottle 0.0019 117 198 162 239
bottle 0.0013 135 188 175 241
bottle 0.0013 116 215 153 273
chair 0.0269 -3 36 81 379
chair 0.0116 0 259 86 474
chair 0.0081 -1 30 45 163
chair 0.0033 0 -6 80 203
chair 0.0030 5 75 73 193
chair 0.0029 2 312 74 419
chair 0.0020 -1 89 42 254
chair 0.0020 0 33 49 314
chair 0.0014 185 10 254 113
chair 0.0013 116 -5 321 124
diningtable 0.0022 2 7 75 116
person 0.9422 42 59 271 523
person 0.9029 48 -8 383 439
person 0.2355 169 58 370 513
person 0.1819 28 11 238 352
person 0.0242 33 213 395 502
person 0.0126 -6 36 84 313
person 0.0095 229 3 379 191
person 0.0085 129 1 363 279
person 0.0057 -1 18 143 402
person 0.0050 288 93 369 487
person 0.0045 229 159 366 482
person 0.0036 328 135 372 515
person 0.0026 47 15 213 185
person 0.0025 34 149 186 489
person 0.0022 166 0 324 117
person 0.0015 244 9 367 100
person 0.0012 204 4 284 106
person 0.0010 328 14 379 410
