boat 0.0157 0 164 45 200
boat 0.0072 0 150 46 220
boat 0.0041 -4 84 111 352
boat 0.0022 14 15 177 304
boat 0.0017 10 152 187 340
boat 0.0017 9 150 88 224
boat 0.0017 20 170 78 203
boat 0.0010 4 171 46 187
bus 0.6672 27 -26 545 347
bus 0.0113 283 11 520 366
bus 0.0084 9 40 346 335
bus 0.0020 51 175 521 369
bus 0.0013 138 159 186 196
car 0.7503 38 119 377 369
car 0.0132 52 162 231 332
car 0.0071 11 224 489 371
car 0.0017 51 267 307 372
car 0.0015 153 168 175 187
car 0.0012 52 -10 521 281
car 0.0010 29 187 171 355
person 0.0300 208 152 289 220
person 0.0193 222 164 272 205
person 0.0176 189 166 239 204
person 0.0155 174 153 257 220
person 0.0080 186 194 239 232
person 0.0066 225 145 271 184
person 0.0052 211 130 287 197
person 0.0043 261 166 312 206
person 0.0043 248 155 326 221
person 0.0039 167 182 259 246
person 0.0035 172 224 199 243
person 0.0033 131 228 150 242
person 0.0033 204 179 293 248
person 0.0024 220 193 274 234
person 0.0022 148 200 197 236
person 0.0019 191 145 236 184
person 0.0019 242 146 311 185
person 0.0018 303 166 346 208
person 0.0017 150 168 200 199
person 0.0016 446 164 505 381
person 0.0016 249 126 326 198
person 0.0015 380 249 422 290
person 0.0014 371 110 508 376
person 0.0014 383 232 426 271
person 0.0014 462 170 499 323
person 0.0014 174 155 229 200
person 0.0013 293 150 359 227
person 0.0012 0 160 17 178
person 0.0011 176 128 253 198
person 0.0011 289 68 312 88
person 0.0011 169 169 189 187
person 0.0011 0 153 16 207
person 0.0010 372 233 429 314
person 0.0010 415 219 464 331
person 0.0010 77 237 99 258
