boat 0.0078 43 145 313 293
chair 0.0021 28 160 73 201
motorbike 0.0011 13 194 328 341
person 0.4379 222 166 285 263
person 0.3125 169 169 204 213
person 0.1529 183 190 217 235
person 0.0685 171 181 229 255
person 0.0434 196 193 218 219
person 0.0386 160 189 208 226
person 0.0384 176 167 202 198
person 0.0313 186 173 208 212
person 0.0290 177 196 236 282
person 0.0275 235 184 273 242
person 0.0113 225 179 256 234
person 0.0081 158 201 211 239
person 0.0063 174 163 221 230
person 0.0063 227 180 246 205
person 0.0055 189 211 227 265
person 0.0049 205 197 223 220
person 0.0048 273 182 291 201
person 0.0045 226 193 248 221
person 0.0041 227 211 255 263
person 0.0041 13 136 255 301
person 0.0029 196 197 233 249
person 0.0020 207 182 224 204
person 0.0018 106 186 131 206
person 0.0016 244 209 262 268
person 0.0015 250 181 264 206
person 0.0014 246 183 264 232
person 0.0013 290 169 307 193
person 0.0013 119 201 232 278
person 0.0012 200 191 233 226
person 0.0011 246 194 262 220
person 0.0011 249 173 266 219
person 0.0010 174 200 199 221
pottedplant 0.0095 0 143 49 220
pottedplant 0.0060 5 159 45 204
pottedplant 0.0028 5 140 44 187
pottedplant 0.0010 1 145 15 211
train 0.0564 179 147 326 293
train 0.0485 66 168 348 315
train 0.0195 180 157 402 331
