boat 0.0025 250 73 469 339
boat 0.0010 381 163 480 199
bus 0.6132 77 -27 430 373
bus 0.0369 99 129 405 404
bus 0.0355 2 48 108 424
bus 0.0151 19 38 169 443
bus 0.0112 66 73 275 408
bus 0.0055 230 83 415 394
bus 0.0040 35 12 237 335
bus 0.0028 -3 33 67 378
car 0.9781 384 193 505 267
car 0.0524 376 207 496 385
car 0.0130 389 292 502 369
car 0.0071 390 190 495 228
car 0.0055 469 224 499 266
car 0.0053 397 164 474 191
car 0.0045 448 190 497 227
car 0.0037 385 260 500 341
car 0.0037 447 201 493 258
car 0.0034 466 202 503 253
car 0.0033 335 180 499 292
car 0.0031 480 199 499 216
car 0.0030 12 0 95 27
car 0.0029 269 145 438 389
car 0.0026 482 192 500 209
car 0.0024 474 246 495 267
car 0.0024 485 197 501 258
car 0.0012 10 1 48 13
car 0.0010 385 189 440 226
car 0.0010 388 208 495 302
car 0.0010 384 155 485 202
chair 0.0052 149 188 183 239
chair 0.0050 146 179 198 293
chair 0.0022 0 304 47 411
person 0.0399 266 115 311 161
person 0.0203 255 106 321 181
person 0.0138 138 126 183 171
person 0.0124 130 130 170 178
person 0.0088 387 186 400 207
person 0.0082 441 188 461 200
person 0.0078 282 115 303 143
person 0.0072 112 183 140 238
person 0.0071 112 163 150 258
person 0.0049 257 129 324 212
person 0.0044 281 108 300 132
person 0.0043 275 96 309 141
person 0.0040 30 215 64 260
person 0.0039 270 145 312 190
person 0.0039 485 150 500 211
person 0.0038 128 116 194 181
person 0.0031 386 199 404 220
person 0.0028 4 185 53 292
person 0.0027 166 141 184 162
person 0.0024 117 128 169 199
person 0.0021 19 192 73 283
person 0.0021 404 189 424 205
person 0.0020 421 189 444 203
person 0.0019 20 227 63 281
person 0.0019 148 135 170 172
person 0.0018 252 77 320 156
person 0.0017 484 280 499 363
person 0.0016 8 236 44 285
person 0.0016 8 214 45 263
person 0.0015 139 138 161 180
person 0.0014 273 108 293 158
person 0.0013 0 204 9 312
person 0.0012 459 191 482 204
person 0.0012 281 76 299 130
person 0.0011 190 118 228 167
person 0.0010 436 201 463 216
person 0.0010 274 115 294 143
person 0.0010 400 200 422 218
person 0.0010 486 172 500 225
tvmonitor 0.0314 118 307 167 345
tvmonitor 0.0190 121 294 169 372
tvmonitor 0.0010 -1 102 54 193
