aeroplane 0.7447 47 111 522 260
aeroplane 0.5367 28 165 382 251
aeroplane 0.0229 59 188 291 259
aeroplane 0.0184 330 133 377 169
aeroplane 0.0092 315 130 361 172
aeroplane 0.0062 309 130 411 181
aeroplane 0.0056 244 130 335 192
aeroplane 0.0024 202 155 299 218
aeroplane 0.0018 127 204 282 250
aeroplane 0.0016 153 156 268 217
aeroplane 0.0016 -11 120 292 261
aeroplane 0.0016 209 129 293 194
aeroplane 0.0012 227 154 342 215
aeroplane 0.0011 240 89 471 234
car 0.0136 440 232 502 255
car 0.0110 394 210 499 259
car 0.0063 446 212 502 260
car 0.0052 476 240 500 256
car 0.0047 363 207 382 220
car 0.0044 466 227 501 257
car 0.0035 345 204 459 264
car 0.0028 399 242 429 253
car 0.0027 27 228 67 250
car 0.0027 484 223 499 260
car 0.0026 418 236 482 258
car 0.0025 479 236 501 251
car 0.0021 34 218 81 248
car 0.0021 315 114 404 171
car 0.0021 330 124 375 164
car 0.0020 488 198 500 254
car 0.0016 32 233 61 248
car 0.0015 175 223 269 248
car 0.0015 414 218 482 254
car 0.0013 458 240 487 255
car 0.0011 386 183 492 248
person 0.3629 3 212 20 249
person 0.0094 -2 199 30 257
person 0.0050 14 211 32 247
person 0.0027 246 193 267 210
person 0.0025 3 208 40 249
person 0.0024 76 38 499 237
person 0.0020 348 201 401 262
person 0.0014 72 224 86 235
person 0.0014 114 236 132 250
person 0.0014 171 129 252 195
person 0.0013 191 209 212 223
person 0.0011 249 105 334 174
person 0.0011 246 184 268 218
person 0.0010 235 194 252 210
person 0.0010 64 225 82 236
