chair 0.0038 103 135 341 331
chair 0.0032 246 19 311 46
chair 0.0029 184 22 252 44
chair 0.0025 399 311 487 332
chair 0.0014 397 268 489 333
chair 0.0012 365 301 518 332
chair 0.0012 283 8 372 56
chair 0.0011 216 21 290 44
chair 0.0010 297 19 360 49
diningtable 0.0020 302 301 504 332
diningtable 0.0015 352 310 454 333
person 0.9545 135 95 351 330
person 0.0050 296 293 419 332
person 0.0028 325 299 391 332
person 0.0027 183 86 457 344
person 0.0016 209 259 425 331
person 0.0012 262 270 390 335
person 0.0010 150 203 415 323
pottedplant 0.0011 460 257 500 338
tvmonitor 0.0958 423 155 466 187
tvmonitor 0.0051 5 0 118 16
tvmonitor 0.0013 4 0 180 23
