car 0.0019 459 20 498 61
chair 0.1054 61 104 349 370
chair 0.0162 299 48 439 332
chair 0.0057 19 227 395 368
chair 0.0018 242 289 338 375
chair 0.0017 178 279 401 369
chair 0.0014 1 121 197 369
chair 0.0013 295 115 352 200
chair 0.0013 35 95 174 276
person 0.8171 46 71 305 361
person 0.1236 153 79 326 311
person 0.0295 287 54 442 371
person 0.0208 121 66 435 363
person 0.0180 39 97 225 277
person 0.0119 421 15 438 34
person 0.0014 17 69 186 365
sofa 0.0506 27 159 321 373
sofa 0.0018 133 -2 300 35
tvmonitor 0.0066 382 7 494 67
tvmonitor 0.0011 0 85 49 179
