bicycle 0.9890 41 63 459 308
bicycle 0.0112 64 77 288 300
bicycle 0.0072 72 35 355 237
bicycle 0.0039 201 51 438 278
bicycle 0.0014 94 55 202 209
bicycle 0.0010 180 348 245 374
bottle 0.0090 226 141 268 185
bottle 0.0083 214 159 263 197
bottle 0.0045 216 147 280 219
bottle 0.0030 233 163 280 197
bottle 0.0011 199 146 247 185
person 0.0505 129 55 196 141
person 0.0079 138 52 188 99
person 0.0042 121 45 177 108
person 0.0032 114 54 225 213
person 0.0020 137 69 190 110
person 0.0013 211 345 233 366
