car 0.9347 78 206 178 259
car 0.8558 70 199 339 373
car 0.5417 296 215 448 308
car 0.0995 121 208 213 246
car 0.0315 70 202 268 276
car 0.0308 93 207 193 239
car 0.0273 221 200 298 216
car 0.0216 168 199 257 218
car 0.0199 208 204 241 213
car 0.0190 126 204 290 255
car 0.0097 75 208 147 243
car 0.0078 181 205 225 214
car 0.0076 222 204 254 213
car 0.0064 235 202 286 212
car 0.0059 108 206 143 214
car 0.0052 167 205 197 215
car 0.0052 170 206 248 241
car 0.0050 134 201 217 221
car 0.0049 158 210 408 328
car 0.0049 100 229 167 267
car 0.0041 156 205 178 214
car 0.0037 220 206 345 261
car 0.0033 51 211 232 324
car 0.0029 127 207 161 215
car 0.0023 328 220 401 254
car 0.0022 104 222 240 285
car 0.0020 314 220 369 251
car 0.0019 96 202 170 224
car 0.0018 246 209 321 243
car 0.0016 217 204 287 239
car 0.0016 292 217 385 299
car 0.0015 77 211 96 226
car 0.0013 448 60 501 151
car 0.0013 55 218 156 283
car 0.0012 98 206 119 216
car 0.0011 454 82 498 124
car 0.0010 133 205 232 234
car 0.0010 149 211 178 225
person 0.0053 0 184 10 262
person 0.0014 418 219 468 298
tvmonitor 0.0015 355 63 400 104
tvmonitor 0.0015 362 61 391 80
