bus 0.9864 63 27 512 285
bus 0.1079 463 85 498 162
bus 0.1061 69 16 296 295
bus 0.0530 485 107 499 158
bus 0.0456 470 109 501 156
bus 0.0372 413 80 488 175
bus 0.0181 295 69 486 243
bus 0.0102 481 122 499 149
bus 0.0098 41 33 245 225
bus 0.0053 483 65 499 159
bus 0.0053 94 103 176 161
bus 0.0031 437 94 508 152
bus 0.0024 421 104 475 150
bus 0.0023 479 112 500 137
bus 0.0016 379 77 498 228
bus 0.0012 486 122 499 177
bus 0.0011 442 48 508 207
bus 0.0010 421 102 480 202
car 0.3700 37 127 84 151
car 0.3194 5 127 42 154
car 0.3156 62 121 109 152
car 0.0708 47 132 91 149
car 0.0335 108 117 157 150
car 0.0240 0 130 25 148
car 0.0228 80 119 129 159
car 0.0183 0 139 24 156
car 0.0177 100 114 143 160
car 0.0119 0 133 30 164
car 0.0118 68 129 98 147
car 0.0116 31 132 66 146
car 0.0115 21 138 44 154
car 0.0085 2 119 21 160
car 0.0059 57 111 117 158
car 0.0044 2 111 45 160
car 0.0044 36 141 54 152
car 0.0039 56 126 81 154
car 0.0037 32 133 75 164
car 0.0031 52 138 80 151
car 0.0028 111 124 135 145
car 0.0026 89 134 127 165
car 0.0025 0 114 24 132
car 0.0020 -1 122 42 193
car 0.0019 73 121 93 156
car 0.0016 87 129 124 144
car 0.0013 79 104 133 148
car 0.0012 -2 105 29 146
car 0.0011 483 138 498 156
car 0.0010 21 131 41 163
car 0.0010 94 116 117 133
person 0.4735 34 156 53 207
person 0.2341 158 116 200 152
person 0.1134 184 111 227 154
person 0.0990 144 119 183 156
person 0.0968 0 149 16 208
person 0.0674 5 157 37 207
person 0.0533 144 134 184 163
person 0.0283 195 117 240 158
person 0.0263 175 114 196 156
person 0.0262 119 118 164 158
person 0.0206 144 105 214 161
person 0.0190 12 176 32 212
person 0.0189 173 100 238 167
person 0.0182 175 130 221 165
person 0.0118 156 132 209 164
person 0.0111 153 129 177 146
person 0.0088 11 148 46 213
person 0.0080 186 115 210 156
person 0.0060 112 114 130 134
person 0.0056 113 134 156 165
person 0.0054 193 129 235 170
person 0.0054 1 142 26 193
person 0.0043 133 118 154 159
person 0.0041 30 152 66 209
person 0.0039 178 109 196 138
person 0.0035 138 146 190 177
person 0.0032 206 119 229 156
person 0.0026 114 115 134 159
person 0.0026 131 127 158 148
person 0.0025 139 120 213 184
person 0.0021 0 173 27 213
person 0.0020 186 132 210 164
person 0.0017 0 148 22 177
person 0.0016 482 135 498 191
person 0.0015 467 129 494 177
person 0.0015 179 116 244 188
person 0.0015 214 119 256 156
person 0.0015 154 106 173 146
person 0.0015 230 108 273 151
person 0.0014 191 108 211 135
person 0.0014 172 145 228 178
person 0.0013 150 173 172 192
person 0.0012 134 138 158 161
person 0.0010 0 166 16 192
person 0.0010 150 151 176 171
person 0.0010 205 103 227 146
