bottle 0.3290 371 190 447 302
bottle 0.0043 375 152 433 255
bottle 0.0038 353 104 455 300
bottle 0.0024 133 130 200 177
bottle 0.0021 308 219 403 276
bottle 0.0013 91 129 187 178
bottle 0.0011 408 199 483 301
chair 0.0251 271 0 462 118
chair 0.0120 -7 139 202 311
chair 0.0045 432 188 504 310
chair 0.0027 326 50 420 120
chair 0.0025 -23 179 374 306
chair 0.0016 280 56 379 111
chair 0.0013 306 27 423 93
diningtable 0.0109 369 187 509 309
diningtable 0.0052 237 204 488 294
diningtable 0.0048 358 219 454 307
diningtable 0.0028 183 168 458 287
dog 0.8167 259 222 381 272
dog 0.0346 150 207 434 288
dog 0.0288 261 229 317 265
dog 0.0016 278 235 360 268
person 0.9574 5 36 423 318
person 0.1207 175 38 469 270
person 0.0942 328 41 477 224
person 0.0332 45 266 81 309
person 0.0173 -5 33 210 278
person 0.0150 273 45 458 172
person 0.0149 355 49 436 120
person 0.0091 226 23 440 142
person 0.0078 386 39 493 262
person 0.0044 23 268 93 307
person 0.0044 331 37 457 136
person 0.0023 441 15 497 246
person 0.0018 -4 20 62 289
person 0.0016 32 259 79 299
person 0.0012 0 252 9 305
person 0.0012 50 264 73 300
person 0.0011 0 273 56 307
sofa 0.0272 -10 143 437 299
