chair 0.0441 302 220 360 346
chair 0.0121 289 145 372 362
chair 0.0121 339 175 373 333
chair 0.0036 225 116 380 453
chair 0.0021 4 93 145 480
chair 0.0016 339 99 372 243
chair 0.0014 330 131 379 371
chair 0.0011 281 180 376 473
chair 0.0011 309 251 352 319
chair 0.0010 331 177 375 222
diningtable 0.0297 20 306 413 493
diningtable 0.0055 7 8 145 421
diningtable 0.0011 -6 207 322 502
person 0.9631 31 16 338 411
person 0.6239 23 10 120 115
person 0.0891 4 139 310 492
person 0.0318 -1 42 35 137
person 0.0125 -1 50 21 120
person 0.0125 10 -7 193 433
person 0.0056 0 58 11 143
person 0.0049 70 -10 305 195
person 0.0045 145 35 389 453
person 0.0042 2 29 30 90
person 0.0035 39 4 115 66
person 0.0027 0 5 9 85
person 0.0024 0 27 11 114
person 0.0021 224 94 376 404
person 0.0016 11 15 135 254
person 0.0015 284 65 378 364
person 0.0010 18 2 244 120
sofa 0.0357 6 131 367 502
