bicycle 0.0222 259 405 334 497
bicycle 0.0045 294 393 334 504
bicycle 0.0018 260 236 293 274
bicycle 0.0016 231 401 309 491
bicycle 0.0014 204 388 338 499
bicycle 0.0013 273 421 320 474
bicycle 0.0012 290 450 338 498
person 0.9101 114 224 205 433
person 0.0287 233 243 258 286
person 0.0071 235 245 248 283
person 0.0042 215 220 230 254
person 0.0036 224 393 271 424
person 0.0025 98 298 229 489
person 0.0024 232 400 291 429
person 0.0023 201 222 217 250
person 0.0013 73 213 85 232
person 0.0011 0 196 6 285
