bicycle 0.8131 -6 165 280 315
bicycle 0.0135 33 132 171 306
bicycle 0.0062 8 173 131 309
bicycle 0.0019 81 156 171 185
bicycle 0.0018 100 145 190 172
boat 0.0011 -1 13 54 120
bus 0.0032 178 135 248 158
bus 0.0025 224 135 280 157
bus 0.0018 159 123 265 166
car 0.9754 340 122 492 210
car 0.0336 349 119 467 176
car 0.0207 415 126 491 162
car 0.0140 275 136 320 159
car 0.0102 373 126 436 156
car 0.0080 278 142 310 156
car 0.0069 449 126 499 155
car 0.0067 339 128 388 156
car 0.0050 0 93 55 188
car 0.0035 305 142 324 157
car 0.0033 361 139 384 152
car 0.0022 275 141 294 158
car 0.0022 298 133 350 156
car 0.0022 319 143 349 155
car 0.0017 327 114 405 173
car 0.0016 -4 180 55 254
car 0.0015 2 101 50 135
car 0.0013 315 128 498 300
car 0.0012 85 135 177 197
diningtable 0.0014 47 198 534 336
person 0.9068 60 85 148 258
person 0.0058 9 84 123 247
person 0.0054 459 130 479 142
person 0.0051 482 128 498 143
person 0.0039 88 113 254 277
person 0.0027 92 167 163 268
person 0.0022 351 139 370 152
person 0.0020 456 135 479 152
person 0.0017 486 115 499 158
person 0.0016 446 128 465 141
person 0.0015 440 137 465 154
person 0.0014 286 129 307 145
person 0.0013 484 113 499 128
person 0.0010 211 139 232 151
