bus 0.0013 -5 24 204 256
car 0.9937 95 114 470 257
car 0.0409 -9 39 437 259
car 0.0166 34 98 328 240
chair 0.0076 372 7 504 166
person 0.0438 242 119 276 155
person 0.0379 249 123 270 152
person 0.0090 255 121 308 154
person 0.0070 220 118 267 153
person 0.0047 288 115 306 157
person 0.0044 273 119 320 152
person 0.0036 293 121 338 152
person 0.0027 285 124 309 147
person 0.0026 228 113 337 161
person 0.0025 304 118 326 155
person 0.0025 263 118 283 154
person 0.0020 112 -7 461 138
person 0.0013 260 132 288 154
person 0.0012 232 119 255 153
