bicycle 0.9980 -17 59 512 316
bicycle 0.1262 181 29 458 286
bicycle 0.0112 12 31 327 244
bicycle 0.0108 24 50 186 217
bicycle 0.0079 237 34 410 174
bicycle 0.0040 296 56 499 379
bicycle 0.0026 29 151 469 379
bicycle 0.0011 272 45 373 113
bottle 0.1495 220 143 269 188
bottle 0.0731 213 149 273 213
bottle 0.0149 200 158 249 197
bottle 0.0131 239 192 273 225
bottle 0.0127 219 194 265 225
bottle 0.0108 218 204 265 239
bottle 0.0097 194 144 251 184
bottle 0.0093 215 138 269 169
bottle 0.0081 186 150 258 217
bottle 0.0072 237 177 276 212
bottle 0.0065 197 137 246 168
bottle 0.0064 182 131 260 192
bottle 0.0052 229 157 280 196
bottle 0.0050 214 180 279 248
bottle 0.0046 212 174 267 209
bottle 0.0031 180 162 225 197
bottle 0.0030 238 201 275 238
bottle 0.0027 181 149 225 182
bottle 0.0023 252 162 302 195
bottle 0.0023 250 148 301 182
bottle 0.0021 178 135 226 167
bottle 0.0021 199 191 248 225
bottle 0.0020 253 176 299 210
bottle 0.0019 251 202 267 239
bottle 0.0017 181 177 251 248
bottle 0.0013 245 210 271 231
bottle 0.0013 217 124 264 156
bottle 0.0012 249 176 268 215
bottle 0.0011 218 217 262 253
bottle 0.0011 193 123 246 154
bottle 0.0010 197 206 251 240
bottle 0.0010 179 175 220 213
chair 0.0098 397 58 501 375
chair 0.0030 399 0 497 199
chair 0.0029 451 35 495 168
chair 0.0026 413 50 484 151
chair 0.0010 456 152 498 328
person 0.0505 441 71 502 357
person 0.0116 397 11 499 308
person 0.0079 448 112 495 258
person 0.0019 0 15 10 112
person 0.0017 436 -14 499 218
pottedplant 0.0014 36 85 80 127
pottedplant 0.0011 23 77 87 173
