car 0.0015 206 0 232 11
chair 0.7390 0 73 192 361
chair 0.6294 15 0 172 154
chair 0.0193 78 143 249 344
chair 0.0180 -1 7 28 137
chair 0.0134 -1 -6 130 110
chair 0.0130 -6 8 135 316
chair 0.0092 -3 104 59 328
chair 0.0092 -1 118 42 252
chair 0.0066 19 76 399 358
chair 0.0065 21 17 96 125
chair 0.0055 88 2 168 84
chair 0.0040 0 20 13 113
chair 0.0036 63 -3 187 106
chair 0.0032 48 16 150 128
chair 0.0027 -8 181 129 360
chair 0.0026 -3 173 42 320
chair 0.0025 1 42 27 105
chair 0.0018 0 44 32 209
chair 0.0017 142 -1 202 89
chair 0.0015 1 6 48 252
chair 0.0013 -4 -9 49 147
chair 0.0013 20 197 90 298
chair 0.0010 0 15 29 68
chair 0.0010 37 3 210 252
person 0.5423 254 94 474 284
person 0.0629 23 23 220 359
person 0.0550 426 0 479 30
person 0.0378 99 8 490 318
person 0.0208 409 0 460 31
person 0.0131 205 17 453 256
person 0.0110 376 121 492 298
person 0.0105 374 0 452 32
person 0.0064 403 -1 487 38
person 0.0059 -2 -12 32 104
person 0.0055 443 0 497 31
person 0.0035 425 0 450 22
person 0.0029 438 0 471 22
person 0.0028 -1 34 12 123
person 0.0027 0 -2 115 47
person 0.0025 397 0 430 11
person 0.0025 9 289 96 367
person 0.0023 0 -5 12 76
person 0.0018 358 0 383 18
person 0.0016 432 -5 508 40
person 0.0015 87 0 129 46
person 0.0014 48 -1 151 49
person 0.0014 344 -3 398 26
person 0.0012 20 0 94 33
person 0.0011 452 0 483 17
person 0.0011 367 127 447 251
pottedplant 0.0026 345 0 370 15
