bicycle 0.0022 78 32 502 344
boat 0.7990 181 95 269 160
boat 0.1416 205 104 263 150
boat 0.0160 136 85 303 172
boat 0.0099 55 37 523 281
boat 0.0095 46 48 308 157
boat 0.0034 117 96 242 153
boat 0.0019 146 107 211 141
boat 0.0017 160 75 274 147
boat 0.0014 230 106 277 142
boat 0.0011 216 95 270 125
boat 0.0010 191 127 244 166
motorbike 0.9356 284 56 462 326
motorbike 0.0977 287 139 390 340
motorbike 0.0020 187 14 486 255
motorbike 0.0015 302 165 345 317
motorbike 0.0014 325 162 402 270
motorbike 0.0014 324 175 454 355
motorbike 0.0013 185 127 398 355
person 0.8817 298 120 434 358
person 0.0141 110 57 165 89
person 0.0026 97 50 177 95
person 0.0017 230 112 252 125
