car 0.1237 398 18 424 33
car 0.0159 383 8 428 35
car 0.0075 402 7 422 39
car 0.0058 397 21 428 41
car 0.0044 401 3 424 16
car 0.0043 386 15 412 30
car 0.0021 385 26 408 38
car 0.0018 455 1 483 13
car 0.0017 451 3 495 34
car 0.0014 384 2 410 15
car 0.0014 458 9 487 27
car 0.0013 381 19 425 50
car 0.0012 479 7 499 29
car 0.0010 401 8 456 37
chair 0.9145 314 132 496 355
chair 0.7808 374 106 496 269
chair 0.6318 153 104 204 198
chair 0.5646 186 84 238 178
chair 0.4907 341 64 396 135
chair 0.3964 264 230 478 371
chair 0.2607 230 65 277 149
chair 0.1746 404 90 487 170
chair 0.1184 79 125 139 240
chair 0.1161 418 66 481 136
chair 0.1127 446 81 497 178
chair 0.0701 444 12 497 131
chair 0.0548 336 84 391 166
chair 0.0534 198 88 240 130
chair 0.0506 365 60 388 74
chair 0.0463 425 80 469 127
chair 0.0445 326 111 402 206
chair 0.0376 420 102 471 144
chair 0.0314 382 105 445 215
chair 0.0268 236 76 275 118
chair 0.0267 173 165 482 379
chair 0.0246 91 118 155 210
chair 0.0245 364 64 423 140
chair 0.0234 49 88 157 351
chair 0.0227 338 106 373 161
chair 0.0196 346 98 388 146
chair 0.0189 220 82 263 133
chair 0.0180 289 86 443 290
chair 0.0176 348 62 396 101
chair 0.0153 457 102 496 153
chair 0.0149 258 88 316 172
chair 0.0148 268 57 314 148
chair 0.0140 435 80 502 241
chair 0.0139 334 83 384 131
chair 0.0125 392 67 494 206
chair 0.0120 360 96 465 230
chair 0.0120 360 161 459 266
chair 0.0116 379 85 434 175
chair 0.0115 228 19 277 133
chair 0.0102 335 70 385 110
chair 0.0102 457 77 497 128
chair 0.0101 371 100 417 137
chair 0.0099 293 83 342 132
chair 0.0098 -6 95 60 347
chair 0.0093 186 92 227 127
chair 0.0089 -10 134 125 358
chair 0.0081 307 98 359 142
chair 0.0080 374 76 415 126
chair 0.0075 305 153 338 201
chair 0.0073 279 83 314 132
chair 0.0070 298 110 348 205
chair 0.0066 116 72 239 243
chair 0.0066 158 64 265 197
chair 0.0066 188 124 225 178
chair 0.0066 150 119 189 180
chair 0.0063 335 164 408 264
chair 0.0059 154 104 200 142
chair 0.0058 295 85 353 175
chair 0.0053 186 53 310 204
chair 0.0053 198 109 238 159
chair 0.0051 82 134 132 191
chair 0.0049 0 148 48 291
chair 0.0042 260 86 301 132
chair 0.0041 359 56 392 77
chair 0.0040 73 73 274 305
chair 0.0039 390 101 425 148
chair 0.0037 309 73 359 108
chair 0.0036 485 48 500 139
chair 0.0036 142 135 204 228
chair 0.0036 274 333 448 376
chair 0.0034 256 119 303 154
chair 0.0034 312 137 332 196
chair 0.0033 321 227 420 323
chair 0.0033 308 174 358 210
chair 0.0031 322 172 388 214
chair 0.0031 359 67 386 83
chair 0.0030 238 65 275 100
chair 0.0030 410 132 471 180
chair 0.0029 225 117 286 191
chair 0.0029 343 132 391 182
chair 0.0027 326 193 418 293
chair 0.0027 484 81 498 162
chair 0.0026 289 341 370 373
chair 0.0024 224 64 261 99
chair 0.0023 85 147 130 215
chair 0.0023 308 185 330 204
chair 0.0022 200 -1 296 146
chair 0.0021 460 127 495 182
chair 0.0021 238 98 279 147
chair 0.0020 239 134 277 176
chair 0.0020 457 44 498 96
chair 0.0019 74 147 130 283
chair 0.0018 368 108 422 158
chair 0.0018 433 122 506 364
chair 0.0018 340 247 456 351
chair 0.0018 455 142 502 286
chair 0.0017 101 132 147 190
chair 0.0017 313 344 410 375
chair 0.0017 374 136 418 192
chair 0.0016 302 57 419 210
chair 0.0015 160 138 198 189
chair 0.0015 288 252 373 350
chair 0.0015 329 185 384 229
chair 0.0015 355 171 397 214
chair 0.0015 183 80 227 113
chair 0.0014 257 129 308 172
chair 0.0014 469 97 502 144
chair 0.0014 310 150 330 176
chair 0.0014 429 43 471 98
chair 0.0014 235 317 496 386
chair 0.0013 486 115 499 245
chair 0.0013 472 70 501 116
chair 0.0013 360 81 389 100
chair 0.0013 177 180 197 200
chair 0.0013 319 137 339 196
chair 0.0012 244 72 271 88
chair 0.0012 346 121 368 150
chair 0.0012 372 216 503 373
chair 0.0012 365 78 390 135
chair 0.0012 339 68 364 89
chair 0.0012 481 81 499 103
chair 0.0012 372 154 413 202
chair 0.0012 307 164 329 193
chair 0.0012 155 159 195 205
chair 0.0012 243 82 271 102
chair 0.0011 222 48 262 84
chair 0.0011 390 128 428 184
chair 0.0011 339 79 365 100
chair 0.0011 307 130 341 188
chair 0.0011 470 53 502 102
chair 0.0011 322 83 346 102
chair 0.0011 100 153 143 210
chair 0.0011 63 67 194 261
chair 0.0010 218 0 281 90
chair 0.0010 205 95 234 117
chair 0.0010 319 184 343 205
chair 0.0010 237 48 276 85
chair 0.0010 192 96 218 117
chair 0.0010 119 173 166 216
chair 0.0010 319 99 346 116
chair 0.0010 305 81 326 106
diningtable 0.2100 -2 49 503 386
diningtable 0.0159 169 119 480 375
diningtable 0.0069 20 213 475 379
diningtable 0.0026 255 62 396 255
person 0.0291 43 119 156 374
person 0.0198 438 0 500 146
person 0.0095 32 119 314 376
person 0.0011 454 0 498 32
person 0.0010 70 207 130 335
pottedplant 0.0664 283 11 363 127
pottedplant 0.0177 263 120 320 195
pottedplant 0.0113 291 52 361 146
pottedplant 0.0065 272 11 326 132
pottedplant 0.0038 300 108 338 159
pottedplant 0.0034 270 136 311 185
pottedplant 0.0029 302 125 336 176
pottedplant 0.0022 310 138 331 161
pottedplant 0.0018 181 49 399 269
pottedplant 0.0016 273 157 317 196
pottedplant 0.0015 272 49 380 222
pottedplant 0.0013 312 120 329 183
pottedplant 0.0012 253 143 327 216
pottedplant 0.0011 305 123 327 146
