bird 0.2809 7 140 58 229
bird 0.0236 14 165 72 235
bird 0.0112 12 164 49 205
bird 0.0103 17 125 71 207
bird 0.0082 -5 137 66 265
bird 0.0080 10 183 47 222
bird 0.0062 27 160 64 206
bird 0.0025 27 182 66 221
bird 0.0023 76 168 119 195
bird 0.0018 -1 181 27 217
bird 0.0017 28 141 65 181
bird 0.0015 12 143 47 180
bird 0.0013 57 156 132 208
bird 0.0011 0 173 16 225
bird 0.0011 58 163 85 176
boat 0.0090 128 155 374 259
car 0.0070 287 92 500 265
car 0.0061 381 42 502 241
car 0.0039 416 108 478 175
car 0.0036 450 129 500 193
car 0.0014 455 144 499 176
car 0.0013 421 124 467 158
car 0.0012 421 144 474 176
chair 0.0028 288 136 510 263
person 0.9124 265 54 459 265
person 0.2771 134 36 150 54
person 0.0290 230 171 274 203
person 0.0277 133 179 231 219
person 0.0245 214 167 289 209
person 0.0173 157 51 422 275
person 0.0155 6 118 56 212
person 0.0127 4 106 92 230
person 0.0110 146 185 215 211
person 0.0106 151 177 209 204
person 0.0092 101 164 318 247
person 0.0071 145 166 270 210
person 0.0048 122 37 155 58
person 0.0041 1 124 185 241
person 0.0039 452 140 497 227
person 0.0032 222 184 277 210
person 0.0032 142 128 354 242
person 0.0023 120 41 136 53
person 0.0021 115 190 169 214
person 0.0020 240 155 325 217
person 0.0020 227 168 266 193
person 0.0017 33 127 70 153
person 0.0016 0 159 15 220
person 0.0016 487 141 500 235
person 0.0015 0 116 10 197
person 0.0015 175 173 243 203
person 0.0014 127 29 158 54
person 0.0013 89 181 194 224
person 0.0013 1 179 45 265
person 0.0012 248 171 297 208
person 0.0011 380 18 505 223
person 0.0010 20 154 254 255
person 0.0010 460 73 498 164
