aeroplane 0.0120 -5 167 514 373
bicycle 0.8616 9 -24 565 339
bicycle 0.1729 59 120 524 360
bicycle 0.0108 -1 20 429 195
bicycle 0.0072 255 7 534 366
bicycle 0.0056 370 276 517 375
bicycle 0.0054 108 -6 540 217
bicycle 0.0035 1 -1 280 317
bicycle 0.0035 279 158 523 379
bicycle 0.0020 436 283 499 374
bicycle 0.0016 439 164 503 383
bicycle 0.0014 297 5 498 203
car 0.3157 36 45 543 381
car 0.0012 64 225 513 364
chair 0.0108 272 -6 519 318
chair 0.0032 7 38 191 332
chair 0.0023 393 5 496 83
chair 0.0022 -16 46 296 381
chair 0.0019 375 5 501 141
person 0.0062 189 352 251 376
person 0.0034 200 360 238 376
person 0.0026 265 360 297 375
person 0.0020 206 350 288 374
person 0.0019 54 366 83 375
person 0.0013 224 300 248 322
person 0.0012 242 353 312 376
person 0.0011 14 352 88 375
person 0.0011 222 287 248 305
person 0.0010 219 362 259 376
person 0.0010 462 181 499 308
