boat 0.3705 73 59 358 314
boat 0.2208 12 82 43 90
boat 0.1190 7 76 53 90
boat 0.0995 111 137 318 290
boat 0.0957 98 81 114 89
boat 0.0836 74 -3 281 235
boat 0.0680 37 81 58 89
boat 0.0425 3 78 20 88
boat 0.0316 19 73 84 96
boat 0.0276 176 50 402 287
boat 0.0244 78 81 99 89
boat 0.0243 462 82 490 89
boat 0.0188 252 80 268 89
boat 0.0154 56 80 76 89
boat 0.0118 266 81 290 89
boat 0.0080 78 69 122 97
boat 0.0077 327 81 351 90
boat 0.0071 39 74 96 91
boat 0.0065 286 80 312 89
boat 0.0064 114 79 129 88
boat 0.0059 305 81 330 89
boat 0.0057 3 49 43 85
boat 0.0057 275 76 323 93
boat 0.0056 0 28 49 101
boat 0.0050 20 33 91 96
boat 0.0045 257 75 302 92
boat 0.0044 63 74 114 90
boat 0.0043 294 76 342 94
boat 0.0042 12 85 42 94
boat 0.0040 254 146 331 228
boat 0.0039 32 51 78 85
boat 0.0038 320 89 357 127
boat 0.0038 314 100 354 139
boat 0.0035 311 76 355 105
boat 0.0035 324 84 390 151
boat 0.0033 88 73 123 90
boat 0.0033 345 82 368 90
boat 0.0032 251 85 271 97
boat 0.0032 256 82 303 103
boat 0.0032 263 86 287 96
boat 0.0032 362 81 382 90
boat 0.0030 35 86 57 94
boat 0.0030 307 81 367 153
boat 0.0028 332 88 352 100
boat 0.0028 294 82 343 106
boat 0.0027 1 82 58 98
boat 0.0025 12 60 92 105
boat 0.0025 274 55 392 243
boat 0.0025 274 82 324 104
boat 0.0025 419 82 449 90
boat 0.0024 340 88 362 102
boat 0.0023 270 145 320 182
boat 0.0023 78 47 115 83
boat 0.0022 334 92 379 133
boat 0.0022 21 67 39 79
boat 0.0022 314 118 331 132
boat 0.0022 0 66 15 79
boat 0.0021 -5 72 34 92
boat 0.0020 1 59 56 109
boat 0.0019 455 74 496 98
boat 0.0019 417 78 478 97
boat 0.0019 96 85 113 94
boat 0.0018 457 77 493 90
boat 0.0015 332 97 349 115
boat 0.0015 241 81 281 105
boat 0.0015 55 86 77 94
boat 0.0015 242 73 280 93
boat 0.0015 401 82 428 90
boat 0.0014 98 66 116 80
boat 0.0013 255 154 302 187
boat 0.0013 335 84 371 109
boat 0.0013 77 86 96 94
boat 0.0012 67 29 123 95
boat 0.0012 305 87 325 99
boat 0.0011 478 81 498 90
boat 0.0010 115 69 152 103
boat 0.0010 287 87 311 98
boat 0.0010 401 78 467 92
boat 0.0010 35 81 100 101
diningtable 0.0014 94 201 480 323
person 0.7113 323 88 383 247
person 0.0740 289 82 371 293
person 0.0699 306 104 359 222
person 0.0057 310 120 331 168
person 0.0057 313 115 349 161
person 0.0047 314 118 333 139
person 0.0043 229 200 251 221
person 0.0035 230 190 283 226
person 0.0033 308 135 348 185
person 0.0020 324 119 340 142
person 0.0020 246 160 264 180
person 0.0020 308 117 337 150
person 0.0019 228 211 251 229
person 0.0018 323 114 340 132
person 0.0018 266 167 316 206
person 0.0015 241 200 269 219
person 0.0014 246 188 268 205
person 0.0013 326 102 344 139
person 0.0012 192 61 209 74
person 0.0011 296 152 340 186
person 0.0011 305 136 325 178
person 0.0010 328 151 345 170
person 0.0010 244 190 267 227
