bus 0.9725 86 140 411 253
bus 0.0051 183 178 316 248
bus 0.0032 75 133 211 238
bus 0.0031 94 152 177 221
bus 0.0026 276 142 441 239
bus 0.0026 114 151 223 228
bus 0.0021 336 184 406 239
bus 0.0020 255 202 321 233
bus 0.0013 324 153 416 231
bus 0.0012 154 151 265 232
car 0.7171 4 184 41 212
car 0.2400 16 187 46 205
car 0.1800 0 184 27 208
car 0.0935 3 180 21 214
car 0.0627 449 176 494 199
car 0.0500 427 180 480 198
car 0.0498 2 194 23 214
car 0.0354 485 180 501 202
car 0.0260 119 186 143 202
car 0.0221 488 173 500 209
car 0.0143 105 177 146 208
car 0.0130 12 194 45 211
car 0.0105 421 180 447 191
car 0.0103 436 180 467 190
car 0.0099 474 175 498 206
car 0.0085 420 182 446 197
car 0.0070 1 178 20 192
car 0.0050 484 175 501 194
car 0.0047 17 187 40 219
car 0.0046 26 178 69 205
car 0.0045 31 187 52 199
car 0.0037 119 177 159 209
car 0.0035 453 179 480 191
car 0.0030 85 176 125 210
car 0.0026 79 188 98 200
car 0.0026 23 177 42 192
car 0.0025 91 185 113 204
car 0.0022 54 188 77 198
car 0.0022 351 192 402 233
car 0.0019 416 180 458 200
car 0.0018 9 349 108 374
car 0.0017 0 165 27 204
car 0.0016 3 181 44 232
car 0.0016 38 176 54 191
car 0.0014 103 200 153 235
car 0.0013 116 175 135 192
car 0.0013 85 199 121 233
car 0.0012 11 164 46 204
car 0.0011 458 178 480 204
car 0.0010 120 176 139 209
car 0.0010 115 199 139 212
person 0.0241 157 212 176 234
person 0.0124 244 182 264 203
person 0.0096 363 201 384 240
person 0.0053 346 197 397 234
person 0.0037 190 182 213 206
person 0.0028 157 203 173 220
person 0.0027 168 212 192 232
person 0.0025 140 213 157 235
person 0.0021 191 199 212 216
person 0.0016 273 211 292 229
person 0.0013 235 181 256 204
person 0.0013 235 212 254 263
person 0.0012 143 197 193 235
person 0.0011 269 184 287 201
person 0.0011 221 200 279 234
person 0.0011 245 210 265 260
person 0.0010 253 199 271 216
person 0.0010 154 185 175 205
