boat 0.0025 35 -7 232 207
boat 0.0020 -19 -19 440 321
bus 0.9988 223 184 419 298
bus 0.0123 323 183 415 283
bus 0.0105 364 191 437 278
bus 0.0087 411 219 465 247
bus 0.0065 370 224 436 292
bus 0.0065 357 238 421 271
bus 0.0058 237 218 346 303
bus 0.0040 377 242 427 279
bus 0.0039 255 181 396 246
bus 0.0034 376 216 428 253
bus 0.0031 358 249 418 287
bus 0.0028 159 172 360 304
bus 0.0026 403 210 477 261
bus 0.0023 -18 13 441 348
bus 0.0014 345 244 397 283
bus 0.0013 345 213 399 250
bus 0.0012 333 204 415 244
bus 0.0010 413 240 460 273
bus 0.0010 338 192 403 227
car 0.0200 462 212 503 248
car 0.0127 376 270 427 299
car 0.0087 331 269 400 303
car 0.0041 415 245 440 259
car 0.0027 458 272 495 297
car 0.0018 483 200 498 257
car 0.0014 460 281 490 297
car 0.0013 40 -20 231 318
car 0.0013 235 261 320 306
car 0.0010 374 258 406 270
car 0.0010 421 218 447 231
person 0.1973 357 250 376 265
person 0.0446 269 261 286 273
person 0.0230 328 247 345 264
person 0.0141 117 73 154 111
person 0.0103 303 247 319 266
person 0.0068 129 50 149 71
person 0.0062 285 260 301 273
person 0.0060 252 259 267 270
person 0.0060 379 249 402 265
person 0.0052 304 256 319 271
person 0.0044 353 254 371 269
person 0.0037 115 54 156 88
person 0.0037 350 242 399 270
person 0.0030 301 229 318 252
person 0.0028 98 60 169 129
person 0.0026 347 248 402 284
person 0.0018 291 226 311 248
person 0.0017 127 78 150 123
person 0.0015 327 255 343 271
person 0.0014 126 43 157 82
person 0.0013 126 75 152 99
person 0.0013 122 93 156 133
person 0.0012 265 251 287 266
person 0.0010 130 65 151 86
person 0.0010 290 248 310 266
person 0.0010 485 181 500 247
