car 0.9921 84 82 412 283
car 0.0324 331 108 374 142
car 0.0103 220 88 413 242
car 0.0044 341 122 370 141
car 0.0031 272 97 392 148
car 0.0030 326 90 380 126
car 0.0028 299 104 366 136
car 0.0025 49 67 243 254
car 0.0022 220 78 349 137
car 0.0018 0 160 10 231
car 0.0016 303 94 361 124
car 0.0013 130 55 374 158
car 0.0012 359 123 376 142
person 0.0068 161 72 268 131
person 0.0055 147 98 182 139
person 0.0053 126 76 219 133
person 0.0050 195 73 309 135
person 0.0040 145 82 199 121
person 0.0036 158 98 195 141
person 0.0022 264 101 334 136
person 0.0018 218 83 284 120
person 0.0017 181 79 244 119
person 0.0012 251 88 317 123
person 0.0011 225 101 294 136
person 0.0010 65 188 84 210
pottedplant 0.0029 58 188 83 223
pottedplant 0.0028 37 191 75 230
