boat 0.9747 22 87 171 285
boat 0.5699 205 101 388 324
boat 0.5472 237 47 400 99
boat 0.2475 -1 131 42 232
boat 0.1498 229 45 420 279
boat 0.1227 -10 15 129 250
boat 0.0936 265 56 376 92
boat 0.0908 371 116 448 192
boat 0.0830 8 134 39 168
boat 0.0475 365 185 417 295
boat 0.0400 2 154 42 209
boat 0.0349 82 81 430 345
boat 0.0328 23 134 39 147
boat 0.0325 420 192 487 294
boat 0.0306 -9 7 55 256
boat 0.0274 384 191 501 355
boat 0.0253 339 90 475 285
boat 0.0246 280 75 370 109
boat 0.0213 3 140 41 186
boat 0.0202 -18 20 345 292
boat 0.0188 379 130 437 176
boat 0.0129 0 131 30 173
boat 0.0129 456 91 499 174
boat 0.0126 292 107 446 329
boat 0.0126 305 130 362 168
boat 0.0115 7 125 45 156
boat 0.0103 442 217 489 252
boat 0.0100 399 121 491 311
boat 0.0099 44 30 208 245
boat 0.0093 213 -7 435 106
boat 0.0087 -2 70 41 197
boat 0.0077 458 116 496 159
boat 0.0075 222 60 336 89
boat 0.0064 -1 165 30 217
boat 0.0064 280 115 374 193
boat 0.0059 304 110 357 147
boat 0.0052 429 216 476 265
boat 0.0050 223 32 423 166
boat 0.0049 452 147 496 179
boat 0.0031 437 145 497 342
boat 0.0028 255 16 394 82
boat 0.0027 -4 115 31 163
boat 0.0027 365 203 435 333
boat 0.0026 290 96 369 161
boat 0.0026 273 136 377 234
boat 0.0025 327 41 402 96
boat 0.0023 383 159 441 195
boat 0.0023 254 75 334 106
boat 0.0022 297 46 376 85
boat 0.0022 230 58 286 88
boat 0.0016 307 146 361 184
boat 0.0016 237 65 361 116
boat 0.0015 -3 106 48 315
boat 0.0015 462 128 504 172
boat 0.0013 330 76 388 106
boat 0.0013 327 46 490 219
boat 0.0013 397 94 484 171
boat 0.0012 -2 178 15 206
boat 0.0010 35 131 53 143
boat 0.0010 291 30 359 64
boat 0.0010 -5 145 142 326
boat 0.0010 329 129 375 171
boat 0.0010 294 118 348 157
car 0.0036 305 140 327 157
car 0.0033 321 141 347 157
car 0.0023 -2 20 428 351
chair 0.0121 387 114 437 159
chair 0.0055 397 109 434 138
person 0.4022 425 148 478 232
person 0.3719 363 178 394 239
person 0.3522 358 168 400 259
person 0.2970 443 154 462 180
person 0.2313 434 156 471 211
person 0.2242 359 167 391 217
person 0.1426 370 186 408 240
person 0.0797 0 150 14 171
person 0.0659 14 140 38 160
person 0.0620 438 157 461 198
person 0.0554 118 132 137 149
person 0.0502 384 193 402 228
person 0.0489 354 49 372 85
person 0.0467 384 186 398 206
person 0.0338 435 180 471 235
person 0.0292 -1 144 14 187
person 0.0253 360 147 441 230
person 0.0227 -2 152 15 207
person 0.0186 437 206 473 241
person 0.0186 375 162 422 213
person 0.0185 381 168 394 188
person 0.0179 464 153 483 169
person 0.0174 370 172 386 194
person 0.0165 347 48 386 89
person 0.0158 129 127 149 147
person 0.0157 441 134 491 244
person 0.0142 370 173 407 218
person 0.0137 373 209 409 264
person 0.0130 13 152 35 170
person 0.0129 442 189 491 306
person 0.0125 364 176 383 206
person 0.0124 440 202 463 222
person 0.0124 363 184 383 229
person 0.0119 382 151 398 177
person 0.0098 487 206 500 325
person 0.0097 429 155 448 178
person 0.0095 421 141 467 180
person 0.0091 440 211 467 230
person 0.0079 -2 166 14 188
person 0.0074 385 145 440 181
person 0.0071 385 140 402 161
person 0.0064 361 203 394 270
person 0.0053 396 156 427 174
person 0.0048 12 144 37 183
person 0.0048 485 146 500 245
person 0.0046 380 162 397 200
person 0.0045 461 101 494 142
person 0.0045 132 114 150 157
person 0.0045 350 173 364 188
person 0.0044 386 205 405 233
person 0.0042 121 120 137 155
person 0.0041 435 215 477 254
person 0.0039 365 198 384 243
person 0.0039 156 124 171 143
person 0.0036 358 54 378 97
person 0.0035 477 93 494 147
person 0.0033 410 191 458 226
person 0.0032 461 123 488 143
person 0.0031 372 156 386 178
person 0.0031 -1 102 11 175
person 0.0031 119 114 160 155
person 0.0029 15 168 37 185
person 0.0029 377 141 416 187
person 0.0029 397 141 427 157
person 0.0029 353 181 367 202
person 0.0026 447 169 487 221
person 0.0025 399 167 423 183
person 0.0025 13 154 39 203
person 0.0025 385 132 403 173
person 0.0024 131 110 155 128
person 0.0023 429 165 446 186
person 0.0023 383 189 437 227
person 0.0022 99 131 113 147
person 0.0021 366 210 381 234
person 0.0021 461 115 488 159
person 0.0021 98 140 113 153
person 0.0020 0 129 14 148
person 0.0019 369 145 386 189
person 0.0019 350 136 393 174
person 0.0019 285 61 307 72
person 0.0018 130 138 147 153
person 0.0018 328 57 347 72
person 0.0017 265 60 290 72
person 0.0017 0 159 11 253
person 0.0017 417 156 459 196
person 0.0016 411 175 460 213
person 0.0016 244 59 271 74
person 0.0016 119 115 137 132
person 0.0016 382 175 440 213
person 0.0016 475 94 489 120
person 0.0015 447 152 489 205
person 0.0015 437 182 461 202
person 0.0015 463 147 483 181
person 0.0015 345 142 362 159
person 0.0015 341 173 379 213
person 0.0015 307 60 326 71
person 0.0015 351 174 368 215
person 0.0014 327 71 348 84
person 0.0013 457 167 478 223
person 0.0013 456 215 479 256
person 0.0013 477 153 496 168
person 0.0012 360 44 376 63
person 0.0012 156 139 171 156
person 0.0012 324 170 345 187
person 0.0012 454 225 482 247
person 0.0011 386 202 436 242
person 0.0011 399 147 427 182
person 0.0011 440 224 466 245
person 0.0011 463 113 488 133
person 0.0011 407 204 459 241
person 0.0010 347 155 364 174
person 0.0010 483 103 500 170
pottedplant 0.0016 469 94 488 122
pottedplant 0.0015 463 92 491 130
