bicycle 0.0109 15 113 78 200
bicycle 0.0026 27 132 76 181
bicycle 0.0019 14 83 80 172
bicycle 0.0015 3 35 96 230
car 0.0050 64 -1 125 21
car 0.0039 101 -1 164 24
car 0.0020 65 1 96 13
car 0.0010 76 -6 192 36
chair 0.0052 393 123 499 184
chair 0.0036 21 -2 85 22
chair 0.0027 467 126 501 175
chair 0.0026 484 107 501 166
chair 0.0017 407 135 485 169
chair 0.0016 451 112 500 196
chair 0.0013 483 123 500 144
chair 0.0011 372 68 508 249
chair 0.0010 482 113 500 137
horse 0.5089 64 52 369 314
person 0.8624 2 72 60 301
person 0.0095 0 66 53 197
person 0.0020 50 1 83 12
person 0.0018 0 175 13 299
person 0.0011 0 69 9 232
person 0.0010 -37 25 306 295
pottedplant 0.0017 0 -6 49 90
