bottle 0.0266 221 233 435 367
bottle 0.0169 270 266 381 337
bottle 0.0096 247 261 329 341
bottle 0.0083 72 190 117 230
bottle 0.0039 253 232 318 316
bottle 0.0034 283 280 353 310
bottle 0.0025 263 278 316 319
bottle 0.0025 287 236 363 310
bottle 0.0023 80 198 132 240
bottle 0.0018 284 291 352 326
bottle 0.0016 62 184 136 243
bottle 0.0015 264 251 311 299
bottle 0.0015 302 254 350 297
chair 0.0022 0 280 53 376
diningtable 0.0011 123 324 456 380
person 0.9574 44 119 220 366
person 0.9001 189 62 468 371
person 0.5137 1 177 92 367
person 0.1326 11 111 410 374
person 0.0276 460 190 499 362
person 0.0096 66 31 438 287
person 0.0064 57 85 267 296
person 0.0031 5 183 51 362
person 0.0022 464 159 500 274
person 0.0016 218 144 286 224
person 0.0016 397 179 496 368
person 0.0015 0 168 51 263
person 0.0014 0 169 9 366
person 0.0012 288 50 501 325
person 0.0011 0 177 11 268
person 0.0010 449 88 507 344
