bus 0.0049 1 162 52 271
person 0.7584 111 135 314 333
person 0.6929 313 44 494 341
person 0.5443 57 101 195 327
person 0.4144 229 100 354 324
person 0.0564 147 64 368 323
person 0.0126 79 75 263 316
person 0.0122 64 70 186 225
person 0.0110 213 61 419 277
person 0.0079 2 107 109 326
person 0.0048 -2 104 58 328
person 0.0026 449 35 502 348
person 0.0019 481 88 499 156
person 0.0018 67 58 356 230
person 0.0016 1 186 45 293
person 0.0012 64 102 137 175
person 0.0012 85 77 176 157
person 0.0012 328 34 480 212
person 0.0011 264 145 473 324
person 0.0010 0 206 11 318
pottedplant 0.0018 457 206 500 331
tvmonitor 0.0045 340 143 387 179
tvmonitor 0.0043 335 131 398 193
