bottle 0.0553 227 190 270 273
bottle 0.0400 228 212 261 260
bottle 0.0104 245 201 263 251
bottle 0.0066 235 202 254 255
bottle 0.0033 223 224 257 277
bottle 0.0023 220 169 279 253
bottle 0.0018 238 186 276 235
bottle 0.0010 230 224 256 251
car 0.1064 49 151 139 214
car 0.0299 60 159 126 200
car 0.0143 18 139 100 224
car 0.0117 -1 75 117 288
car 0.0076 20 81 250 331
car 0.0072 17 112 168 298
car 0.0018 86 141 175 218
car 0.0016 32 156 86 199
car 0.0015 66 175 126 220
chair 0.0018 -2 275 45 355
chair 0.0014 9 282 100 356
person 0.7614 198 52 397 361
person 0.4014 94 59 321 353
person 0.3447 420 224 483 355
person 0.1924 445 230 495 355
person 0.0079 127 48 282 269
person 0.0045 94 154 262 350
person 0.0030 334 219 485 359
person 0.0022 131 153 369 353
