bicycle 0.9491 180 110 484 281
bicycle 0.7901 53 121 224 256
bicycle 0.1695 15 143 75 225
bicycle 0.0401 71 109 331 277
bicycle 0.0346 -1 85 61 236
bicycle 0.0341 78 117 198 209
bicycle 0.0298 -5 125 107 242
bicycle 0.0234 59 143 137 223
bicycle 0.0108 282 150 370 228
bicycle 0.0070 17 107 184 225
bicycle 0.0062 10 137 190 281
bicycle 0.0022 115 138 216 235
bicycle 0.0019 17 90 67 177
bicycle 0.0013 58 51 213 222
bicycle 0.0012 219 146 291 226
bicycle 0.0010 240 141 338 229
bottle 0.0060 299 169 349 207
bottle 0.0043 315 176 356 208
bottle 0.0038 327 176 346 209
bottle 0.0026 307 171 328 213
bottle 0.0017 343 175 361 211
bottle 0.0016 331 175 373 209
bottle 0.0014 129 169 155 193
bottle 0.0014 23 149 40 172
bottle 0.0013 325 161 346 201
bottle 0.0013 18 142 39 168
bottle 0.0012 116 180 137 206
bottle 0.0012 305 168 331 192
bottle 0.0012 116 172 138 195
bottle 0.0012 1 152 18 168
bottle 0.0010 340 167 391 207
bottle 0.0010 306 159 325 200
bottle 0.0010 301 180 335 206
bottle 0.0010 304 194 350 235
chair 0.2191 4 99 58 216
chair 0.0048 9 127 50 180
person 0.0649 3 92 53 174
person 0.0240 0 74 15 145
person 0.0080 1 8 43 141
person 0.0065 0 33 12 127
person 0.0037 0 94 15 178
person 0.0014 8 88 47 131
person 0.0014 0 95 25 145
person 0.0014 0 106 18 134
person 0.0012 0 96 17 123
person 0.0011 -1 20 13 83
person 0.0010 17 106 43 168
pottedplant 0.0090 29 157 65 213
pottedplant 0.0044 40 161 62 192
pottedplant 0.0015 27 133 61 185
pottedplant 0.0013 38 154 56 181
pottedplant 0.0011 77 174 129 215
pottedplant 0.0011 40 158 85 200
