car 0.8534 179 166 253 195
car 0.0109 206 170 261 197
car 0.0077 208 166 233 199
car 0.0061 391 160 434 168
car 0.0054 451 160 491 167
car 0.0042 202 165 236 178
car 0.0041 433 161 472 167
car 0.0038 206 176 238 194
car 0.0029 0 165 18 177
car 0.0029 373 158 436 174
car 0.0023 186 164 223 178
car 0.0020 377 159 419 167
car 0.0019 190 166 215 199
car 0.0019 481 155 500 166
car 0.0016 417 161 449 167
car 0.0016 423 163 447 171
car 0.0015 413 156 479 174
car 0.0013 208 162 269 187
car 0.0013 443 154 496 168
car 0.0012 166 169 210 196
car 0.0010 228 175 253 192
car 0.0010 186 175 215 193
