bottle 0.0223 135 8 180 104
bottle 0.0033 127 302 138 335
bottle 0.0033 142 25 177 81
bottle 0.0019 139 306 156 334
bottle 0.0017 127 318 139 344
bottle 0.0012 109 -15 214 144
bottle 0.0011 143 9 180 52
bottle 0.0010 132 0 190 66
bottle 0.0010 129 285 142 311
bottle 0.0010 141 295 152 340
chair 0.2975 3 236 62 351
chair 0.0365 29 254 90 343
chair 0.0274 53 263 124 333
chair 0.0131 65 269 113 316
chair 0.0090 45 267 81 325
chair 0.0063 51 291 135 367
chair 0.0051 15 257 57 323
chair 0.0038 24 260 163 410
chair 0.0035 45 289 82 348
chair 0.0026 307 145 332 289
chair 0.0025 18 290 56 350
chair 0.0023 4 224 115 359
chair 0.0023 -1 228 20 291
chair 0.0017 74 281 88 307
chair 0.0013 67 299 118 349
chair 0.0011 7 311 55 421
chair 0.0010 13 224 54 273
person 0.7610 59 305 159 447
person 0.1383 82 309 144 420
person 0.0115 64 327 124 454
person 0.0084 10 342 54 456
person 0.0046 48 242 175 425
person 0.0029 34 370 351 503
person 0.0024 226 247 299 309
person 0.0022 -3 288 139 456
person 0.0021 19 367 50 429
person 0.0017 74 297 151 379
person 0.0016 204 138 330 295
person 0.0015 113 263 325 466
person 0.0015 76 69 251 430
person 0.0014 236 264 289 325
person 0.0014 -5 309 74 492
person 0.0014 215 231 307 282
person 0.0013 98 329 136 383
person 0.0011 53 300 279 497
pottedplant 0.2660 0 263 30 385
pottedplant 0.0730 0 333 29 472
pottedplant 0.0460 2 197 29 314
pottedplant 0.0313 -4 243 69 403
pottedplant 0.0202 2 295 26 361
pottedplant 0.0139 2 221 26 285
pottedplant 0.0126 1 144 30 285
pottedplant 0.0097 -2 254 38 469
pottedplant 0.0092 3 329 26 397
pottedplant 0.0089 -3 200 41 384
pottedplant 0.0067 2 367 27 441
pottedplant 0.0062 2 253 27 320
pottedplant 0.0049 4 204 60 305
pottedplant 0.0029 8 165 64 266
pottedplant 0.0026 0 271 11 365
pottedplant 0.0022 211 318 274 394
pottedplant 0.0018 0 191 37 250
pottedplant 0.0013 3 403 26 476
pottedplant 0.0011 219 336 263 386
pottedplant 0.0011 0 169 66 344
pottedplant 0.0011 4 212 35 267
pottedplant 0.0010 -2 185 21 252
sofa 0.9573 204 219 329 350
sofa 0.0304 236 252 335 385
sofa 0.0066 209 273 331 435
sofa 0.0015 235 190 332 318
sofa 0.0011 130 198 312 378
tvmonitor 0.0046 1 105 26 248
tvmonitor 0.0025 285 145 323 180
tvmonitor 0.0010 -1 120 20 165
