boat 0.0164 182 -1 251 69
boat 0.0147 170 2 316 119
boat 0.0042 180 15 252 108
boat 0.0041 198 57 293 119
boat 0.0015 159 -4 275 86
boat 0.0012 222 -1 284 27
boat 0.0012 188 11 240 54
boat 0.0011 226 90 278 123
boat 0.0010 212 77 287 135
bus 0.9876 74 155 337 287
bus 0.0238 213 160 342 270
bus 0.0055 258 196 323 268
bus 0.0031 173 194 253 279
bus 0.0014 41 152 62 208
bus 0.0014 39 157 170 274
bus 0.0013 69 174 136 253
bus 0.0010 207 196 277 274
car 0.2742 351 215 392 226
car 0.1197 430 213 475 223
car 0.1049 416 214 442 224
car 0.0895 397 214 426 225
car 0.0157 422 208 468 228
car 0.0132 409 211 456 224
car 0.0125 380 209 426 228
car 0.0124 459 213 487 223
car 0.0088 384 215 413 226
car 0.0077 470 222 498 261
car 0.0060 27 220 68 250
car 0.0050 486 209 499 260
car 0.0043 330 215 346 226
car 0.0041 479 212 499 226
car 0.0041 479 232 498 257
car 0.0041 362 209 383 230
car 0.0037 447 209 493 227
car 0.0034 0 211 20 224
car 0.0033 182 12 222 52
car 0.0029 484 226 500 245
car 0.0026 351 208 370 232
car 0.0020 470 203 500 237
car 0.0019 484 191 498 249
car 0.0019 185 0 242 32
car 0.0016 421 221 472 244
car 0.0013 29 205 75 230
car 0.0013 0 203 15 218
car 0.0013 -1 225 20 241
car 0.0012 1 211 15 253
car 0.0011 -4 216 28 249
car 0.0011 1 197 14 243
car 0.0010 0 182 12 234
person 0.0198 481 226 498 267
person 0.0028 148 211 175 230
person 0.0026 42 150 64 193
person 0.0019 186 21 207 39
person 0.0015 470 206 501 274
person 0.0015 214 11 234 53
person 0.0014 270 73 294 85
person 0.0013 188 13 210 52
person 0.0013 197 8 241 56
person 0.0013 173 221 189 242
person 0.0010 127 209 153 231
person 0.0010 215 46 231 62
pottedplant 0.0069 -1 24 109 206
pottedplant 0.0018 -7 15 53 213
pottedplant 0.0016 184 65 227 99
pottedplant 0.0012 21 208 74 265
