bus 0.0024 12 84 53 122
bus 0.0017 1 66 64 143
car 0.8456 -18 160 298 487
car 0.1705 18 90 366 420
car 0.1648 42 138 147 187
car 0.0897 1 121 34 159
car 0.0473 87 142 148 178
car 0.0288 9 137 30 160
car 0.0283 1 137 16 161
car 0.0168 13 6 374 184
car 0.0117 22 138 39 159
car 0.0113 56 123 128 167
car 0.0095 12 114 49 156
car 0.0075 50 110 168 173
car 0.0067 43 144 93 178
car 0.0056 198 85 334 415
car 0.0054 0 144 12 166
car 0.0052 -1 131 19 166
car 0.0047 11 131 47 162
car 0.0036 155 145 325 502
car 0.0032 100 94 187 151
car 0.0030 273 153 319 190
car 0.0027 -4 74 340 271
car 0.0026 2 97 59 163
car 0.0025 1 130 11 167
car 0.0022 9 106 217 327
car 0.0020 27 113 159 238
car 0.0020 47 119 88 160
car 0.0017 247 221 332 496
car 0.0016 11 144 55 177
car 0.0015 264 137 286 151
car 0.0014 240 158 297 187
car 0.0014 303 132 317 149
car 0.0014 210 160 275 187
car 0.0014 267 136 328 211
car 0.0013 277 136 297 150
car 0.0012 320 132 332 152
car 0.0011 247 88 333 346
car 0.0011 31 102 105 170
car 0.0010 291 132 310 150
car 0.0010 0 136 9 182
chair 0.0039 202 222 331 494
person 0.0181 36 136 47 160
person 0.0043 305 74 320 93
person 0.0015 99 122 112 138
person 0.0013 90 125 105 137
person 0.0011 21 90 40 109
person 0.0010 319 70 331 90
train 0.0182 96 5 334 193
train 0.0038 11 71 323 197
train 0.0027 14 36 268 160
train 0.0018 38 91 184 187
