car 0.9872 81 60 494 325
car 0.7355 0 100 120 235
car 0.5940 299 39 496 138
car 0.5433 11 112 167 268
car 0.4401 -6 -5 427 288
car 0.4297 33 70 327 316
car 0.0649 10 150 108 231
car 0.0519 454 101 501 185
car 0.0258 371 41 507 179
car 0.0194 443 66 501 163
car 0.0153 228 25 482 265
car 0.0117 249 35 276 45
car 0.0105 34 129 143 205
car 0.0096 458 54 500 85
car 0.0094 3 99 98 182
car 0.0061 297 53 436 115
car 0.0057 465 137 499 184
car 0.0053 -3 7 286 223
car 0.0045 460 128 497 248
car 0.0044 28 153 258 325
car 0.0044 140 32 436 153
car 0.0040 461 119 499 169
car 0.0039 381 48 507 122
car 0.0034 453 42 502 95
car 0.0033 0 133 12 212
car 0.0031 294 54 370 87
car 0.0027 -16 19 134 221
car 0.0026 440 46 502 126
car 0.0025 445 89 509 242
car 0.0020 4 148 46 239
car 0.0018 481 61 500 81
car 0.0017 18 171 90 255
car 0.0016 405 68 494 154
car 0.0015 352 74 452 151
car 0.0015 389 74 501 260
car 0.0015 307 73 484 307
car 0.0014 375 38 412 46
car 0.0014 0 113 51 222
car 0.0014 485 53 500 91
car 0.0012 0 161 16 181
car 0.0012 483 113 500 185
car 0.0012 422 37 442 46
car 0.0011 132 160 223 218
car 0.0010 15 185 467 334
car 0.0010 400 37 429 45
car 0.0010 27 171 88 209
car 0.0010 23 146 88 182
car 0.0010 70 161 196 219
car 0.0010 451 96 494 122
chair 0.0032 55 21 300 154
chair 0.0010 112 31 234 96
motorbike 0.0074 461 136 492 177
person 0.1120 307 56 363 77
person 0.0459 321 60 354 76
person 0.0278 343 61 365 78
person 0.0075 327 56 392 82
person 0.0038 306 60 336 76
person 0.0035 488 131 500 239
person 0.0027 0 161 11 236
person 0.0022 482 133 500 184
person 0.0021 400 64 422 79
person 0.0021 490 150 500 295
person 0.0017 373 114 412 152
person 0.0014 155 1 178 17
person 0.0013 18 1 166 128
person 0.0013 348 105 366 164
person 0.0012 382 63 407 79
person 0.0011 384 113 404 155
person 0.0011 361 62 379 78
person 0.0010 -9 -3 133 37
person 0.0010 359 111 393 155
tvmonitor 0.1448 304 56 355 80
tvmonitor 0.0067 266 23 287 38
tvmonitor 0.0036 327 22 349 34
tvmonitor 0.0032 385 24 410 37
tvmonitor 0.0030 251 30 277 43
tvmonitor 0.0030 254 23 297 40
tvmonitor 0.0020 260 29 310 55
tvmonitor 0.0017 287 26 310 39
tvmonitor 0.0016 240 34 282 49
tvmonitor 0.0016 271 48 321 73
tvmonitor 0.0015 372 24 422 40
tvmonitor 0.0015 260 37 285 48
tvmonitor 0.0012 306 25 331 37
tvmonitor 0.0012 371 27 438 48
tvmonitor 0.0011 296 33 351 55
tvmonitor 0.0011 241 26 284 43
tvmonitor 0.0011 232 25 276 53
tvmonitor 0.0010 252 33 297 51
tvmonitor 0.0010 268 24 324 40
tvmonitor 0.0010 312 22 363 38
