aeroplane 0.9483 -10 55 358 231
aeroplane 0.0922 24 12 541 272
aeroplane 0.0127 4 107 193 221
aeroplane 0.0021 199 10 461 217
aeroplane 0.0019 239 56 427 287
aeroplane 0.0013 439 1 499 30
aeroplane 0.0011 -9 7 282 177
car 0.0664 0 166 17 182
car 0.0439 5 151 38 188
car 0.0097 318 132 391 156
car 0.0081 400 93 505 291
car 0.0079 0 156 12 188
car 0.0061 1 156 25 187
car 0.0049 1 154 18 173
car 0.0041 4 140 116 197
car 0.0038 11 170 38 183
car 0.0036 376 140 406 153
car 0.0026 0 173 14 187
car 0.0025 317 122 414 169
car 0.0025 369 147 420 179
car 0.0017 20 151 89 184
car 0.0014 379 145 493 338
car 0.0014 19 174 39 186
car 0.0014 439 2 502 27
car 0.0013 321 134 413 192
car 0.0013 345 83 458 317
car 0.0013 339 138 371 154
car 0.0012 367 137 417 157
car 0.0012 357 138 435 190
car 0.0011 369 142 389 158
car 0.0010 420 6 489 31
chair 0.0110 456 254 498 335
chair 0.0010 465 273 502 327
motorbike 0.0021 285 20 518 262
person 0.9548 375 152 427 333
person 0.7314 302 140 368 330
person 0.5850 141 174 173 240
person 0.4698 254 184 271 217
person 0.1338 268 179 287 217
person 0.1011 225 194 245 232
person 0.0493 130 181 146 217
person 0.0409 76 176 94 226
person 0.0257 217 192 236 233
person 0.0129 57 156 119 231
person 0.0121 280 70 389 330
person 0.0092 218 201 249 238
person 0.0083 239 176 269 222
person 0.0077 121 188 139 233
person 0.0068 133 182 163 239
person 0.0062 230 187 262 233
person 0.0057 262 168 292 215
person 0.0045 131 175 157 222
person 0.0041 371 144 419 247
person 0.0040 120 163 171 234
person 0.0032 230 192 249 209
person 0.0031 196 180 246 239
person 0.0028 369 153 388 193
person 0.0025 303 149 325 191
person 0.0024 221 183 258 218
person 0.0023 68 188 101 229
person 0.0023 150 184 170 207
person 0.0021 151 198 171 224
person 0.0021 259 158 302 224
person 0.0020 0 156 10 265
person 0.0020 76 184 94 206
person 0.0019 287 6 515 216
person 0.0019 296 131 372 200
person 0.0019 229 167 278 229
person 0.0019 331 151 373 191
person 0.0018 255 180 271 198
person 0.0016 0 162 11 203
person 0.0016 272 176 289 194
person 0.0014 117 199 132 242
person 0.0013 297 141 335 182
person 0.0012 131 196 144 217
person 0.0012 136 176 149 194
person 0.0012 252 194 268 218
person 0.0011 118 177 144 219
person 0.0011 218 117 370 326
person 0.0010 303 142 365 238
tvmonitor 0.0332 437 116 500 216
tvmonitor 0.0047 402 82 505 259
tvmonitor 0.0037 295 11 509 166
