horse 0.3354 153 94 332 476
horse 0.1850 -11 134 289 508
horse 0.0559 256 123 331 444
horse 0.0033 0 217 126 511
horse 0.0020 197 221 339 499
horse 0.0015 13 294 269 502
person 0.8913 57 29 182 398
person 0.5994 39 14 291 485
person 0.2094 145 43 292 388
person 0.0426 258 30 332 402
person 0.0393 166 62 223 140
person 0.0378 10 63 177 514
person 0.0273 3 185 30 250
person 0.0224 2 209 29 268
person 0.0199 -1 185 8 256
person 0.0109 211 73 329 435
person 0.0079 -3 125 88 462
person 0.0074 172 73 213 125
person 0.0074 -1 180 18 258
person 0.0060 -1 209 27 365
person 0.0055 0 212 8 302
person 0.0046 304 121 333 302
person 0.0046 289 99 332 406
person 0.0036 303 195 332 375
person 0.0030 153 51 289 231
person 0.0029 -4 137 37 447
person 0.0026 113 -6 277 124
person 0.0019 55 28 277 252
person 0.0019 323 154 333 361
person 0.0016 0 222 18 291
person 0.0014 -1 183 11 218
person 0.0013 294 -22 332 295
person 0.0012 0 215 6 419
person 0.0012 324 99 333 265
person 0.0011 10 227 28 258
person 0.0010 270 143 325 280
