bottle 0.0044 406 200 473 274
bottle 0.0021 36 65 55 82
bottle 0.0016 372 181 450 254
chair 0.2985 377 100 501 225
chair 0.1551 4 114 184 323
chair 0.0707 0 166 108 319
chair 0.0435 361 125 449 198
chair 0.0353 458 92 497 197
chair 0.0200 0 47 31 185
chair 0.0142 -4 69 127 270
chair 0.0131 329 136 402 196
chair 0.0124 -4 193 61 333
chair 0.0104 293 137 368 200
chair 0.0076 -2 153 43 284
chair 0.0075 318 124 499 261
chair 0.0057 343 147 393 181
chair 0.0057 435 87 506 240
chair 0.0046 459 203 500 281
chair 0.0039 356 155 456 226
chair 0.0035 375 143 429 182
chair 0.0032 395 149 485 228
chair 0.0032 457 131 498 250
chair 0.0030 487 96 500 197
chair 0.0030 -2 18 47 261
chair 0.0027 413 141 470 184
chair 0.0026 407 123 478 163
chair 0.0021 271 101 453 239
chair 0.0020 214 158 280 215
chair 0.0018 -2 95 32 236
chair 0.0018 224 166 273 203
chair 0.0018 323 113 406 181
chair 0.0017 0 50 11 168
chair 0.0017 317 153 399 232
chair 0.0016 285 154 346 186
chair 0.0016 377 122 429 163
chair 0.0015 2 89 31 141
chair 0.0013 54 145 134 237
chair 0.0013 465 117 498 169
chair 0.0013 398 82 488 156
chair 0.0013 15 215 84 323
chair 0.0011 464 140 498 187
chair 0.0011 253 139 334 200
chair 0.0011 4 66 30 114
chair 0.0010 282 114 376 180
chair 0.0010 50 192 126 290
diningtable 0.8103 39 194 540 334
diningtable 0.0353 48 142 455 306
diningtable 0.0074 290 166 517 321
diningtable 0.0021 22 240 326 334
diningtable 0.0018 364 199 512 335
diningtable 0.0016 195 233 519 340
diningtable 0.0010 82 283 497 343
person 0.8669 91 90 254 243
person 0.0824 58 109 277 320
person 0.0078 378 36 505 198
person 0.0016 487 62 500 155
person 0.0014 -1 36 11 106
person 0.0013 -3 44 188 250
person 0.0010 0 3 11 88
person 0.0010 168 126 253 208
