car 0.0025 195 337 274 360
chair 0.0099 -2 197 35 331
chair 0.0052 165 270 249 362
chair 0.0037 3 217 99 357
chair 0.0031 265 165 441 355
chair 0.0024 0 55 14 73
chair 0.0022 122 265 286 359
chair 0.0016 0 163 48 359
chair 0.0011 67 58 110 93
chair 0.0011 0 236 33 291
chair 0.0011 10 272 82 361
diningtable 0.0070 -2 175 40 296
diningtable 0.0027 5 59 83 86
diningtable 0.0011 0 212 37 260
person 0.8218 182 40 293 319
person 0.7243 126 32 277 383
person 0.6994 309 40 442 323
person 0.6502 21 56 141 366
person 0.5758 131 46 210 316
person 0.0265 141 26 404 387
person 0.0225 36 62 136 196
person 0.0208 68 62 122 136
person 0.0188 59 45 207 376
person 0.0136 262 37 375 270
person 0.0129 -1 40 122 276
person 0.0118 220 39 324 273
person 0.0094 1 50 58 313
person 0.0092 -1 270 37 361
person 0.0057 1 164 115 350
person 0.0056 0 56 11 121
person 0.0049 4 76 52 177
person 0.0035 79 69 117 118
person 0.0026 431 67 484 350
person 0.0026 75 56 113 94
person 0.0026 360 19 479 346
person 0.0025 0 41 11 86
person 0.0024 1 47 43 154
person 0.0018 256 125 310 231
person 0.0017 0 64 9 171
person 0.0016 0 294 15 354
person 0.0014 448 223 480 361
person 0.0013 126 148 339 362
person 0.0013 0 104 45 253
person 0.0012 137 112 198 243
person 0.0011 58 50 196 211
