bicycle 0.7833 170 190 309 354
bicycle 0.4840 110 162 165 274
bicycle 0.0197 281 114 313 152
bicycle 0.0157 100 167 184 310
bicycle 0.0129 301 108 344 149
bicycle 0.0112 289 98 357 162
bicycle 0.0108 290 117 333 154
bicycle 0.0050 3 20 99 291
bicycle 0.0032 219 34 439 177
bicycle 0.0029 168 97 375 340
bicycle 0.0025 260 102 317 165
bicycle 0.0019 292 131 335 167
bicycle 0.0019 194 185 290 310
bicycle 0.0018 287 111 310 136
bicycle 0.0016 116 182 157 249
bicycle 0.0015 308 106 361 139
bicycle 0.0012 289 120 310 175
bicycle 0.0012 310 115 355 157
bicycle 0.0012 309 90 350 126
bicycle 0.0011 280 128 318 167
bicycle 0.0011 84 167 264 320
bicycle 0.0011 180 210 261 330
bicycle 0.0011 34 -5 311 151
bicycle 0.0010 300 105 328 167
bottle 0.0021 100 158 113 179
bottle 0.0016 283 184 306 208
bottle 0.0013 97 165 114 189
person 0.9969 179 72 302 309
person 0.9782 109 93 173 264
person 0.1999 389 93 409 122
person 0.0267 397 92 414 117
person 0.0234 484 81 500 140
person 0.0194 384 85 423 121
person 0.0074 390 91 408 108
person 0.0049 464 57 500 153
person 0.0043 107 85 163 187
person 0.0042 362 96 379 118
person 0.0035 264 103 279 147
person 0.0034 4 18 104 244
person 0.0032 162 50 284 231
person 0.0029 264 108 278 131
person 0.0028 399 88 414 108
person 0.0027 264 107 285 164
person 0.0027 487 47 499 112
person 0.0026 -2 2 53 312
person 0.0020 363 77 440 135
person 0.0020 90 59 178 224
person 0.0019 378 99 413 135
person 0.0018 459 85 479 135
person 0.0018 468 77 500 131
person 0.0017 64 79 106 188
person 0.0017 349 89 367 103
person 0.0016 102 85 230 286
person 0.0014 350 91 394 124
person 0.0010 475 93 499 145
train 0.0198 296 37 498 170
