car 0.0016 131 81 151 101
car 0.0010 131 73 170 102
chair 0.9855 201 145 240 183
chair 0.8988 223 144 268 176
chair 0.8845 139 146 175 198
chair 0.8091 331 161 376 205
chair 0.7070 283 145 327 179
chair 0.6294 255 143 295 175
chair 0.5971 167 150 213 190
chair 0.5420 23 157 73 205
chair 0.5076 48 144 82 208
chair 0.4945 253 148 272 167
chair 0.4406 306 156 364 194
chair 0.3423 247 145 281 173
chair 0.2996 216 149 253 179
chair 0.2824 255 145 272 160
chair 0.2816 189 159 235 189
chair 0.2702 240 152 260 168
chair 0.2548 276 149 308 178
chair 0.2378 299 152 345 188
chair 0.2365 3 160 34 210
chair 0.2328 83 201 306 443
chair 0.1736 268 155 290 172
chair 0.1408 228 157 250 176
chair 0.1054 279 154 302 172
chair 0.0918 270 143 342 186
chair 0.0901 154 156 204 195
chair 0.0887 243 143 259 160
chair 0.0796 198 167 221 184
chair 0.0765 258 133 292 166
chair 0.0755 269 143 289 157
chair 0.0721 196 158 224 178
chair 0.0706 206 157 236 178
chair 0.0632 284 143 302 156
chair 0.0509 361 154 375 176
chair 0.0505 11 162 58 208
chair 0.0446 186 171 205 188
chair 0.0438 0 173 22 217
chair 0.0403 187 155 207 175
chair 0.0397 231 159 276 193
chair 0.0344 230 142 248 156
chair 0.0331 154 156 177 178
chair 0.0325 254 137 277 166
chair 0.0300 213 157 259 192
chair 0.0270 209 167 231 184
chair 0.0270 13 179 65 218
chair 0.0250 119 154 163 199
chair 0.0239 310 156 335 171
chair 0.0239 229 136 267 165
chair 0.0206 339 172 367 195
chair 0.0194 69 129 127 215
chair 0.0188 239 141 311 184
chair 0.0184 272 159 316 191
chair 0.0182 341 158 363 171
chair 0.0178 270 169 292 181
chair 0.0178 359 173 374 199
chair 0.0166 136 152 163 174
chair 0.0158 300 142 314 154
chair 0.0158 1 166 76 236
chair 0.0155 279 128 320 168
chair 0.0150 168 156 188 177
chair 0.0144 315 177 363 215
chair 0.0142 281 170 303 184
chair 0.0140 10 190 31 208
chair 0.0132 105 137 165 208
chair 0.0131 189 141 206 156
chair 0.0125 197 143 216 157
chair 0.0118 299 155 319 171
chair 0.0115 351 144 378 193
chair 0.0112 30 204 246 395
chair 0.0111 363 137 374 158
chair 0.0110 0 181 41 216
chair 0.0109 -3 176 34 323
chair 0.0106 226 168 246 183
chair 0.0106 63 137 90 199
chair 0.0106 239 168 261 182
chair 0.0102 327 155 347 169
chair 0.0093 298 171 324 188
chair 0.0092 -2 161 35 245
chair 0.0092 270 121 288 136
chair 0.0087 198 133 238 167
chair 0.0085 258 123 275 136
chair 0.0085 -4 131 43 440
chair 0.0082 358 185 373 206
chair 0.0082 253 169 276 182
chair 0.0077 317 143 333 153
chair 0.0075 329 141 344 153
chair 0.0071 22 169 39 201
chair 0.0066 170 170 187 189
chair 0.0064 192 182 243 222
chair 0.0063 309 169 331 189
chair 0.0061 299 168 377 232
chair 0.0061 361 155 375 209
chair 0.0060 137 162 161 191
chair 0.0059 363 138 376 197
chair 0.0059 345 141 359 155
chair 0.0056 286 120 303 137
chair 0.0052 339 186 368 206
chair 0.0051 213 143 233 157
chair 0.0051 281 181 327 218
chair 0.0049 261 217 301 262
chair 0.0047 156 162 175 189
chair 0.0047 2 146 67 192
chair 0.0045 244 122 260 138
chair 0.0045 129 150 149 172
chair 0.0045 3 203 152 455
chair 0.0044 100 159 145 204
chair 0.0040 23 191 41 208
chair 0.0039 270 228 292 252
chair 0.0038 271 98 290 113
chair 0.0037 170 173 265 241
chair 0.0036 225 133 253 170
chair 0.0035 162 186 213 224
chair 0.0035 170 136 188 157
chair 0.0034 346 174 378 216
chair 0.0031 73 151 111 210
chair 0.0030 264 114 340 179
chair 0.0030 157 138 176 154
chair 0.0029 328 171 349 192
chair 0.0028 224 181 267 221
chair 0.0028 274 207 288 272
chair 0.0027 -3 188 22 245
chair 0.0026 258 99 276 112
chair 0.0026 -1 204 12 226
chair 0.0025 48 168 76 195
chair 0.0025 12 176 34 201
chair 0.0025 267 110 295 150
chair 0.0024 130 171 173 218
chair 0.0024 86 158 131 208
chair 0.0024 365 109 375 182
chair 0.0023 130 139 147 159
chair 0.0022 197 215 248 264
chair 0.0021 253 181 297 222
chair 0.0021 194 197 251 242
chair 0.0021 -2 196 44 235
chair 0.0020 152 176 208 217
chair 0.0020 41 172 86 217
chair 0.0020 166 125 195 169
chair 0.0019 0 258 38 390
chair 0.0019 133 177 241 243
chair 0.0019 172 236 217 283
chair 0.0018 0 184 10 251
chair 0.0017 285 100 301 115
chair 0.0017 230 212 274 266
chair 0.0017 68 151 85 205
chair 0.0017 278 108 309 151
chair 0.0017 148 127 180 173
chair 0.0017 68 150 87 180
chair 0.0016 299 119 315 138
chair 0.0016 287 100 369 186
chair 0.0016 181 130 211 168
chair 0.0016 52 154 73 175
chair 0.0016 247 213 286 267
chair 0.0015 170 215 218 265
chair 0.0015 187 156 205 196
chair 0.0015 0 215 31 278
chair 0.0014 270 244 289 269
chair 0.0014 246 121 307 173
chair 0.0014 335 72 378 205
chair 0.0014 28 125 294 312
chair 0.0014 259 172 350 240
chair 0.0013 0 154 13 175
chair 0.0013 -6 159 85 421
chair 0.0013 306 125 350 167
chair 0.0013 213 209 231 229
chair 0.0012 200 188 218 203
chair 0.0012 133 131 171 169
chair 0.0012 14 195 86 237
chair 0.0012 200 158 221 192
chair 0.0011 186 232 229 286
chair 0.0011 260 234 303 279
chair 0.0011 138 140 162 154
chair 0.0011 102 144 144 189
chair 0.0011 257 227 274 252
chair 0.0010 3 193 70 295
chair 0.0010 61 296 371 496
chair 0.0010 228 190 246 207
chair 0.0010 258 203 273 277
diningtable 0.0018 281 127 371 375
diningtable 0.0012 177 197 241 241
diningtable 0.0010 269 217 320 260
person 0.5999 91 193 344 451
person 0.0517 68 206 264 395
person 0.0171 222 152 374 425
person 0.0010 162 241 375 476
pottedplant 0.0071 51 115 87 165
pottedplant 0.0024 44 94 92 194
pottedplant 0.0016 67 98 93 151
pottedplant 0.0010 16 113 68 151
sofa 0.2246 33 202 301 437
