car 0.0354 217 -38 500 352
car 0.0270 358 12 502 308
car 0.0035 -9 1 205 85
car 0.0033 26 0 249 36
car 0.0010 5 -17 269 53
car 0.0010 344 -3 466 37
chair 0.0050 9 285 85 375
chair 0.0049 -2 28 44 180
chair 0.0011 69 102 507 375
motorbike 0.6877 68 -34 513 348
motorbike 0.1243 -15 -11 352 271
motorbike 0.0362 187 -10 466 273
motorbike 0.0119 -5 -3 346 94
motorbike 0.0063 9 24 269 400
motorbike 0.0039 95 3 410 133
motorbike 0.0012 -3 -8 119 209
motorbike 0.0010 203 0 441 97
person 0.0728 175 -4 478 370
person 0.0330 55 0 84 10
person 0.0197 91 0 122 8
person 0.0166 71 0 106 9
person 0.0156 29 0 63 9
person 0.0126 13 0 46 9
person 0.0106 109 0 138 8
person 0.0040 0 8 10 94
person 0.0027 122 -1 222 25
person 0.0026 27 -2 107 15
person 0.0025 125 0 158 9
person 0.0025 184 0 252 31
person 0.0024 208 1 237 12
person 0.0022 368 -3 444 26
person 0.0019 207 -1 275 39
person 0.0017 78 -1 196 23
person 0.0016 50 -2 139 21
person 0.0011 200 -2 448 152
person 0.0011 0 -4 12 47
person 0.0010 203 -3 305 89
person 0.0010 168 0 199 9
