aeroplane 0.0022 46 119 87 149
aeroplane 0.0018 54 119 112 149
aeroplane 0.0011 76 133 138 153
bus 0.4109 182 76 329 202
bus 0.1799 14 54 331 219
bus 0.1542 159 68 493 211
bus 0.0196 -6 51 125 189
bus 0.0123 324 63 476 187
bus 0.0108 378 72 500 202
bus 0.0099 453 115 501 197
bus 0.0039 440 78 504 201
bus 0.0019 17 36 251 171
bus 0.0017 -35 33 455 176
bus 0.0010 -7 47 60 194
car 0.0812 239 65 484 208
car 0.0135 0 147 47 197
car 0.0051 452 150 499 199
car 0.0046 0 161 14 197
car 0.0040 456 176 499 200
car 0.0039 -5 110 122 202
car 0.0027 4 146 97 196
car 0.0024 455 166 492 193
car 0.0022 0 164 27 195
car 0.0016 449 184 496 204
car 0.0013 3 176 47 198
car 0.0012 -45 94 312 214
person 0.0221 107 88 153 153
person 0.0106 121 106 139 143
person 0.0074 222 91 291 179
person 0.0046 63 88 133 151
person 0.0038 79 103 119 137
person 0.0036 0 134 13 187
person 0.0024 112 120 146 150
person 0.0023 74 123 123 149
person 0.0023 -1 92 42 185
person 0.0022 24 108 95 167
person 0.0021 98 108 160 161
person 0.0020 38 105 82 135
person 0.0019 40 124 84 150
person 0.0017 144 86 208 152
person 0.0017 0 109 12 176
person 0.0011 160 123 178 136
person 0.0010 441 105 458 144
train 0.0040 3 93 418 214
