bicycle 0.0036 384 182 403 201
bicycle 0.0029 376 178 416 209
bottle 0.0433 287 224 302 246
bottle 0.0253 330 219 349 244
bottle 0.0213 177 264 191 290
bottle 0.0172 436 224 457 251
bottle 0.0152 402 223 427 251
bottle 0.0114 305 221 327 244
bottle 0.0111 157 284 179 303
bottle 0.0104 167 284 184 304
bottle 0.0085 383 224 406 247
bottle 0.0075 419 227 451 248
bottle 0.0075 283 237 303 256
bottle 0.0063 425 213 442 228
bottle 0.0048 138 280 161 302
bottle 0.0047 176 255 192 279
bottle 0.0039 404 235 422 256
bottle 0.0039 185 263 202 285
bottle 0.0035 361 220 385 245
bottle 0.0032 188 254 207 277
bottle 0.0031 331 238 349 258
bottle 0.0029 438 214 456 230
bottle 0.0024 138 272 159 290
bottle 0.0024 306 237 325 256
bottle 0.0023 273 235 294 260
bottle 0.0023 171 274 186 306
bottle 0.0018 381 235 402 257
bottle 0.0017 166 293 187 312
bottle 0.0015 115 284 137 303
bottle 0.0015 157 273 176 289
bottle 0.0013 423 236 445 252
bottle 0.0013 187 270 204 314
bottle 0.0012 189 298 207 322
bottle 0.0011 285 233 302 266
bottle 0.0011 271 252 289 272
bottle 0.0010 187 282 202 305
bottle 0.0010 156 248 177 277
car 0.2598 384 181 485 210
car 0.0915 373 181 506 237
car 0.0232 482 200 500 217
car 0.0224 399 187 482 228
car 0.0174 380 191 446 221
car 0.0112 479 183 499 199
car 0.0068 456 172 501 199
car 0.0065 369 196 422 224
car 0.0056 446 178 495 210
car 0.0040 475 161 500 195
car 0.0035 471 174 500 209
car 0.0027 465 181 482 197
car 0.0023 471 191 500 226
car 0.0020 420 172 486 196
car 0.0019 354 199 402 223
car 0.0019 439 176 467 188
car 0.0019 400 183 422 202
car 0.0010 416 185 452 200
car 0.0010 435 183 468 197
chair 0.1687 175 284 251 371
chair 0.1581 195 324 295 372
chair 0.1042 223 298 292 374
chair 0.0843 455 290 504 371
chair 0.0727 338 350 413 372
chair 0.0595 182 332 252 371
chair 0.0395 348 238 388 292
chair 0.0263 448 327 497 371
chair 0.0184 358 330 425 370
chair 0.0124 414 336 479 371
chair 0.0112 484 223 500 249
chair 0.0093 464 308 499 358
chair 0.0091 312 248 350 309
chair 0.0078 459 226 479 249
chair 0.0071 339 253 376 301
chair 0.0068 488 265 500 347
chair 0.0067 231 314 284 360
chair 0.0064 446 287 498 324
chair 0.0064 485 238 500 258
chair 0.0063 488 226 501 301
chair 0.0060 483 207 500 230
chair 0.0060 372 238 403 286
chair 0.0058 279 267 313 315
chair 0.0056 336 253 392 335
chair 0.0056 484 312 500 363
chair 0.0054 184 312 236 358
chair 0.0048 243 341 315 371
chair 0.0046 439 235 457 253
chair 0.0042 302 263 339 319
chair 0.0038 462 249 495 292
chair 0.0036 237 303 286 341
chair 0.0035 446 275 498 312
chair 0.0034 480 323 499 348
chair 0.0034 484 252 500 273
chair 0.0033 140 336 205 371
chair 0.0033 350 356 398 371
chair 0.0030 241 285 287 327
chair 0.0030 227 212 255 236
chair 0.0029 441 346 502 374
chair 0.0029 196 271 305 370
chair 0.0029 351 270 394 311
chair 0.0026 437 270 462 286
chair 0.0025 484 268 500 289
chair 0.0025 477 337 498 363
chair 0.0025 365 318 418 360
chair 0.0025 155 206 173 229
chair 0.0025 470 283 503 329
chair 0.0023 139 319 294 388
chair 0.0023 393 349 472 373
chair 0.0022 482 296 500 318
chair 0.0022 484 282 500 303
chair 0.0021 480 313 500 333
chair 0.0020 469 241 503 286
chair 0.0018 459 237 480 255
chair 0.0018 368 257 409 291
chair 0.0017 443 245 497 281
chair 0.0017 377 251 399 275
chair 0.0016 110 325 235 371
chair 0.0016 255 265 298 318
chair 0.0016 361 202 388 219
chair 0.0016 253 210 273 234
chair 0.0016 398 269 423 287
chair 0.0016 471 301 503 342
chair 0.0015 418 269 445 286
chair 0.0015 312 281 350 325
chair 0.0015 364 265 386 287
chair 0.0015 378 264 399 287
chair 0.0014 418 316 485 363
chair 0.0014 457 271 482 288
chair 0.0014 327 250 348 272
chair 0.0014 364 288 422 324
chair 0.0013 284 265 306 292
chair 0.0013 446 304 499 338
chair 0.0013 459 329 484 369
chair 0.0013 354 301 400 341
chair 0.0013 437 282 462 298
chair 0.0012 471 256 503 300
chair 0.0012 367 254 390 278
chair 0.0012 167 209 187 230
chair 0.0012 118 299 165 350
chair 0.0012 469 228 502 267
chair 0.0012 346 203 368 221
chair 0.0011 162 347 250 373
chair 0.0011 142 202 186 235
chair 0.0011 458 213 482 230
chair 0.0011 456 283 484 298
chair 0.0011 345 255 370 276
chair 0.0010 383 261 445 290
chair 0.0010 96 339 174 372
chair 0.0010 343 238 367 290
chair 0.0010 455 298 485 316
diningtable 0.3928 376 268 502 374
diningtable 0.1628 122 290 207 365
diningtable 0.1140 128 266 224 336
diningtable 0.1110 337 231 484 370
diningtable 0.0981 405 220 473 251
diningtable 0.0783 89 269 253 376
diningtable 0.0717 385 236 493 307
diningtable 0.0466 101 281 179 364
diningtable 0.0451 362 224 441 309
diningtable 0.0397 356 293 448 376
diningtable 0.0332 137 280 205 313
diningtable 0.0206 401 250 477 283
diningtable 0.0170 138 306 189 352
diningtable 0.0113 375 244 426 283
diningtable 0.0101 242 280 492 372
diningtable 0.0087 362 252 447 352
diningtable 0.0084 385 227 437 261
diningtable 0.0075 296 229 340 270
diningtable 0.0067 412 229 480 262
diningtable 0.0067 404 259 496 293
diningtable 0.0064 302 238 340 290
diningtable 0.0059 121 291 169 349
diningtable 0.0048 259 239 300 287
diningtable 0.0046 277 240 312 286
diningtable 0.0040 384 287 479 323
diningtable 0.0037 275 231 313 269
diningtable 0.0031 373 179 503 317
diningtable 0.0028 116 277 182 307
diningtable 0.0024 122 235 173 270
diningtable 0.0023 107 276 156 320
diningtable 0.0022 412 275 490 311
diningtable 0.0022 255 253 299 302
diningtable 0.0021 148 303 213 336
diningtable 0.0021 163 261 204 297
diningtable 0.0016 326 296 416 373
diningtable 0.0014 407 309 479 353
diningtable 0.0012 413 303 493 339
diningtable 0.0011 209 340 447 371
diningtable 0.0011 273 349 385 371
diningtable 0.0011 155 205 203 237
horse 0.0017 334 48 396 81
person 0.8523 168 235 261 369
person 0.7308 298 218 346 318
person 0.6942 340 215 391 312
person 0.4660 78 231 138 355
person 0.3783 376 214 422 258
person 0.3700 152 225 198 276
person 0.3199 450 188 497 254
person 0.2958 256 221 309 321
person 0.2925 364 209 435 278
person 0.2886 297 204 335 245
person 0.1673 352 215 393 267
person 0.1655 268 202 298 241
person 0.1335 228 223 292 324
person 0.1271 89 254 167 350
person 0.1002 376 193 433 231
person 0.0767 329 211 353 235
person 0.0755 312 196 422 334
person 0.0685 321 206 357 242
person 0.0669 384 209 407 228
person 0.0602 176 229 247 325
person 0.0485 328 213 371 256
person 0.0475 373 203 413 240
person 0.0459 303 213 343 265
person 0.0444 333 224 373 271
person 0.0433 275 202 373 325
person 0.0376 303 207 331 234
person 0.0354 482 161 500 196
person 0.0342 419 221 471 252
person 0.0340 405 217 424 253
person 0.0330 485 199 500 246
person 0.0314 384 211 494 266
person 0.0269 358 204 398 238
person 0.0269 281 208 302 234
person 0.0243 386 214 405 254
person 0.0238 373 223 407 272
person 0.0229 466 173 483 188
person 0.0211 388 204 436 242
person 0.0210 334 215 350 249
person 0.0206 88 232 156 315
person 0.0197 177 228 211 272
person 0.0171 241 203 331 332
person 0.0169 361 210 384 231
person 0.0161 340 210 362 231
person 0.0143 222 212 258 257
person 0.0141 357 190 460 242
person 0.0136 248 244 298 342
person 0.0134 0 279 13 336
person 0.0134 470 197 500 247
person 0.0124 364 215 383 254
person 0.0123 187 225 225 271
person 0.0117 242 252 284 301
person 0.0116 306 239 341 302
person 0.0111 384 200 408 217
person 0.0111 262 226 300 270
person 0.0106 276 198 310 238
person 0.0103 276 215 293 253
person 0.0103 401 209 425 226
person 0.0097 455 217 496 325
person 0.0097 104 245 145 287
person 0.0087 331 205 369 238
person 0.0085 220 227 256 270
person 0.0081 458 197 483 248
person 0.0081 242 214 283 257
person 0.0079 88 245 127 303
person 0.0072 282 163 303 221
person 0.0070 483 190 500 227
person 0.0067 282 201 301 220
person 0.0066 403 205 424 243
person 0.0065 64 335 117 375
person 0.0062 308 213 326 249
person 0.0062 338 216 359 254
person 0.0060 184 243 232 287
person 0.0060 437 189 504 361
person 0.0050 270 201 294 221
person 0.0050 438 223 455 250
person 0.0048 318 227 357 269
person 0.0047 203 230 243 268
person 0.0047 480 169 501 213
person 0.0046 239 206 284 240
person 0.0044 169 232 191 272
person 0.0044 -1 252 27 348
person 0.0044 112 231 154 268
person 0.0041 426 199 478 246
person 0.0040 384 171 399 192
person 0.0040 177 218 237 284
person 0.0040 45 270 173 374
person 0.0039 266 163 287 221
person 0.0039 52 324 136 376
person 0.0039 234 161 254 222
person 0.0038 316 238 350 292
person 0.0035 70 217 184 342
person 0.0032 276 214 314 252
person 0.0031 229 220 252 242
person 0.0031 275 227 293 268
person 0.0029 188 243 206 280
person 0.0024 302 195 347 250
person 0.0024 401 199 423 215
person 0.0023 234 250 255 271
person 0.0022 20 -3 94 97
person 0.0022 210 235 231 258
person 0.0022 68 284 138 376
person 0.0020 316 39 410 93
person 0.0020 368 223 387 276
person 0.0020 384 163 401 202
person 0.0019 334 227 350 269
person 0.0019 226 237 252 260
person 0.0019 213 227 233 247
person 0.0018 0 294 9 375
person 0.0018 385 192 408 227
person 0.0018 149 203 194 235
person 0.0017 253 215 271 257
person 0.0017 249 237 270 261
person 0.0017 448 229 494 262
person 0.0017 187 233 211 260
person 0.0017 286 164 304 187
person 0.0017 156 231 177 275
person 0.0016 116 251 133 304
person 0.0016 466 163 484 195
person 0.0016 249 222 270 244
person 0.0016 440 203 460 243
person 0.0016 459 197 482 214
person 0.0015 207 219 242 254
person 0.0014 86 260 124 325
person 0.0014 483 160 500 179
person 0.0013 337 193 408 253
person 0.0013 249 243 267 286
person 0.0013 0 276 33 373
person 0.0012 140 215 188 258
person 0.0012 99 220 166 282
person 0.0012 307 238 326 291
person 0.0012 308 204 328 219
person 0.0011 442 184 464 227
person 0.0011 402 188 424 225
person 0.0010 372 52 429 84
person 0.0010 5 -11 184 330
pottedplant 0.0015 329 202 349 220
pottedplant 0.0011 165 201 186 218
