bicycle 0.0024 188 204 311 329
bicycle 0.0014 118 101 304 325
bicycle 0.0012 216 210 278 331
car 0.0081 223 304 282 331
car 0.0014 211 293 294 332
chair 0.0029 218 256 281 334
person 0.9199 45 10 145 319
person 0.1224 3 1 123 277
person 0.0831 73 23 166 257
person 0.0434 111 34 309 351
person 0.0150 163 -22 409 302
person 0.0134 388 -6 500 333
person 0.0071 246 25 492 361
person 0.0065 212 -2 358 183
person 0.0047 75 69 134 206
person 0.0029 286 -3 374 75
person 0.0027 433 3 500 76
person 0.0024 285 311 362 333
person 0.0022 297 323 330 332
person 0.0019 248 308 319 333
person 0.0018 249 1 404 85
person 0.0016 23 2 44 35
person 0.0015 53 93 205 329
person 0.0014 422 247 482 335
person 0.0014 318 3 485 82
person 0.0014 309 -14 498 196
person 0.0012 92 -4 251 289
person 0.0012 417 0 477 30
person 0.0012 289 0 342 32
person 0.0012 -2 -11 59 290
person 0.0010 278 1 378 41
person 0.0010 30 13 93 112
person 0.0010 253 300 394 334
