bus 0.9975 9 49 485 324
bus 0.1805 50 57 312 306
bus 0.0239 199 105 439 314
bus 0.0212 372 122 446 200
bus 0.0139 448 102 497 213
bus 0.0134 339 94 464 273
bus 0.0099 243 50 462 269
bus 0.0064 380 165 437 200
bus 0.0051 383 142 432 183
bus 0.0050 0 139 13 199
bus 0.0049 29 161 75 222
bus 0.0035 1 147 52 191
bus 0.0033 2 165 46 195
bus 0.0029 417 111 477 206
bus 0.0025 305 153 420 214
bus 0.0024 416 153 471 219
bus 0.0022 -4 144 27 194
bus 0.0022 320 121 407 193
bus 0.0019 302 178 422 249
bus 0.0018 367 174 448 250
bus 0.0016 384 84 507 226
bus 0.0011 442 113 515 253
car 0.3603 461 185 501 225
car 0.0778 438 195 453 216
car 0.0255 34 180 50 199
car 0.0196 34 174 70 212
car 0.0150 35 179 49 191
car 0.0129 16 176 35 192
car 0.0125 3 171 38 204
car 0.0103 425 190 462 225
car 0.0088 18 182 39 195
car 0.0088 2 181 18 196
car 0.0078 479 173 499 224
car 0.0051 33 184 68 228
car 0.0042 434 176 462 218
car 0.0039 7 177 49 211
car 0.0027 447 84 498 178
car 0.0026 458 193 486 216
car 0.0019 267 263 327 288
car 0.0017 377 255 438 287
car 0.0017 455 204 497 235
car 0.0017 473 186 500 207
car 0.0016 413 251 458 286
car 0.0016 461 173 485 222
car 0.0014 0 158 16 178
car 0.0014 448 161 498 204
car 0.0013 378 194 438 227
car 0.0012 473 192 499 219
car 0.0012 458 186 486 207
car 0.0011 291 256 360 287
car 0.0010 453 135 494 181
car 0.0010 379 227 432 264
person 0.0561 280 183 354 210
person 0.0418 252 176 299 211
person 0.0244 260 168 310 206
person 0.0218 242 157 282 201
person 0.0089 248 159 323 216
person 0.0089 253 140 293 190
person 0.0085 256 120 313 197
person 0.0076 261 132 302 182
person 0.0068 224 157 261 200
person 0.0067 291 173 350 204
person 0.0056 220 152 285 219
person 0.0055 230 115 281 201
person 0.0043 293 128 344 173
person 0.0040 236 132 276 184
person 0.0040 252 162 273 198
person 0.0037 307 140 364 188
person 0.0029 222 172 260 213
person 0.0026 231 167 251 190
person 0.0026 252 175 274 210
person 0.0024 333 168 397 200
person 0.0023 147 202 202 289
person 0.0020 338 138 389 177
person 0.0020 298 185 338 206
person 0.0020 287 144 348 183
person 0.0019 199 160 242 198
person 0.0019 248 149 272 185
person 0.0018 267 161 375 212
person 0.0018 262 145 284 186
person 0.0015 239 112 276 159
person 0.0014 273 117 320 156
person 0.0014 255 188 342 219
person 0.0013 267 144 321 186
person 0.0013 271 130 321 172
person 0.0013 293 117 341 156
person 0.0012 256 114 293 160
person 0.0012 284 184 312 208
person 0.0012 263 131 286 174
person 0.0012 231 146 252 189
person 0.0011 0 174 13 241
person 0.0011 1 172 15 214
pottedplant 0.0185 28 176 63 218
pottedplant 0.0141 2 173 19 194
pottedplant 0.0059 44 172 83 221
pottedplant 0.0053 2 162 16 197
pottedplant 0.0047 35 178 50 217
pottedplant 0.0035 -1 162 26 197
pottedplant 0.0031 37 181 55 227
pottedplant 0.0013 52 181 74 201
train 0.0037 114 160 465 314
train 0.0030 42 132 249 292
train 0.0011 260 171 448 306
