bus 0.9146 -12 38 424 268
bus 0.7541 352 81 443 169
bus 0.6737 423 88 513 132
bus 0.6525 449 72 495 140
bus 0.2672 451 101 490 142
bus 0.0697 327 42 465 180
bus 0.0522 21 27 267 236
bus 0.0290 446 34 500 120
bus 0.0196 423 91 483 158
bus 0.0156 435 121 483 153
bus 0.0155 431 105 475 146
bus 0.0116 484 94 499 156
bus 0.0079 202 52 437 214
bus 0.0068 367 104 435 151
bus 0.0061 -1 54 38 155
bus 0.0056 462 95 507 153
bus 0.0046 447 98 490 118
bus 0.0045 454 86 484 134
bus 0.0030 452 52 502 99
bus 0.0029 0 88 34 128
bus 0.0023 453 117 482 131
bus 0.0022 448 119 468 156
bus 0.0022 439 33 510 172
bus 0.0022 20 57 92 146
bus 0.0018 376 59 507 194
bus 0.0018 -8 45 141 212
bus 0.0017 430 91 476 126
bus 0.0017 -3 100 34 163
bus 0.0014 15 98 102 162
bus 0.0013 483 98 500 118
bus 0.0012 51 62 144 142
car 0.2293 442 123 491 152
car 0.1055 -1 126 27 143
car 0.0855 -1 119 32 148
car 0.0610 0 115 20 133
car 0.0228 471 116 500 157
car 0.0181 2 119 20 153
car 0.0142 14 127 44 142
car 0.0105 456 121 479 155
car 0.0074 18 120 39 134
car 0.0068 484 137 499 157
car 0.0064 -2 109 26 142
car 0.0050 457 138 479 152
car 0.0039 2 108 16 143
car 0.0039 445 129 472 150
car 0.0034 37 120 57 134
car 0.0025 33 127 58 140
car 0.0023 28 116 84 145
car 0.0019 19 120 40 154
car 0.0015 0 139 21 156
car 0.0015 1 126 18 170
car 0.0014 5 110 50 142
car 0.0012 464 131 493 170
car 0.0011 23 143 40 158
car 0.0010 450 133 487 158
car 0.0010 -2 129 27 164
person 0.1725 482 116 498 159
person 0.0240 54 119 70 132
person 0.0132 488 129 500 197
person 0.0071 482 116 498 135
person 0.0066 451 107 501 377
person 0.0051 71 116 93 133
person 0.0036 95 101 146 139
person 0.0024 151 109 200 145
person 0.0022 188 111 232 149
person 0.0015 136 109 155 133
person 0.0011 153 134 197 174
person 0.0011 488 111 500 276
person 0.0011 191 113 213 156
person 0.0010 180 104 220 143
person 0.0010 188 110 211 135
train 0.0021 164 51 483 311
