bicycle 0.0012 -2 279 33 371
bottle 0.0010 207 131 223 166
car 0.0011 0 326 10 374
chair 0.0355 0 234 41 368
chair 0.0144 449 187 496 312
chair 0.0078 448 240 499 353
chair 0.0077 142 190 197 305
chair 0.0039 425 227 488 315
chair 0.0022 451 245 494 299
chair 0.0014 9 226 111 369
chair 0.0013 100 115 156 195
chair 0.0012 106 129 142 180
chair 0.0011 432 248 479 292
person 0.8482 37 124 126 355
person 0.7390 132 26 223 227
person 0.6458 335 22 482 341
person 0.5805 139 118 216 306
person 0.5799 17 60 119 212
person 0.5083 212 37 308 161
person 0.3433 175 100 339 331
person 0.2327 454 29 500 288
person 0.1690 466 32 500 122
person 0.0817 443 222 498 322
person 0.0715 150 106 216 217
person 0.0452 352 36 389 84
person 0.0429 136 32 212 124
person 0.0330 196 23 454 352
person 0.0181 164 160 395 368
person 0.0143 133 105 281 323
person 0.0131 45 128 123 245
person 0.0128 338 32 385 162
person 0.0112 487 43 500 229
person 0.0103 482 35 500 96
person 0.0094 480 55 499 128
person 0.0084 308 28 430 242
person 0.0066 443 139 502 347
person 0.0065 1 130 55 360
person 0.0053 141 32 269 173
person 0.0051 -1 170 8 336
person 0.0049 18 63 107 146
person 0.0049 0 166 40 324
person 0.0042 202 33 348 225
person 0.0042 363 36 386 73
person 0.0039 168 128 225 235
person 0.0038 243 37 312 118
person 0.0035 458 134 496 300
person 0.0032 146 47 256 272
person 0.0030 74 108 197 324
person 0.0029 489 90 500 298
person 0.0027 454 57 496 100
person 0.0027 387 118 500 366
person 0.0025 386 20 490 255
person 0.0020 0 98 11 233
person 0.0018 300 168 501 369
person 0.0017 456 74 496 108
person 0.0017 0 234 11 356
person 0.0014 2 106 39 268
person 0.0013 484 164 499 282
person 0.0012 360 49 383 76
person 0.0011 472 76 499 134
tvmonitor 0.0011 42 283 312 373
