car 0.0029 469 121 501 155
car 0.0024 482 123 498 165
car 0.0021 86 55 162 122
car 0.0020 480 135 499 157
chair 0.0016 7 119 112 264
chair 0.0014 16 147 96 233
chair 0.0010 4 138 48 245
motorbike 0.8659 11 106 480 323
motorbike 0.0203 17 140 179 289
motorbike 0.0185 -1 129 283 304
motorbike 0.0014 51 147 130 230
person 0.7678 186 30 378 301
person 0.4841 107 42 232 243
person 0.4826 84 24 331 311
person 0.0299 72 50 129 123
person 0.0094 83 62 119 112
person 0.0045 142 65 210 164
person 0.0041 180 90 239 183
person 0.0011 32 49 89 127
person 0.0011 481 108 500 162
person 0.0011 254 88 330 185
person 0.0010 212 99 294 176
person 0.0010 101 67 147 111
