car 0.0124 0 307 51 371
car 0.0119 6 334 49 373
car 0.0014 457 292 498 381
car 0.0013 20 339 76 373
car 0.0010 9 301 85 372
car 0.0010 376 198 411 218
chair 0.2004 319 159 484 272
chair 0.1082 32 187 147 299
chair 0.0511 177 156 230 254
chair 0.0246 343 183 455 254
chair 0.0064 -3 146 128 295
chair 0.0049 159 169 208 251
chair 0.0045 165 146 255 264
chair 0.0038 -2 209 49 330
chair 0.0035 166 191 199 247
chair 0.0032 379 117 500 262
chair 0.0027 366 197 432 229
chair 0.0025 402 169 483 260
chair 0.0024 325 196 424 278
chair 0.0024 247 122 475 259
chair 0.0018 186 180 225 241
chair 0.0016 34 219 92 310
chair 0.0015 351 158 453 232
chair 0.0014 103 142 161 238
chair 0.0014 51 223 128 303
chair 0.0011 22 91 159 284
chair 0.0010 168 185 188 239
diningtable 0.0058 181 178 388 293
diningtable 0.0037 246 200 323 281
diningtable 0.0017 212 200 302 280
person 0.9528 176 127 233 257
person 0.0156 159 135 215 251
person 0.0083 5 332 48 377
person 0.0019 187 152 231 218
person 0.0014 184 139 224 188
person 0.0011 0 329 17 378
pottedplant 0.0027 368 192 413 224
sofa 0.5751 159 149 416 270
sofa 0.0044 228 148 349 233
