bicycle 0.2966 86 175 136 240
bicycle 0.0182 56 161 151 251
bicycle 0.0165 99 208 137 234
bicycle 0.0073 483 233 499 275
bicycle 0.0049 91 201 128 240
bicycle 0.0033 101 181 133 230
bicycle 0.0028 475 245 501 279
boat 0.0064 204 47 306 190
boat 0.0015 42 209 374 281
boat 0.0010 129 24 290 211
bottle 0.0036 114 213 133 230
car 0.0174 321 243 400 281
car 0.0019 99 185 135 213
car 0.0016 161 259 262 280
car 0.0013 200 260 288 279
car 0.0012 72 160 173 250
car 0.0010 131 251 287 282
chair 0.4751 263 180 308 216
chair 0.4685 286 153 361 218
chair 0.3654 252 163 311 213
chair 0.3514 325 154 399 217
chair 0.1974 290 137 351 195
chair 0.0675 302 183 364 217
chair 0.0673 303 144 344 181
chair 0.0462 337 166 388 201
chair 0.0442 452 141 497 224
chair 0.0437 294 118 443 212
chair 0.0423 339 148 387 183
chair 0.0355 303 164 350 203
chair 0.0281 344 186 387 222
chair 0.0222 190 125 247 196
chair 0.0106 281 150 318 183
chair 0.0086 467 220 503 280
chair 0.0086 190 156 253 202
chair 0.0067 322 233 397 281
chair 0.0048 461 144 500 182
chair 0.0046 225 109 282 178
chair 0.0041 197 142 238 180
chair 0.0039 462 163 499 204
chair 0.0038 461 160 501 241
chair 0.0038 451 106 499 181
chair 0.0028 234 126 270 161
chair 0.0025 466 128 503 161
chair 0.0024 275 162 320 194
chair 0.0023 344 145 404 171
chair 0.0023 219 140 366 222
chair 0.0023 242 118 281 151
chair 0.0022 294 190 348 224
chair 0.0022 335 241 383 273
chair 0.0021 285 160 307 178
chair 0.0021 317 115 411 176
chair 0.0017 453 129 493 159
chair 0.0017 481 116 499 174
chair 0.0014 248 165 405 240
chair 0.0014 484 137 499 220
chair 0.0013 478 127 499 141
chair 0.0012 264 171 290 207
chair 0.0011 478 137 499 152
chair 0.0011 247 139 266 152
chair 0.0010 253 129 301 161
chair 0.0010 217 119 259 152
chair 0.0010 262 189 325 223
chair 0.0010 457 137 484 150
chair 0.0010 452 140 494 172
diningtable 0.0014 61 176 358 281
diningtable 0.0010 347 213 526 285
person 0.2098 244 51 282 134
person 0.1263 252 51 281 98
person 0.0672 254 52 301 139
person 0.0274 256 53 278 85
person 0.0097 257 46 285 79
person 0.0070 248 70 279 108
person 0.0047 219 28 345 168
person 0.0023 264 70 299 117
pottedplant 0.8195 378 176 422 236
pottedplant 0.7652 392 110 477 215
pottedplant 0.7552 234 165 266 198
pottedplant 0.5184 261 107 328 178
pottedplant 0.2786 245 161 277 199
pottedplant 0.1947 381 121 448 207
pottedplant 0.1871 377 148 437 231
pottedplant 0.1625 257 132 324 195
pottedplant 0.0810 283 114 347 178
pottedplant 0.0795 239 96 349 189
pottedplant 0.0631 407 136 468 228
pottedplant 0.0313 271 145 312 180
pottedplant 0.0269 222 136 276 198
pottedplant 0.0247 271 121 318 162
pottedplant 0.0220 407 167 455 239
pottedplant 0.0182 251 173 271 197
pottedplant 0.0181 195 171 254 199
pottedplant 0.0156 382 200 411 236
pottedplant 0.0129 294 147 343 185
pottedplant 0.0120 233 149 266 187
pottedplant 0.0118 249 165 272 188
pottedplant 0.0113 297 125 340 163
pottedplant 0.0111 258 122 386 207
pottedplant 0.0070 266 86 468 205
pottedplant 0.0068 313 138 353 175
pottedplant 0.0062 252 157 295 200
pottedplant 0.0055 357 163 457 240
pottedplant 0.0051 391 145 431 183
pottedplant 0.0044 240 150 285 190
pottedplant 0.0041 432 109 502 216
pottedplant 0.0039 382 141 484 259
pottedplant 0.0038 415 194 449 229
pottedplant 0.0036 230 43 406 200
pottedplant 0.0030 271 103 317 139
pottedplant 0.0029 388 166 427 210
pottedplant 0.0027 234 68 280 165
pottedplant 0.0027 379 52 490 196
pottedplant 0.0025 188 80 320 201
pottedplant 0.0020 418 140 464 183
pottedplant 0.0019 258 95 302 128
pottedplant 0.0017 373 214 421 243
pottedplant 0.0015 325 140 348 155
pottedplant 0.0015 282 91 350 156
pottedplant 0.0015 376 227 498 277
pottedplant 0.0014 284 169 305 180
pottedplant 0.0013 297 215 515 284
pottedplant 0.0012 252 116 301 152
pottedplant 0.0012 402 91 475 157
pottedplant 0.0012 244 182 278 213
pottedplant 0.0010 426 159 462 206
