chair 0.0037 6 2 109 75
chair 0.0024 463 143 499 288
chair 0.0016 444 20 504 293
diningtable 0.0065 27 235 550 368
diningtable 0.0018 -34 278 459 379
diningtable 0.0013 67 318 509 386
dog 0.9320 192 144 383 281
dog 0.4910 91 103 412 286
dog 0.1979 273 36 460 286
dog 0.0622 61 163 366 314
dog 0.0504 285 141 367 236
dog 0.0040 225 147 355 229
dog 0.0029 86 177 489 357
dog 0.0028 283 124 375 201
dog 0.0014 192 171 313 259
dog 0.0010 306 134 362 168
person 0.3463 5 79 101 301
person 0.1880 308 27 486 290
person 0.0431 13 20 409 304
person 0.0270 1 91 58 329
person 0.0223 1 167 34 314
person 0.0140 0 180 10 300
person 0.0081 7 90 171 328
person 0.0045 375 102 502 317
person 0.0019 0 206 8 351
person 0.0018 69 -15 428 108
person 0.0010 0 157 45 378
