aeroplane 0.0601 24 22 550 296
boat 0.0019 337 201 411 223
boat 0.0011 338 209 401 233
boat 0.0011 321 226 435 258
car 0.8568 5 251 188 296
car 0.7457 3 247 48 285
car 0.7213 221 250 305 278
car 0.6573 478 252 501 270
car 0.6362 0 252 34 281
car 0.6307 310 251 358 281
car 0.2890 429 249 471 278
car 0.2729 322 247 401 282
car 0.2346 22 250 112 281
car 0.2233 192 249 248 275
car 0.1562 463 249 494 278
car 0.1415 282 247 316 264
car 0.0897 439 246 473 260
car 0.0840 326 238 413 271
car 0.0716 82 252 169 292
car 0.0668 30 258 102 297
car 0.0632 369 261 421 288
car 0.0554 410 252 461 282
car 0.0543 466 241 500 270
car 0.0515 273 248 324 275
car 0.0438 366 250 433 282
car 0.0436 202 245 297 271
car 0.0428 432 244 471 266
car 0.0385 356 238 438 268
car 0.0334 8 261 40 291
car 0.0260 420 248 439 261
car 0.0255 459 247 473 260
car 0.0237 303 255 339 275
car 0.0208 29 246 110 268
car 0.0198 417 256 440 276
car 0.0196 296 243 365 272
car 0.0171 300 251 330 263
car 0.0165 7 256 41 276
car 0.0136 322 250 347 284
car 0.0129 353 262 402 287
car 0.0117 187 250 220 263
car 0.0099 289 252 312 271
car 0.0099 308 250 332 283
car 0.0097 187 255 216 273
car 0.0096 342 246 453 286
car 0.0093 150 248 170 259
car 0.0075 460 255 479 270
car 0.0065 182 246 229 269
car 0.0063 148 254 201 283
car 0.0061 109 249 141 260
car 0.0058 325 249 352 261
car 0.0054 206 254 236 273
car 0.0046 0 249 29 263
car 0.0046 -10 10 510 257
car 0.0043 53 249 88 262
car 0.0041 127 251 159 260
car 0.0040 242 257 280 274
car 0.0040 0 267 17 285
car 0.0039 203 248 237 262
car 0.0039 69 249 104 261
car 0.0036 445 250 488 274
car 0.0035 51 255 86 269
car 0.0033 230 255 255 273
car 0.0031 339 247 363 259
car 0.0030 192 248 214 279
car 0.0030 91 248 118 260
car 0.0026 167 249 200 258
car 0.0025 409 242 463 268
car 0.0025 280 235 387 279
car 0.0025 14 249 40 263
car 0.0025 313 263 356 286
car 0.0024 222 247 260 260
car 0.0024 400 244 419 258
car 0.0023 72 255 100 269
car 0.0023 1 257 17 294
car 0.0023 429 262 471 288
car 0.0023 85 246 164 265
car 0.0018 92 256 118 269
car 0.0018 386 260 409 292
car 0.0017 393 259 433 275
car 0.0017 266 250 296 260
car 0.0016 353 258 399 275
car 0.0015 307 279 494 374
car 0.0015 263 256 298 272
car 0.0015 361 248 390 259
car 0.0015 176 260 198 273
car 0.0014 380 266 413 287
car 0.0013 399 266 425 287
car 0.0013 243 247 275 259
car 0.0013 339 254 367 276
car 0.0012 250 248 275 281
car 0.0012 238 237 341 277
car 0.0011 420 266 439 284
car 0.0011 342 249 363 285
car 0.0010 29 256 63 271
car 0.0010 1 236 24 278
person 0.0053 419 252 438 284
person 0.0052 287 241 310 271
