bicycle 0.0032 19 84 68 125
boat 0.0013 49 52 450 261
car 0.0198 451 196 497 294
car 0.0044 457 218 493 270
car 0.0037 415 207 483 275
car 0.0033 427 219 471 259
car 0.0025 418 214 451 254
car 0.0010 443 153 506 332
chair 0.2118 463 255 502 341
chair 0.0789 194 246 238 282
chair 0.0510 465 252 499 305
chair 0.0292 181 238 246 309
chair 0.0168 193 255 238 305
chair 0.0120 206 253 227 273
chair 0.0113 476 262 500 329
chair 0.0081 191 255 217 275
chair 0.0074 459 6 501 139
chair 0.0065 170 256 253 350
chair 0.0062 451 283 503 328
chair 0.0058 454 272 501 381
chair 0.0055 216 236 256 269
chair 0.0045 483 226 500 310
chair 0.0043 400 286 497 374
chair 0.0038 226 244 247 264
chair 0.0033 164 221 497 374
chair 0.0030 208 247 231 266
chair 0.0030 207 245 229 283
chair 0.0028 227 79 268 125
chair 0.0026 449 249 500 289
chair 0.0020 213 245 257 282
chair 0.0018 381 233 504 372
chair 0.0017 191 246 217 265
chair 0.0015 408 15 479 131
chair 0.0014 4 213 256 377
chair 0.0013 475 282 500 307
chair 0.0012 477 270 501 291
chair 0.0012 0 161 126 368
chair 0.0011 461 267 489 324
chair 0.0010 469 295 501 349
chair 0.0010 218 68 281 130
chair 0.0010 182 272 230 315
chair 0.0010 484 281 500 364
diningtable 0.0323 42 276 386 377
diningtable 0.0171 195 239 245 272
diningtable 0.0068 178 212 254 281
diningtable 0.0043 4 324 424 381
diningtable 0.0027 218 228 273 262
diningtable 0.0022 206 210 287 282
diningtable 0.0021 38 223 540 379
diningtable 0.0010 206 229 279 313
diningtable 0.0010 79 338 348 376
person 0.9705 23 136 233 357
person 0.8281 241 134 484 361
person 0.1189 78 135 120 176
person 0.0932 149 82 185 123
person 0.0601 58 129 444 367
person 0.0547 166 80 197 127
person 0.0438 0 90 21 121
person 0.0424 3 83 41 122
person 0.0402 177 88 197 121
person 0.0348 -3 104 107 268
person 0.0287 4 125 101 192
person 0.0238 -3 117 55 201
person 0.0132 0 132 11 227
person 0.0108 9 120 48 159
person 0.0104 -4 92 45 169
person 0.0074 0 131 44 176
person 0.0072 0 119 15 179
person 0.0072 0 104 35 150
person 0.0061 17 129 73 163
person 0.0054 172 81 193 106
person 0.0052 -16 92 193 285
person 0.0045 42 131 89 166
person 0.0039 155 81 179 107
person 0.0033 38 84 57 127
person 0.0033 216 87 448 299
person 0.0028 -1 115 29 163
person 0.0028 184 64 217 124
person 0.0026 462 0 502 91
person 0.0024 0 114 60 365
person 0.0023 25 108 42 127
person 0.0020 17 126 44 151
person 0.0018 -1 81 28 117
person 0.0017 488 197 500 304
person 0.0017 18 100 42 122
person 0.0016 16 132 38 162
person 0.0015 72 37 498 284
person 0.0014 11 98 102 163
person 0.0014 58 139 82 163
person 0.0013 451 169 497 272
person 0.0013 481 9 499 118
person 0.0013 478 4 499 67
person 0.0013 185 98 201 122
person 0.0012 231 96 251 117
person 0.0012 -13 70 136 197
person 0.0011 35 109 52 129
person 0.0011 83 124 176 183
person 0.0010 0 135 17 163
