boat 0.0015 0 81 52 174
bus 0.9951 5 22 417 334
bus 0.8606 118 68 516 345
bus 0.1274 184 39 458 267
bus 0.1131 274 52 527 300
bus 0.0761 374 43 513 263
bus 0.0421 55 47 306 300
bus 0.0122 430 73 510 283
bus 0.0110 408 141 478 217
bus 0.0059 -6 144 60 176
bus 0.0049 -1 108 49 191
bus 0.0035 459 131 499 227
bus 0.0025 391 152 503 309
bus 0.0019 0 134 45 172
bus 0.0016 -1 155 54 184
bus 0.0013 447 185 500 286
bus 0.0011 15 155 42 170
bus 0.0010 21 107 79 194
bus 0.0010 410 167 490 235
bus 0.0010 0 128 11 194
car 0.0154 0 165 15 182
car 0.0112 446 219 499 298
car 0.0044 411 217 491 299
car 0.0022 0 172 13 189
car 0.0011 78 162 420 338
car 0.0010 52 -10 365 101
person 0.0347 229 138 286 179
person 0.0303 17 161 33 179
person 0.0182 345 138 390 179
person 0.0170 478 163 499 206
person 0.0136 378 157 422 194
person 0.0126 337 140 405 208
person 0.0096 251 133 303 182
person 0.0096 345 153 396 193
person 0.0095 224 155 280 188
person 0.0087 368 142 434 208
person 0.0086 417 163 463 199
person 0.0082 465 167 485 206
person 0.0078 284 121 369 190
person 0.0067 456 164 494 208
person 0.0065 404 166 453 208
person 0.0064 302 134 351 175
person 0.0047 333 144 378 194
person 0.0046 0 153 11 193
person 0.0042 345 137 366 182
person 0.0039 467 179 500 217
person 0.0038 214 145 290 201
person 0.0038 417 178 480 216
person 0.0038 395 167 436 204
person 0.0033 36 162 48 179
person 0.0033 468 146 501 200
person 0.0033 463 180 482 217
person 0.0031 226 166 291 198
person 0.0030 302 155 353 191
person 0.0022 406 166 431 183
person 0.0022 293 142 363 208
person 0.0021 363 138 386 182
person 0.0020 194 132 237 172
person 0.0020 374 163 416 209
person 0.0020 384 180 402 216
person 0.0018 377 183 425 215
person 0.0018 476 188 499 208
person 0.0018 269 160 293 182
person 0.0018 271 149 318 190
person 0.0017 415 166 440 183
person 0.0014 246 149 272 170
person 0.0014 220 121 262 172
person 0.0014 403 170 426 193
person 0.0014 396 153 436 192
person 0.0012 482 121 500 198
person 0.0012 340 185 389 216
person 0.0011 197 167 244 203
person 0.0010 182 112 248 187
person 0.0010 190 156 239 191
person 0.0010 266 137 288 179
person 0.0010 377 138 415 180
person 0.0010 406 156 450 190
pottedplant 0.0013 69 78 117 109
