car 0.3413 -2 251 65 371
car 0.0535 27 252 72 276
car 0.0217 54 261 140 341
car 0.0193 4 253 49 278
car 0.0100 -1 232 58 318
car 0.0089 0 260 21 277
car 0.0075 14 239 88 299
car 0.0074 35 254 65 272
car 0.0054 13 259 43 277
car 0.0036 1 241 15 290
car 0.0032 5 276 52 314
car 0.0029 32 247 147 368
car 0.0028 -1 250 30 282
car 0.0022 64 259 121 286
car 0.0019 70 276 131 319
car 0.0018 130 282 150 307
car 0.0018 58 259 80 273
car 0.0018 76 258 97 270
car 0.0012 -6 203 106 355
car 0.0010 39 249 60 280
chair 0.0318 34 230 79 272
chair 0.0201 21 216 90 277
chair 0.0166 327 93 382 122
chair 0.0123 332 77 380 114
chair 0.0121 327 206 386 283
chair 0.0108 299 81 357 121
chair 0.0080 272 88 316 123
chair 0.0045 342 98 372 115
chair 0.0044 61 204 123 277
chair 0.0041 354 78 392 111
chair 0.0039 359 86 388 104
chair 0.0030 346 88 373 107
chair 0.0029 347 94 399 122
chair 0.0029 1 202 48 285
chair 0.0027 366 96 420 121
chair 0.0023 323 69 393 121
chair 0.0023 393 218 427 271
chair 0.0022 72 224 114 267
chair 0.0020 5 227 44 270
chair 0.0018 357 100 384 116
chair 0.0015 449 86 500 173
chair 0.0015 383 86 428 119
chair 0.0012 308 95 335 117
chair 0.0012 -9 130 126 298
chair 0.0011 240 259 271 303
chair 0.0011 408 92 486 162
chair 0.0010 319 96 346 114
diningtable 0.0017 7 66 493 310
diningtable 0.0015 169 45 492 220
person 0.9443 229 209 265 318
person 0.0799 436 219 467 276
person 0.0391 165 240 204 321
person 0.0174 228 235 258 296
person 0.0158 421 85 476 115
person 0.0135 413 82 453 110
person 0.0135 206 201 288 331
person 0.0106 177 252 195 314
person 0.0102 420 219 472 316
person 0.0058 385 209 432 283
person 0.0052 407 73 490 126
person 0.0046 406 88 458 118
person 0.0033 487 71 500 143
person 0.0026 451 84 495 118
person 0.0018 379 218 443 320
person 0.0017 422 222 456 280
person 0.0017 430 242 464 293
person 0.0012 227 213 259 264
pottedplant 0.0538 185 253 225 298
pottedplant 0.0409 -1 14 90 191
pottedplant 0.0378 205 190 242 234
pottedplant 0.0346 273 82 315 123
pottedplant 0.0307 6 55 80 142
pottedplant 0.0254 274 31 367 124
pottedplant 0.0224 -4 30 110 290
pottedplant 0.0185 287 14 439 124
pottedplant 0.0172 196 265 218 290
pottedplant 0.0165 383 11 503 126
pottedplant 0.0146 369 25 438 114
pottedplant 0.0137 408 28 486 115
pottedplant 0.0134 207 258 233 304
pottedplant 0.0129 285 233 313 277
pottedplant 0.0116 188 274 220 312
pottedplant 0.0116 195 257 218 280
pottedplant 0.0113 207 275 236 311
pottedplant 0.0090 328 31 400 120
pottedplant 0.0077 319 -8 486 109
pottedplant 0.0058 187 301 204 319
pottedplant 0.0056 265 29 326 121
pottedplant 0.0054 291 75 345 117
pottedplant 0.0054 226 255 259 305
pottedplant 0.0053 444 200 493 288
pottedplant 0.0049 289 235 308 264
pottedplant 0.0048 444 26 501 117
pottedplant 0.0048 -4 72 58 297
pottedplant 0.0046 196 281 218 304
pottedplant 0.0045 244 -9 408 108
pottedplant 0.0045 180 302 197 322
pottedplant 0.0044 212 255 234 280
pottedplant 0.0040 215 266 234 294
pottedplant 0.0040 177 263 230 325
pottedplant 0.0037 -1 9 58 138
pottedplant 0.0034 168 263 200 321
pottedplant 0.0033 0 151 41 280
pottedplant 0.0033 290 242 311 284
pottedplant 0.0031 244 34 411 158
pottedplant 0.0020 181 292 219 322
pottedplant 0.0019 199 223 237 270
pottedplant 0.0019 -4 63 59 184
pottedplant 0.0018 274 246 308 293
pottedplant 0.0018 322 4 408 92
pottedplant 0.0017 22 73 72 122
pottedplant 0.0016 383 47 424 98
pottedplant 0.0015 452 220 488 271
pottedplant 0.0015 270 218 314 284
pottedplant 0.0015 272 52 314 99
pottedplant 0.0014 213 194 232 242
pottedplant 0.0013 424 51 471 98
pottedplant 0.0011 192 209 244 289
pottedplant 0.0011 275 11 365 88
pottedplant 0.0011 198 289 241 321
pottedplant 0.0010 211 207 231 231
pottedplant 0.0010 253 264 272 290
pottedplant 0.0010 454 86 487 101
pottedplant 0.0010 344 53 388 100
