bicycle 0.0245 -2 174 31 319
bicycle 0.0039 -3 102 46 331
bicycle 0.0023 -3 152 130 330
chair 0.0989 -5 154 199 335
chair 0.0073 0 95 116 284
chair 0.0047 60 94 284 336
chair 0.0046 13 141 95 233
chair 0.0043 235 215 485 376
chair 0.0043 -2 120 36 257
chair 0.0018 -5 67 51 309
chair 0.0017 17 223 241 374
chair 0.0015 -3 197 31 339
chair 0.0011 43 149 454 335
person 0.8693 147 12 280 300
person 0.4951 157 25 269 179
person 0.0412 162 51 495 321
person 0.0060 185 169 469 374
person 0.0028 448 0 501 318
person 0.0026 298 40 505 393
person 0.0021 383 11 498 308
person 0.0017 111 14 246 149
person 0.0016 63 27 211 180
person 0.0014 134 40 206 157
person 0.0013 216 231 258 276
person 0.0010 105 62 169 146
sofa 0.0250 153 5 504 311
sofa 0.0035 94 140 485 343
tvmonitor 0.0201 65 92 141 173
tvmonitor 0.0050 216 -1 349 42
tvmonitor 0.0040 90 82 169 174
tvmonitor 0.0027 243 1 321 31
tvmonitor 0.0018 170 0 411 88
tvmonitor 0.0010 67 60 201 203
