car 0.9759 25 68 475 362
car 0.0522 199 -7 526 329
car 0.0289 1 134 39 238
car 0.0235 304 50 503 380
car 0.0226 0 165 11 226
car 0.0103 -30 16 455 251
car 0.0097 -3 87 123 233
car 0.0095 14 68 268 305
car 0.0078 19 92 104 166
car 0.0074 61 0 517 148
car 0.0056 12 117 96 198
car 0.0054 3 159 36 212
car 0.0044 380 101 493 379
car 0.0044 8 70 185 202
car 0.0037 1 181 15 206
car 0.0035 0 171 10 274
car 0.0028 -8 117 126 307
car 0.0028 32 96 153 152
car 0.0026 1 170 21 220
car 0.0020 374 -7 508 325
car 0.0019 62 95 132 124
car 0.0019 0 129 11 203
car 0.0018 -3 81 41 184
car 0.0017 3 134 37 189
car 0.0014 33 92 84 126
car 0.0012 36 104 88 146
car 0.0012 1 170 13 191
car 0.0011 2 184 33 238
car 0.0011 0 111 17 127
car 0.0010 -4 91 52 279
person 0.0019 141 131 178 165
