bicycle 0.0094 456 54 500 111
bicycle 0.0038 449 68 497 95
bicycle 0.0012 372 8 499 242
dog 0.1602 98 155 152 204
dog 0.0132 108 152 150 188
dog 0.0096 37 113 95 210
dog 0.0067 69 150 133 210
dog 0.0057 57 124 118 206
dog 0.0049 34 102 132 220
dog 0.0027 59 140 195 228
horse 0.1718 31 84 105 208
horse 0.0717 187 79 367 218
horse 0.0040 254 127 325 206
horse 0.0031 350 24 453 192
horse 0.0027 213 123 289 207
horse 0.0023 251 103 386 222
horse 0.0021 293 126 355 207
horse 0.0012 139 75 306 222
person 0.9068 380 29 433 104
person 0.8077 32 48 93 174
person 0.4412 240 33 312 175
person 0.2917 239 45 283 127
person 0.1388 250 54 299 154
person 0.0298 28 99 104 218
person 0.0259 250 38 297 107
person 0.0083 390 41 426 87
person 0.0071 398 34 464 103
person 0.0067 457 36 499 105
person 0.0054 343 33 411 100
person 0.0048 364 30 446 140
person 0.0037 38 58 121 202
person 0.0035 316 23 429 115
person 0.0030 397 37 418 73
person 0.0028 379 22 493 114
person 0.0028 345 22 464 229
person 0.0026 31 47 82 100
person 0.0013 244 61 273 106
person 0.0013 242 49 277 92
person 0.0010 38 54 75 88
