boat 0.8552 26 236 473 304
boat 0.2675 109 182 233 296
boat 0.0531 1 187 417 302
boat 0.0238 14 239 273 308
boat 0.0165 -40 248 462 342
boat 0.0148 108 247 390 297
boat 0.0062 246 188 410 295
boat 0.0049 154 151 436 288
boat 0.0040 30 251 180 308
boat 0.0022 195 254 305 289
boat 0.0017 120 253 227 286
boat 0.0013 55 260 142 294
boat 0.0010 55 277 140 309
person 0.9708 299 181 377 261
person 0.9650 130 176 211 274
person 0.0271 328 186 373 242
person 0.0101 311 183 355 233
person 0.0089 72 162 221 282
person 0.0051 286 168 416 273
person 0.0050 143 189 200 246
person 0.0047 140 207 206 266
person 0.0030 299 195 347 250
person 0.0027 258 175 340 261
person 0.0018 331 237 379 268
person 0.0015 162 175 241 265
person 0.0010 321 190 343 228
