car 0.8276 64 54 505 382
car 0.1847 23 9 477 254
car 0.0124 209 -7 512 323
car 0.0117 6 14 169 196
car 0.0087 -1 34 49 110
car 0.0082 6 34 103 107
car 0.0070 1 51 42 95
car 0.0055 -2 10 124 135
car 0.0046 3 -8 277 275
car 0.0018 0 50 13 105
car 0.0017 457 49 499 145
car 0.0016 13 52 100 141
car 0.0014 163 18 483 191
car 0.0013 387 12 493 189
car 0.0013 466 73 500 110
car 0.0010 21 50 85 89
chair 0.0025 314 224 494 372
chair 0.0019 381 167 501 370
motorbike 0.0014 452 1 497 38
person 0.0653 6 25 109 236
person 0.0499 22 100 83 213
person 0.0165 4 94 40 223
person 0.0110 7 66 99 364
person 0.0059 0 52 54 323
person 0.0037 0 135 11 224
person 0.0030 0 142 36 288
person 0.0025 -3 -1 50 89
person 0.0023 418 1 477 37
person 0.0023 9 62 180 313
person 0.0018 21 0 80 30
person 0.0017 0 -1 48 34
person 0.0016 7 7 97 81
person 0.0015 408 3 485 72
person 0.0011 -3 183 29 362
person 0.0011 4 120 268 367
person 0.0011 5 128 35 190
person 0.0010 0 38 11 207
tvmonitor 0.0557 36 83 308 293
tvmonitor 0.0014 100 148 188 223
