bicycle 0.0258 391 298 490 376
bicycle 0.0091 229 226 497 378
bicycle 0.0025 378 224 503 381
bicycle 0.0021 412 341 481 375
bicycle 0.0014 307 286 504 376
bottle 0.1101 378 304 429 377
bottle 0.0454 387 311 419 368
bottle 0.0172 356 325 450 374
bottle 0.0022 -1 44 31 162
bottle 0.0017 395 324 417 373
car 0.0075 458 286 495 380
car 0.0058 453 338 497 376
car 0.0033 405 351 496 375
diningtable 0.0290 171 350 483 377
diningtable 0.0129 260 355 391 377
diningtable 0.0126 156 331 497 379
diningtable 0.0099 225 356 350 376
diningtable 0.0073 130 342 374 374
diningtable 0.0035 195 350 306 375
diningtable 0.0022 304 347 429 374
person 0.9074 10 134 168 370
person 0.7237 378 86 487 351
person 0.6671 216 133 342 359
person 0.6632 235 234 358 372
person 0.4363 307 88 414 338
person 0.4321 142 73 225 297
person 0.4304 185 146 247 354
person 0.3301 5 44 166 281
person 0.3175 241 78 305 177
person 0.2441 243 126 322 238
person 0.1345 148 76 180 137
person 0.1230 201 119 298 319
person 0.0947 34 47 229 327
person 0.0671 148 79 202 171
person 0.0645 272 100 396 276
person 0.0296 166 76 241 179
person 0.0285 127 160 230 374
person 0.0277 296 103 370 202
person 0.0173 208 141 285 238
person 0.0153 202 156 268 265
person 0.0142 234 109 415 375
person 0.0131 322 87 392 180
person 0.0116 184 134 249 246
person 0.0085 376 85 439 173
person 0.0075 208 74 310 249
person 0.0072 152 93 189 147
person 0.0052 310 107 357 154
person 0.0052 157 79 196 135
person 0.0045 155 81 176 105
person 0.0039 232 100 289 206
person 0.0033 1 88 17 157
person 0.0031 -2 117 64 375
person 0.0030 -2 63 27 182
person 0.0030 294 59 420 219
person 0.0028 120 58 236 215
person 0.0025 270 277 360 372
person 0.0024 359 60 468 275
person 0.0024 155 138 206 286
person 0.0018 151 90 173 120
person 0.0017 251 81 296 136
person 0.0017 149 98 172 138
person 0.0017 436 73 502 363
person 0.0016 116 55 174 145
person 0.0012 308 126 350 176
person 0.0012 -4 38 47 275
person 0.0012 385 101 424 156
person 0.0011 245 92 286 155
person 0.0011 167 86 187 130
person 0.0011 156 188 205 355
person 0.0010 484 297 499 378
pottedplant 0.0018 464 241 499 375
