bottle 0.0181 23 283 100 366
bottle 0.0063 58 283 115 368
bottle 0.0055 39 297 86 347
bottle 0.0046 59 309 101 355
bottle 0.0028 6 276 71 373
bottle 0.0020 15 372 44 409
bottle 0.0020 99 248 180 330
bottle 0.0010 119 257 161 308
chair 0.3125 100 115 269 296
chair 0.0375 205 115 328 464
chair 0.0191 68 106 301 372
chair 0.0177 163 89 320 335
chair 0.0032 89 -2 340 127
chair 0.0032 -4 60 240 378
chair 0.0018 83 12 348 262
chair 0.0015 265 217 323 352
chair 0.0014 264 2 327 104
chair 0.0014 296 -3 333 118
chair 0.0014 250 0 332 427
chair 0.0014 292 1 335 49
chair 0.0014 237 225 302 350
chair 0.0011 295 52 335 443
chair 0.0010 256 0 334 211
chair 0.0010 152 150 226 259
diningtable 0.5018 26 177 302 469
diningtable 0.0073 28 287 351 504
diningtable 0.0011 113 253 217 325
person 0.7757 34 137 247 447
person 0.7478 103 117 239 296
person 0.0228 110 99 317 480
person 0.0043 1 143 130 430
person 0.0013 -6 202 87 450
person 0.0012 296 -4 335 425
person 0.0010 127 147 212 262
tvmonitor 0.0013 323 351 333 436
tvmonitor 0.0012 316 362 334 424
