bicycle 0.9979 -23 47 524 330
bicycle 0.0185 25 0 392 270
bicycle 0.0177 199 34 510 298
bicycle 0.0033 113 15 307 196
bicycle 0.0022 2 13 194 300
bicycle 0.0018 165 131 479 342
bicycle 0.0017 375 26 502 294
bottle 0.0375 265 169 310 211
bottle 0.0130 261 192 312 232
bottle 0.0101 239 192 285 223
bottle 0.0051 254 180 320 245
bottle 0.0033 271 162 320 200
bottle 0.0025 263 140 312 179
bottle 0.0021 257 173 299 220
bottle 0.0017 228 169 280 210
bottle 0.0016 273 150 321 183
bottle 0.0011 256 161 301 202
car 0.2528 433 -3 503 50
car 0.0184 464 0 502 47
car 0.0168 451 13 499 50
car 0.0132 484 12 500 55
car 0.0090 426 -2 483 27
car 0.0024 417 -1 456 40
car 0.0022 425 12 480 50
car 0.0015 34 -1 94 27
car 0.0015 326 26 396 51
car 0.0014 459 -5 509 28
car 0.0014 458 0 488 12
car 0.0013 435 0 466 12
car 0.0010 488 7 500 86
chair 0.0115 96 13 170 65
chair 0.0090 113 2 166 33
chair 0.0028 59 -2 105 25
chair 0.0024 148 0 197 33
chair 0.0018 101 0 176 43
chair 0.0013 116 -1 170 20
chair 0.0011 20 104 180 332
chair 0.0010 132 19 191 55
person 0.0023 178 12 247 80
pottedplant 0.0232 -4 11 194 190
pottedplant 0.0230 109 21 158 57
pottedplant 0.0162 180 -4 220 45
pottedplant 0.0041 196 -1 235 44
pottedplant 0.0038 206 7 224 28
pottedplant 0.0023 230 30 252 46
pottedplant 0.0022 117 23 140 45
pottedplant 0.0020 59 0 114 29
pottedplant 0.0019 207 0 225 42
pottedplant 0.0018 196 19 237 53
pottedplant 0.0016 185 8 208 30
pottedplant 0.0016 208 25 232 47
pottedplant 0.0015 49 0 90 34
pottedplant 0.0014 186 0 209 19
pottedplant 0.0013 97 37 120 61
pottedplant 0.0013 187 26 204 51
pottedplant 0.0012 168 0 192 16
pottedplant 0.0011 188 33 249 70
pottedplant 0.0010 209 1 228 19
pottedplant 0.0010 89 34 128 65
