boat 0.0034 445 84 500 128
boat 0.0028 143 21 437 125
boat 0.0021 411 66 499 136
boat 0.0020 247 59 336 83
boat 0.0019 220 49 362 96
boat 0.0019 179 -4 470 98
boat 0.0016 441 29 503 129
boat 0.0015 306 34 365 62
boat 0.0014 422 85 484 120
boat 0.0013 289 58 364 84
boat 0.0012 268 19 395 70
boat 0.0012 328 30 396 57
bus 0.0433 439 66 500 137
bus 0.0035 445 82 499 170
car 0.1244 4 171 49 202
car 0.0913 0 181 18 204
car 0.0322 -1 161 12 206
car 0.0197 -1 173 16 195
car 0.0177 177 91 263 119
car 0.0152 18 178 43 204
car 0.0139 421 193 482 228
car 0.0126 -1 164 23 203
car 0.0111 448 107 498 136
car 0.0095 25 172 71 202
car 0.0079 181 86 258 108
car 0.0063 296 87 353 112
car 0.0062 156 80 273 125
car 0.0062 210 87 286 112
car 0.0059 457 117 483 130
car 0.0056 338 106 369 117
car 0.0056 480 116 499 132
car 0.0049 327 98 382 119
car 0.0046 321 106 391 132
car 0.0040 326 92 396 114
car 0.0037 101 21 151 55
car 0.0032 473 213 501 228
car 0.0031 481 203 500 222
car 0.0027 445 118 500 153
car 0.0023 376 203 412 238
car 0.0022 444 193 500 225
car 0.0020 465 102 503 142
car 0.0020 255 86 327 112
car 0.0020 98 34 153 60
car 0.0020 179 61 249 85
car 0.0019 119 33 164 62
car 0.0019 482 125 498 144
car 0.0018 393 203 434 236
car 0.0017 487 101 500 172
car 0.0016 203 90 238 103
car 0.0016 464 215 489 229
car 0.0015 184 90 223 102
car 0.0014 450 205 496 238
car 0.0013 410 202 452 235
car 0.0013 464 199 486 220
car 0.0012 377 89 432 114
car 0.0012 209 61 294 84
car 0.0011 17 162 78 214
car 0.0011 81 8 182 69
car 0.0011 478 99 499 117
car 0.0010 94 46 118 59
car 0.0010 112 42 138 57
chair 0.0169 1 340 52 368
chair 0.0142 9 344 44 359
chair 0.0100 -4 352 60 377
chair 0.0063 20 345 87 372
chair 0.0045 9 361 45 374
chair 0.0031 9 355 124 377
chair 0.0029 1 331 106 377
chair 0.0027 0 342 15 362
chair 0.0024 2 323 53 356
chair 0.0023 28 365 65 375
chair 0.0023 33 343 60 356
chair 0.0022 13 332 42 348
chair 0.0016 0 328 16 349
chair 0.0015 128 367 160 376
chair 0.0014 49 367 85 375
chair 0.0014 143 367 177 376
chair 0.0012 14 338 39 369
chair 0.0012 45 356 167 376
chair 0.0010 146 355 254 376
chair 0.0010 116 358 209 376
chair 0.0010 37 336 134 371
person 0.2677 22 165 41 205
person 0.0261 41 164 58 203
person 0.0126 61 175 76 208
person 0.0112 40 183 58 204
person 0.0078 73 182 85 201
person 0.0066 102 227 140 276
person 0.0057 313 80 331 98
person 0.0046 100 227 117 272
person 0.0044 58 171 75 196
person 0.0041 0 175 13 236
person 0.0036 489 135 500 225
person 0.0034 113 188 129 206
person 0.0028 -1 137 11 198
person 0.0026 0 312 12 366
person 0.0025 324 103 347 118
person 0.0023 129 139 148 159
person 0.0021 184 185 216 230
person 0.0021 390 139 408 159
person 0.0020 96 221 126 276
person 0.0019 34 333 58 348
person 0.0018 96 222 113 258
person 0.0014 304 41 322 59
person 0.0014 293 86 342 125
person 0.0014 218 150 265 179
person 0.0014 488 114 499 189
person 0.0013 49 170 81 211
person 0.0013 97 184 115 205
person 0.0012 312 20 358 55
person 0.0011 307 93 362 122
person 0.0010 154 184 171 206
person 0.0010 194 190 213 226
person 0.0010 365 157 382 176
person 0.0010 0 168 10 276
person 0.0010 111 367 143 376
train 0.9536 4 67 490 255
train 0.8188 72 69 291 259
train 0.2862 388 99 499 233
train 0.1640 263 99 457 233
train 0.0161 327 111 407 212
train 0.0113 57 104 519 377
train 0.0091 443 108 497 213
train 0.0053 165 72 473 205
train 0.0052 362 134 442 233
train 0.0050 408 186 484 239
train 0.0050 61 133 224 286
train 0.0034 89 49 406 167
train 0.0023 414 179 488 214
train 0.0020 421 113 516 251
train 0.0020 377 128 414 174
train 0.0016 226 122 505 296
train 0.0014 439 129 504 176
train 0.0012 89 153 178 228
train 0.0012 365 188 449 237
train 0.0011 368 149 512 275
train 0.0010 444 176 500 215
train 0.0010 377 121 415 154
train 0.0010 415 137 481 177
