car 0.0054 446 256 506 360
car 0.0015 267 298 290 314
car 0.0012 0 132 48 173
car 0.0011 256 292 301 321
car 0.0011 -1 117 53 194
car 0.0010 -1 112 48 150
cow 0.9296 24 125 321 381
cow 0.7295 120 184 379 368
cow 0.3173 277 185 393 312
cow 0.0679 297 180 379 255
cow 0.0213 185 162 391 287
cow 0.0199 217 229 293 314
cow 0.0121 8 114 111 380
cow 0.0104 241 236 327 312
cow 0.0104 30 152 177 387
cow 0.0091 297 228 371 315
cow 0.0071 241 262 329 340
cow 0.0047 259 221 299 250
cow 0.0044 219 256 258 301
cow 0.0039 138 112 361 280
cow 0.0023 219 172 299 256
cow 0.0020 136 217 212 323
cow 0.0019 293 268 369 337
cow 0.0019 211 257 242 302
cow 0.0018 180 219 248 321
cow 0.0017 266 232 294 249
cow 0.0016 244 176 326 254
cow 0.0016 254 204 299 238
cow 0.0015 136 254 218 353
cow 0.0015 229 255 281 295
cow 0.0014 243 203 327 285
cow 0.0014 240 219 283 252
cow 0.0014 301 232 340 269
cow 0.0014 315 185 364 229
cow 0.0014 229 280 280 319
cow 0.0013 171 249 248 352
cow 0.0012 256 284 320 321
cow 0.0011 222 216 260 253
cow 0.0011 90 261 179 343
cow 0.0010 258 256 316 294
cow 0.0010 311 231 360 269
cow 0.0010 289 165 367 230
cow 0.0010 227 228 426 366
cow 0.0010 -2 123 58 369
cow 0.0010 24 182 84 308
motorbike 0.0013 437 229 509 373
person 0.6297 63 42 126 160
person 0.3329 52 26 137 282
person 0.1755 328 196 397 293
person 0.0543 49 48 292 332
person 0.0400 315 179 389 269
person 0.0346 60 24 195 183
person 0.0278 336 221 403 319
person 0.0127 302 201 417 341
person 0.0104 0 227 40 317
person 0.0096 69 56 115 101
person 0.0064 3 245 37 294
person 0.0043 359 263 399 296
person 0.0038 378 209 401 232
person 0.0029 360 226 394 272
person 0.0027 332 271 404 333
person 0.0026 0 240 20 316
person 0.0023 25 114 93 199
person 0.0022 93 48 402 281
person 0.0021 11 42 123 219
person 0.0019 358 245 396 288
person 0.0014 9 75 109 363
person 0.0013 379 210 400 262
person 0.0012 212 122 281 199
person 0.0011 55 99 125 208
person 0.0011 -1 74 10 140
person 0.0010 -1 249 27 276
person 0.0010 358 205 421 292
person 0.0010 218 270 235 316
pottedplant 0.0103 65 2 278 196
tvmonitor 0.0020 31 78 84 113
tvmonitor 0.0016 5 79 47 120
