bicycle 0.0050 386 57 510 320
bicycle 0.0036 433 85 508 290
bicycle 0.0033 445 130 501 240
bicycle 0.0021 106 232 398 366
boat 0.0023 0 317 53 353
boat 0.0011 -3 299 57 366
car 0.0025 62 29 347 239
car 0.0010 25 -1 321 152
chair 0.1273 392 218 506 376
chair 0.0216 -8 50 121 331
chair 0.0148 68 166 268 366
chair 0.0098 236 97 468 379
chair 0.0082 -2 67 54 361
chair 0.0079 233 224 483 369
chair 0.0033 10 106 189 374
chair 0.0022 84 270 338 375
chair 0.0019 130 166 450 365
chair 0.0018 -9 23 202 247
chair 0.0014 411 212 489 333
chair 0.0012 453 193 499 287
person 0.8501 84 75 243 362
person 0.7340 148 8 436 366
person 0.0264 244 -4 469 275
person 0.0225 99 38 302 288
person 0.0202 34 0 76 39
person 0.0096 58 113 347 368
person 0.0032 2 0 43 38
person 0.0020 103 172 169 253
person 0.0015 101 148 174 227
person 0.0015 293 21 512 357
person 0.0015 -3 -1 47 80
person 0.0012 101 3 399 205
person 0.0012 214 -5 448 161
person 0.0011 0 331 13 377
