bottle 0.6707 253 99 265 141
bottle 0.0705 231 100 244 140
bottle 0.0464 301 113 316 139
bottle 0.0456 213 100 226 138
bottle 0.0312 43 145 56 185
bottle 0.0101 252 94 269 127
bottle 0.0042 206 98 242 139
bottle 0.0039 54 165 73 221
bottle 0.0038 227 95 242 130
bottle 0.0030 27 144 43 185
bottle 0.0029 224 98 252 140
bottle 0.0028 214 95 232 126
bottle 0.0022 52 156 68 205
bottle 0.0022 265 100 282 142
bottle 0.0022 253 75 266 119
bottle 0.0022 214 115 227 151
bottle 0.0020 196 109 214 132
bottle 0.0018 43 153 59 200
bottle 0.0018 331 72 345 115
bottle 0.0016 234 114 246 150
bottle 0.0015 33 141 62 186
bottle 0.0014 250 123 266 144
bottle 0.0014 253 84 267 106
bottle 0.0012 304 120 319 141
bottle 0.0011 43 140 60 167
bottle 0.0011 324 115 339 138
chair 0.1115 0 176 57 366
chair 0.0383 99 159 262 375
chair 0.0091 343 92 463 337
chair 0.0026 307 136 422 338
chair 0.0021 387 67 498 371
chair 0.0018 134 223 280 368
chair 0.0016 230 158 275 274
chair 0.0011 252 158 315 267
chair 0.0011 179 177 301 367
diningtable 0.2250 0 175 117 379
diningtable 0.0502 11 137 166 359
diningtable 0.0393 225 65 347 311
diningtable 0.0148 254 114 325 201
diningtable 0.0129 179 62 319 261
diningtable 0.0092 213 118 289 193
diningtable 0.0055 251 134 320 238
diningtable 0.0035 224 135 274 178
diningtable 0.0031 260 132 317 180
diningtable 0.0015 230 150 290 181
diningtable 0.0015 222 135 280 239
diningtable 0.0013 5 224 103 324
person 0.9423 322 24 392 300
person 0.8626 124 93 244 348
person 0.0463 -2 170 40 326
person 0.0250 57 97 211 343
person 0.0198 347 55 451 321
person 0.0100 1 143 36 237
person 0.0077 -1 94 129 340
person 0.0042 140 78 261 256
person 0.0039 -8 110 54 327
person 0.0035 0 169 12 243
person 0.0021 327 37 392 118
person 0.0016 213 91 357 335
person 0.0015 388 46 500 336
person 0.0012 0 156 9 318
tvmonitor 0.0012 442 107 496 198
