bicycle 0.0700 43 189 111 317
bicycle 0.0228 66 200 128 305
bicycle 0.0125 27 104 131 311
person 0.9601 51 45 140 303
person 0.4432 4 205 29 281
person 0.2433 0 206 14 280
person 0.0168 -1 163 36 284
person 0.0055 250 435 305 468
person 0.0051 13 227 31 277
person 0.0046 206 229 237 296
person 0.0028 0 219 15 255
person 0.0020 0 204 16 234
person 0.0017 222 227 249 297
person 0.0016 -3 110 41 242
person 0.0015 12 220 33 255
person 0.0015 13 200 64 300
person 0.0015 12 210 29 236
person 0.0014 -1 197 19 254
person 0.0014 236 423 320 480
person 0.0013 22 214 38 276
person 0.0013 25 216 52 284
person 0.0013 0 244 15 276
person 0.0013 248 449 304 487
person 0.0012 106 78 150 270
person 0.0012 73 34 168 261
person 0.0011 62 63 132 205
person 0.0011 24 238 38 272
person 0.0010 40 9 152 209
pottedplant 0.0054 107 211 149 297
pottedplant 0.0038 115 224 143 288
pottedplant 0.0020 140 236 177 287
pottedplant 0.0011 345 203 375 310
pottedplant 0.0011 314 202 353 308
