boat 0.0164 318 53 395 70
boat 0.0053 335 55 378 67
boat 0.0037 357 55 390 66
boat 0.0032 286 53 377 76
boat 0.0023 306 44 413 82
boat 0.0017 316 57 397 81
boat 0.0013 304 21 420 69
dog 0.9020 219 208 275 299
dog 0.0138 441 221 501 280
dog 0.0134 202 167 299 296
dog 0.0081 225 219 260 274
dog 0.0041 237 221 273 274
dog 0.0035 200 206 253 298
dog 0.0035 428 235 478 271
dog 0.0033 186 210 315 339
dog 0.0026 250 207 307 297
dog 0.0020 224 148 328 306
dog 0.0013 233 249 270 299
dog 0.0011 224 208 257 239
person 0.8713 248 90 310 299
person 0.0477 197 74 322 292
person 0.0060 259 95 302 211
person 0.0019 229 139 287 263
person 0.0015 443 85 502 314
person 0.0014 242 68 397 289
person 0.0013 330 30 394 58
person 0.0010 460 128 499 276
