aeroplane 0.0061 345 1 462 21
aeroplane 0.0046 400 3 493 27
aeroplane 0.0010 313 0 495 29
bicycle 0.0096 -8 30 205 403
bicycle 0.0012 -9 109 141 371
bottle 0.0062 352 113 434 212
bottle 0.0019 419 111 488 214
bottle 0.0017 384 75 402 89
bottle 0.0016 131 1 214 29
bottle 0.0013 93 2 162 31
bottle 0.0012 382 75 400 116
car 0.0340 315 0 410 20
car 0.0208 392 78 503 136
car 0.0138 256 -3 324 21
car 0.0114 284 0 372 21
car 0.0056 247 1 273 12
car 0.0053 201 -2 294 21
car 0.0046 328 1 381 11
car 0.0032 291 0 334 37
car 0.0029 394 63 503 260
car 0.0025 233 -6 346 31
car 0.0024 75 1 135 35
car 0.0023 171 1 259 27
car 0.0022 294 0 431 27
car 0.0021 417 99 486 138
car 0.0021 305 92 393 119
car 0.0021 325 86 475 238
car 0.0021 196 1 243 9
car 0.0018 181 -5 313 34
car 0.0018 147 0 178 9
car 0.0012 179 0 259 15
car 0.0012 299 8 320 31
car 0.0012 321 0 354 10
car 0.0012 434 85 500 159
car 0.0012 231 0 259 10
car 0.0011 279 1 315 18
car 0.0011 384 34 501 168
car 0.0010 146 -1 284 41
car 0.0010 184 0 225 9
chair 0.0042 173 5 264 67
chair 0.0015 189 18 251 56
chair 0.0012 335 112 420 203
motorbike 0.9397 -54 22 468 409
motorbike 0.0849 -15 0 357 265
motorbike 0.0234 -23 -43 232 363
motorbike 0.0209 48 122 515 358
motorbike 0.0119 -16 150 366 388
motorbike 0.0075 -18 -4 149 160
motorbike 0.0029 266 69 479 298
motorbike 0.0025 122 27 520 289
motorbike 0.0025 -3 -5 62 318
motorbike 0.0023 59 217 427 372
motorbike 0.0019 -20 -12 283 100
motorbike 0.0019 31 -6 389 152
person 0.0022 301 1 319 39
person 0.0017 73 -1 137 24
person 0.0017 9 322 87 379
person 0.0014 489 71 499 233
