car 0.0028 15 461 78 497
chair 0.2995 144 381 195 486
chair 0.0349 173 342 229 478
chair 0.0139 53 389 107 493
chair 0.0112 111 310 233 505
chair 0.0037 133 361 265 497
chair 0.0029 14 388 78 493
chair 0.0027 51 237 169 484
chair 0.0023 62 409 95 479
chair 0.0010 183 372 221 434
horse 0.4438 151 145 369 496
horse 0.0406 132 305 267 506
horse 0.0212 60 155 276 503
horse 0.0058 256 180 398 475
horse 0.0032 202 343 267 475
horse 0.0020 319 150 397 431
horse 0.0018 177 296 340 498
person 0.9453 109 109 212 401
person 0.1023 144 350 192 482
person 0.0335 118 109 206 259
person 0.0256 117 74 360 440
person 0.0116 74 384 132 486
person 0.0057 149 375 184 444
person 0.0047 46 456 112 495
person 0.0042 139 0 157 23
person 0.0041 -3 37 55 309
person 0.0034 142 303 195 436
person 0.0033 179 1 231 42
person 0.0032 135 187 198 314
person 0.0029 112 -2 156 45
person 0.0028 127 348 169 475
person 0.0023 206 63 384 300
person 0.0020 153 0 175 27
person 0.0018 22 446 135 497
person 0.0016 142 0 197 39
person 0.0014 72 458 137 494
person 0.0013 86 402 122 477
person 0.0012 2 130 43 294
person 0.0011 98 152 132 201
person 0.0010 167 0 191 25
person 0.0010 151 337 186 396
person 0.0010 134 375 164 446
person 0.0010 122 -1 143 19
pottedplant 0.0196 0 112 50 223
pottedplant 0.0055 14 140 59 188
pottedplant 0.0045 3 139 44 194
pottedplant 0.0029 -4 42 81 306
pottedplant 0.0019 1 96 69 187
