bicycle 0.9938 19 35 480 332
bicycle 0.0012 17 20 340 253
bottle 0.0013 264 164 310 209
car 0.0022 27 348 94 375
car 0.0014 106 -2 468 150
car 0.0011 20 113 401 365
chair 0.0036 102 344 188 372
chair 0.0030 58 347 132 376
chair 0.0021 74 349 172 376
chair 0.0010 43 344 98 372
person 0.0456 367 340 437 373
person 0.0290 436 349 496 375
person 0.0227 271 349 364 373
person 0.0153 278 336 454 373
person 0.0080 379 334 506 374
person 0.0079 317 343 416 373
person 0.0067 171 349 250 375
person 0.0039 205 350 288 376
person 0.0026 112 343 215 372
person 0.0024 33 352 104 375
person 0.0016 294 361 340 374
person 0.0015 163 363 201 374
person 0.0015 164 340 331 376
person 0.0013 335 315 471 370
person 0.0012 200 365 245 374
person 0.0011 59 141 220 335
tvmonitor 0.0213 268 344 367 373
tvmonitor 0.0062 126 348 222 373
tvmonitor 0.0047 90 340 258 376
tvmonitor 0.0013 242 331 486 381
tvmonitor 0.0011 146 353 252 373
tvmonitor 0.0010 143 326 436 386
