horse 0.0779 184 91 468 294
horse 0.0363 292 73 380 250
horse 0.0303 148 97 346 281
horse 0.0010 121 91 248 247
person 0.9331 316 69 366 215
person 0.4490 193 91 251 181
person 0.0386 199 98 236 142
person 0.0121 185 80 300 207
person 0.0084 210 87 275 153
person 0.0066 206 106 242 161
person 0.0029 191 92 224 129
person 0.0022 224 73 362 215
person 0.0021 222 97 266 140
person 0.0017 316 99 331 141
person 0.0016 219 110 263 162
person 0.0015 219 150 257 192
person 0.0012 144 99 219 181
person 0.0011 324 73 379 167
person 0.0010 215 148 234 195
