bottle 0.0019 38 171 65 192
bottle 0.0014 49 168 71 189
bottle 0.0012 168 144 181 182
bottle 0.0010 363 71 374 89
chair 0.0594 111 112 397 365
chair 0.0175 151 34 205 95
chair 0.0118 46 137 151 345
chair 0.0108 61 217 365 376
chair 0.0091 451 105 497 212
chair 0.0029 456 -5 500 95
chair 0.0028 466 0 501 41
chair 0.0023 6 140 48 235
chair 0.0022 406 177 479 263
chair 0.0018 455 162 498 278
chair 0.0018 60 186 133 303
chair 0.0015 22 141 71 234
chair 0.0013 457 131 497 179
chair 0.0012 9 164 46 215
chair 0.0012 443 84 502 287
chair 0.0011 152 32 195 73
person 0.8370 159 64 415 367
person 0.1987 391 29 474 177
person 0.1571 63 91 116 164
person 0.1499 100 85 179 174
person 0.1111 380 33 433 118
person 0.0992 44 86 145 291
person 0.0848 72 98 108 147
person 0.0649 197 58 374 270
person 0.0546 142 86 204 167
person 0.0367 357 41 454 207
person 0.0365 86 85 185 234
person 0.0258 78 88 114 129
person 0.0235 251 85 472 344
person 0.0231 35 62 311 374
person 0.0221 380 38 415 91
person 0.0198 218 72 286 141
person 0.0185 56 88 197 341
person 0.0119 403 209 491 277
person 0.0113 253 75 400 241
person 0.0087 452 204 497 285
person 0.0081 27 87 89 177
person 0.0063 267 91 322 167
person 0.0056 358 206 454 276
person 0.0054 183 65 324 202
person 0.0046 68 80 122 138
person 0.0032 113 99 163 152
person 0.0031 372 182 449 258
person 0.0031 320 152 488 328
person 0.0029 101 94 118 121
person 0.0029 157 96 196 152
person 0.0028 167 85 236 161
person 0.0028 78 95 104 119
person 0.0026 393 82 494 290
person 0.0026 288 89 346 181
person 0.0025 281 101 317 149
person 0.0024 78 73 261 308
person 0.0023 10 46 104 214
person 0.0023 381 61 441 187
person 0.0022 421 220 474 266
person 0.0020 23 99 75 215
person 0.0019 0 83 10 160
person 0.0018 107 78 228 189
person 0.0017 440 52 503 266
person 0.0017 26 65 162 203
person 0.0017 380 219 432 263
person 0.0015 55 124 125 246
person 0.0014 342 194 388 235
person 0.0013 330 186 399 246
person 0.0013 38 105 82 156
person 0.0013 94 86 112 105
person 0.0013 387 56 407 96
person 0.0012 380 27 419 68
person 0.0012 299 104 332 155
person 0.0011 387 193 433 239
person 0.0011 122 66 315 266
person 0.0010 484 197 500 277
person 0.0010 110 86 156 130
person 0.0010 0 107 11 196
tvmonitor 0.1761 307 67 436 204
tvmonitor 0.0513 323 90 408 183
tvmonitor 0.0021 458 2 499 137
tvmonitor 0.0019 288 105 356 199
