bicycle 0.0013 -26 -14 448 284
bottle 0.3050 227 197 262 284
bottle 0.0961 238 246 254 284
bottle 0.0936 237 209 256 261
bottle 0.0329 242 203 260 248
bottle 0.0152 242 228 260 275
bottle 0.0133 232 251 268 297
bottle 0.0096 224 232 273 313
bottle 0.0050 236 254 252 301
bottle 0.0026 235 240 258 269
bottle 0.0019 177 208 250 281
bottle 0.0018 243 199 263 220
bottle 0.0012 228 197 262 228
bottle 0.0010 240 223 264 253
bottle 0.0010 241 249 262 279
bottle 0.0010 190 222 239 266
bus 0.0957 44 -21 529 339
car 0.1735 1 -22 497 337
car 0.0014 308 0 431 40
chair 0.1048 103 0 163 34
chair 0.0566 135 0 211 33
chair 0.0441 58 0 135 33
chair 0.0247 161 0 269 39
chair 0.0124 21 0 91 32
chair 0.0095 171 0 230 35
chair 0.0046 358 263 510 380
chair 0.0041 216 3 269 39
chair 0.0020 -1 0 60 33
motorbike 0.0047 143 1 220 33
motorbike 0.0042 204 0 296 43
motorbike 0.0011 124 0 201 27
person 0.9492 71 151 183 354
person 0.8231 251 167 464 368
person 0.6395 3 121 95 358
person 0.1243 371 184 495 372
person 0.0360 226 282 435 373
person 0.0310 340 155 457 293
person 0.0178 87 153 164 229
person 0.0161 1 35 100 292
person 0.0160 142 89 514 352
person 0.0076 260 0 301 41
person 0.0073 69 150 351 342
person 0.0072 446 188 497 299
person 0.0066 406 176 477 258
person 0.0056 0 87 45 229
person 0.0056 154 228 433 377
person 0.0054 374 157 445 232
person 0.0045 377 136 496 307
person 0.0038 0 71 11 231
person 0.0034 230 1 277 41
person 0.0033 329 0 425 18
person 0.0025 2 3 40 146
person 0.0024 -1 -15 50 273
person 0.0022 47 94 209 296
person 0.0022 12 109 92 208
person 0.0018 238 296 341 365
person 0.0018 248 0 325 46
person 0.0017 102 163 152 211
person 0.0016 0 156 8 319
person 0.0015 419 193 464 237
person 0.0015 406 197 488 288
person 0.0013 174 -2 233 29
person 0.0012 356 0 439 26
person 0.0012 385 166 434 213
person 0.0012 92 175 161 314
person 0.0011 430 164 504 339
person 0.0010 286 206 363 283
person 0.0010 11 138 84 288
