horse 0.0798 146 116 260 367
horse 0.0642 388 173 497 308
horse 0.0450 259 142 462 348
horse 0.0447 125 155 438 385
horse 0.0183 319 160 488 320
horse 0.0034 109 195 240 392
person 0.9774 151 71 250 314
person 0.0710 92 176 155 323
person 0.0276 118 139 171 234
person 0.0105 87 117 180 327
person 0.0097 438 200 499 282
person 0.0053 483 221 500 278
person 0.0037 93 200 127 330
person 0.0026 176 131 240 290
person 0.0025 165 56 307 328
person 0.0024 451 141 499 241
person 0.0020 136 134 196 236
person 0.0019 0 149 11 212
person 0.0016 428 166 503 316
person 0.0016 486 188 500 260
person 0.0013 450 218 495 262
person 0.0012 126 153 163 213
person 0.0011 0 157 10 259
person 0.0011 417 229 483 273
person 0.0010 0 172 14 191
