bottle 0.0056 408 292 425 326
bottle 0.0027 408 284 428 305
bottle 0.0024 386 294 404 326
bottle 0.0012 420 291 441 329
bottle 0.0012 193 311 212 331
car 0.0020 394 1 502 87
car 0.0016 454 0 501 90
chair 0.0784 32 336 224 373
chair 0.0761 406 299 477 373
chair 0.0509 51 343 147 373
chair 0.0492 75 345 185 374
chair 0.0486 465 297 500 375
chair 0.0312 354 295 460 372
chair 0.0308 3 310 45 363
chair 0.0305 192 338 253 373
chair 0.0289 131 347 212 375
chair 0.0235 0 333 50 371
chair 0.0200 24 343 88 373
chair 0.0189 420 311 465 357
chair 0.0144 257 339 329 374
chair 0.0133 234 331 351 374
chair 0.0133 17 330 75 372
chair 0.0127 26 318 68 360
chair 0.0118 388 326 493 377
chair 0.0103 337 331 473 374
chair 0.0080 66 318 124 350
chair 0.0072 0 331 111 375
chair 0.0057 1 355 91 376
chair 0.0055 364 342 442 375
chair 0.0049 95 320 121 331
chair 0.0048 -3 339 15 362
chair 0.0048 141 333 221 372
chair 0.0047 -1 326 16 349
chair 0.0045 408 337 476 375
chair 0.0045 206 347 263 376
chair 0.0042 -2 330 16 374
chair 0.0042 99 317 165 348
chair 0.0040 261 313 319 351
chair 0.0039 377 308 434 350
chair 0.0038 142 320 177 332
chair 0.0038 111 321 134 331
chair 0.0038 480 306 501 365
chair 0.0037 93 361 234 376
chair 0.0036 458 320 505 383
chair 0.0036 9 363 40 375
chair 0.0032 36 322 89 360
chair 0.0031 51 324 117 360
chair 0.0031 51 313 71 328
chair 0.0029 76 319 98 330
chair 0.0027 285 344 356 374
chair 0.0026 137 319 162 331
chair 0.0026 13 342 38 362
chair 0.0024 196 281 232 324
chair 0.0024 26 365 64 374
chair 0.0022 -10 349 35 378
chair 0.0021 -2 360 22 374
chair 0.0018 22 357 148 377
chair 0.0018 143 316 199 347
chair 0.0017 39 311 64 330
chair 0.0017 42 302 79 338
chair 0.0016 333 344 403 375
chair 0.0016 36 328 62 348
chair 0.0014 347 303 380 354
chair 0.0013 119 369 171 375
chair 0.0013 11 308 36 334
chair 0.0012 174 321 199 333
chair 0.0012 137 369 190 375
chair 0.0011 45 366 84 375
chair 0.0011 33 342 57 361
chair 0.0010 94 327 119 343
chair 0.0010 386 288 432 324
diningtable 0.0018 0 329 263 382
person 0.6084 2 291 49 366
person 0.6018 191 227 233 311
person 0.5616 292 225 344 315
person 0.5306 418 242 470 314
person 0.4701 340 227 378 313
person 0.2579 209 306 261 377
person 0.2036 15 291 75 366
person 0.1955 27 289 67 331
person 0.1851 269 237 311 321
person 0.1755 299 228 338 275
person 0.1495 199 228 233 277
person 0.1148 5 288 44 334
person 0.0812 28 300 66 349
person 0.0496 212 334 258 374
person 0.0345 293 256 345 344
person 0.0258 174 328 269 373
person 0.0220 258 248 289 314
person 0.0214 40 293 64 327
person 0.0206 464 204 498 347
person 0.0201 338 255 382 351
person 0.0170 1 301 18 349
person 0.0161 341 229 372 281
person 0.0149 246 304 335 367
person 0.0144 206 235 227 273
person 0.0119 201 312 244 357
person 0.0115 11 300 35 346
person 0.0112 264 247 285 292
person 0.0111 416 253 460 299
person 0.0084 264 272 301 323
person 0.0079 299 252 332 307
person 0.0070 401 233 485 367
person 0.0068 45 291 76 329
person 0.0066 191 256 240 344
person 0.0065 63 313 197 368
person 0.0063 189 238 225 290
person 0.0058 338 287 393 373
person 0.0058 423 268 461 322
person 0.0055 -1 314 16 363
person 0.0052 487 240 499 352
person 0.0052 303 240 326 290
person 0.0047 266 211 382 342
person 0.0046 426 247 448 291
person 0.0044 303 279 339 329
person 0.0043 342 253 373 300
person 0.0039 11 297 37 323
person 0.0039 263 269 283 318
person 0.0036 41 287 63 305
person 0.0035 292 204 431 348
person 0.0034 309 227 333 253
person 0.0034 118 288 316 379
person 0.0029 285 253 315 310
person 0.0029 379 231 448 314
person 0.0028 50 295 68 326
person 0.0028 454 177 506 368
person 0.0026 344 279 377 330
person 0.0025 212 306 230 334
person 0.0025 434 248 459 291
person 0.0025 0 311 19 335
person 0.0024 226 260 276 349
person 0.0024 374 269 448 341
person 0.0023 150 212 276 341
person 0.0019 279 229 314 275
person 0.0019 311 235 351 294
person 0.0017 192 232 215 275
person 0.0017 304 234 331 261
person 0.0016 0 299 20 323
person 0.0016 483 298 501 356
person 0.0016 4 283 48 316
person 0.0015 15 287 38 305
person 0.0015 309 224 350 259
person 0.0014 117 310 225 367
person 0.0014 221 303 252 340
person 0.0014 226 240 352 360
person 0.0013 283 297 356 366
person 0.0013 69 287 114 321
person 0.0012 392 248 434 293
person 0.0012 287 269 310 319
person 0.0011 206 304 240 337
person 0.0011 236 283 271 327
person 0.0010 474 160 503 335
person 0.0010 266 243 285 266
