bicycle 0.7398 56 141 435 299
bicycle 0.0023 205 109 436 278
bicycle 0.0019 65 177 298 299
bicycle 0.0016 196 193 304 252
bicycle 0.0010 268 179 454 304
car 0.0011 56 288 443 339
chair 0.0411 125 44 368 290
chair 0.0405 347 271 395 301
chair 0.0086 228 98 412 237
chair 0.0078 336 265 406 315
chair 0.0060 450 176 498 269
chair 0.0057 296 273 362 301
chair 0.0053 402 -3 498 192
chair 0.0047 261 115 384 181
chair 0.0046 264 273 331 295
chair 0.0037 343 260 391 293
chair 0.0034 381 142 502 299
chair 0.0034 371 274 428 305
chair 0.0031 410 173 484 266
chair 0.0027 281 279 311 292
chair 0.0026 355 266 447 322
chair 0.0025 298 180 497 302
chair 0.0023 271 263 385 318
chair 0.0022 238 263 338 318
chair 0.0022 328 248 404 297
chair 0.0021 268 249 384 296
chair 0.0018 242 271 310 296
chair 0.0017 278 295 454 336
chair 0.0017 233 247 336 297
chair 0.0017 226 268 286 296
chair 0.0016 293 261 360 291
chair 0.0016 93 249 484 338
chair 0.0016 39 295 232 334
chair 0.0015 64 59 279 279
chair 0.0013 268 279 292 293
chair 0.0012 408 161 477 226
chair 0.0011 207 70 267 160
chair 0.0011 413 276 475 306
chair 0.0011 399 267 487 320
chair 0.0010 326 304 406 332
chair 0.0010 456 142 498 244
person 0.0276 22 26 101 309
person 0.0070 221 240 287 295
person 0.0047 217 208 282 280
person 0.0040 230 221 274 264
person 0.0034 42 104 92 232
person 0.0011 -4 16 55 318
