boat 0.0015 457 120 481 135
car 0.9497 4 184 160 246
car 0.8340 89 77 344 355
car 0.1261 3 205 56 243
car 0.0570 36 188 137 236
car 0.0199 18 139 258 302
car 0.0161 0 192 55 231
car 0.0109 80 181 178 247
car 0.0082 332 127 354 139
car 0.0076 349 197 398 225
car 0.0059 0 198 9 247
car 0.0031 116 192 161 224
car 0.0030 0 198 28 248
car 0.0030 23 166 422 366
car 0.0028 360 205 393 221
car 0.0025 44 201 138 267
car 0.0021 103 189 153 233
car 0.0019 2 183 181 297
car 0.0019 192 157 216 171
car 0.0017 11 187 81 234
car 0.0017 0 197 13 219
car 0.0012 0 209 12 237
car 0.0011 455 115 495 144
car 0.0011 5 217 46 251
car 0.0010 50 183 132 213
car 0.0010 12 198 42 213
person 0.8956 107 33 326 337
person 0.2858 135 2 349 217
person 0.0069 126 2 373 97
person 0.0018 107 195 167 289
person 0.0015 139 0 367 38
person 0.0014 175 21 466 289
pottedplant 0.0500 2 139 45 234
pottedplant 0.0285 5 137 38 193
pottedplant 0.0124 4 161 43 211
