bicycle 0.0033 2 261 33 306
bicycle 0.0017 -1 275 42 310
boat 0.0019 204 17 334 255
bus 0.8483 90 193 299 334
bus 0.0370 163 220 309 346
bus 0.0127 291 235 339 287
bus 0.0045 286 224 342 262
bus 0.0036 321 226 332 294
bus 0.0016 307 217 338 268
bus 0.0015 147 232 241 330
bus 0.0014 133 216 253 300
bus 0.0013 275 238 320 285
bus 0.0010 318 226 333 247
car 0.3879 71 277 95 292
car 0.1227 68 271 104 295
car 0.0053 73 281 91 296
car 0.0050 62 277 81 290
car 0.0022 84 274 104 287
car 0.0016 7 267 32 283
car 0.0013 -1 264 42 294
car 0.0013 18 270 43 285
car 0.0012 190 246 293 336
car 0.0011 67 277 100 303
car 0.0011 76 269 90 294
car 0.0010 46 270 90 296
person 0.0173 280 245 294 268
person 0.0156 244 218 282 262
person 0.0141 279 255 308 305
person 0.0111 254 227 271 259
person 0.0093 176 249 190 269
person 0.0082 277 242 314 278
person 0.0040 272 245 314 322
person 0.0036 0 252 8 308
person 0.0036 244 235 259 257
person 0.0023 251 243 271 260
person 0.0020 0 268 10 294
person 0.0016 241 243 259 260
person 0.0013 290 249 306 270
person 0.0013 2 231 30 281
person 0.0012 0 247 36 320
train 0.0402 5 184 288 332
