aeroplane 0.8385 134 49 366 115
aeroplane 0.0494 153 55 293 109
aeroplane 0.0053 169 62 267 95
aeroplane 0.0029 195 60 313 100
aeroplane 0.0023 202 73 286 113
aeroplane 0.0013 46 21 452 229
aeroplane 0.0012 48 25 314 125
aeroplane 0.0010 175 74 256 111
bicycle 0.0011 32 1 466 318
car 0.0023 -4 182 190 377
car 0.0016 484 344 500 365
car 0.0010 158 72 249 114
chair 0.0149 127 267 295 378
chair 0.0118 455 285 501 371
chair 0.0043 300 277 501 373
chair 0.0042 460 305 499 355
chair 0.0027 487 309 501 364
chair 0.0017 387 290 506 373
chair 0.0011 484 328 500 350
chair 0.0010 456 282 499 327
diningtable 0.0026 -3 218 269 373
diningtable 0.0011 12 274 175 374
person 0.5591 129 193 292 372
person 0.4655 261 204 477 360
person 0.0086 228 97 242 117
person 0.0082 103 221 479 375
person 0.0036 230 86 246 99
person 0.0024 248 84 266 96
person 0.0022 246 77 266 86
person 0.0018 362 229 507 371
person 0.0017 46 103 375 341
person 0.0016 209 86 229 96
person 0.0016 190 85 209 96
person 0.0015 169 236 256 367
person 0.0013 310 224 420 315
person 0.0012 191 80 206 88
person 0.0012 -8 182 278 378
person 0.0010 226 77 252 85
