bus 0.0049 -1 108 19 222
bus 0.0013 5 128 44 212
car 0.2070 7 175 40 212
car 0.1576 1 178 23 219
car 0.0174 0 174 5 224
car 0.0055 0 184 7 212
car 0.0052 1 178 12 221
car 0.0023 0 191 21 229
car 0.0016 0 174 24 250
car 0.0014 15 175 30 189
car 0.0014 236 170 255 223
car 0.0012 237 188 255 240
person 0.9888 90 116 172 321
person 0.0194 236 146 256 240
person 0.0123 229 29 256 237
person 0.0097 148 102 180 176
person 0.0058 240 172 255 324
person 0.0034 153 110 176 159
person 0.0024 0 172 5 246
person 0.0023 183 0 227 23
person 0.0022 197 81 257 248
person 0.0022 234 127 256 370
person 0.0014 170 94 242 234
person 0.0013 232 0 257 31
person 0.0012 53 91 170 250
person 0.0010 163 0 214 26
person 0.0010 248 115 256 222
person 0.0010 184 107 227 163
person 0.0010 61 14 230 195
person 0.0010 -8 -9 186 106
pottedplant 0.0012 37 21 219 188
