bottle 0.0176 475 334 495 374
bottle 0.0098 425 335 479 375
bottle 0.0091 453 333 497 376
bottle 0.0039 468 335 487 375
bottle 0.0024 402 294 484 373
chair 0.0562 456 211 494 337
chair 0.0187 66 198 115 290
chair 0.0059 419 224 482 327
chair 0.0043 459 249 494 301
chair 0.0038 4 330 110 377
chair 0.0034 7 151 177 339
chair 0.0028 74 215 111 270
chair 0.0024 486 227 500 335
chair 0.0023 20 341 90 376
chair 0.0020 15 187 82 298
chair 0.0018 75 195 115 245
chair 0.0017 412 261 480 346
chair 0.0016 -4 287 51 377
chair 0.0015 455 277 494 325
chair 0.0014 451 289 502 381
chair 0.0012 128 199 215 286
chair 0.0011 96 196 174 291
chair 0.0010 471 254 502 307
diningtable 0.3176 136 282 524 375
diningtable 0.2228 39 274 382 380
diningtable 0.0274 -8 272 199 378
diningtable 0.0119 -26 238 293 374
diningtable 0.0072 316 285 557 376
diningtable 0.0067 168 292 252 367
diningtable 0.0021 0 317 426 384
diningtable 0.0016 1 294 114 373
diningtable 0.0013 58 176 358 375
diningtable 0.0010 8 187 178 367
person 0.9667 267 92 464 322
person 0.9291 84 116 257 293
person 0.3036 -1 125 64 304
person 0.2226 195 106 297 277
person 0.0292 168 106 418 311
person 0.0108 445 175 506 365
person 0.0095 -9 164 115 385
person 0.0093 215 112 276 206
person 0.0039 394 189 494 355
person 0.0029 -10 217 61 384
person 0.0028 158 68 335 265
person 0.0020 -2 207 48 336
person 0.0018 0 76 41 242
person 0.0016 0 174 11 301
person 0.0014 0 17 105 303
person 0.0014 206 178 523 361
person 0.0010 0 -3 50 269
pottedplant 0.0049 181 340 231 375
sofa 0.0017 110 135 380 345
