bottle 0.0217 54 302 260 495
bottle 0.0018 123 332 194 462
chair 0.0034 238 293 369 498
chair 0.0026 353 261 375 472
diningtable 0.0017 32 367 281 499
diningtable 0.0011 19 431 294 508
person 0.9757 49 77 272 497
person 0.2376 277 19 376 478
person 0.0133 240 226 372 493
person 0.0106 231 -9 375 291
person 0.0098 98 18 385 415
person 0.0073 44 295 316 496
person 0.0066 327 5 375 494
person 0.0058 1 -9 86 429
person 0.0045 0 -4 39 424
person 0.0031 0 98 145 478
person 0.0030 -3 -6 261 132
person 0.0028 168 173 382 482
person 0.0027 24 52 287 308
person 0.0025 -6 2 146 50
person 0.0021 2 216 83 500
person 0.0016 -1 7 197 265
person 0.0013 7 -2 124 25
person 0.0013 0 185 46 466
person 0.0011 75 6 359 204
person 0.0010 0 165 35 338
person 0.0010 0 5 153 121
person 0.0010 28 -32 283 73
sofa 0.0032 12 41 251 317
