bus 0.9616 94 84 406 268
bus 0.2415 59 111 125 192
bus 0.0696 88 125 177 193
bus 0.0241 58 85 227 233
bus 0.0186 13 109 101 195
bus 0.0120 35 89 156 219
bus 0.0118 70 129 114 178
bus 0.0101 3 75 109 232
bus 0.0067 92 151 182 217
bus 0.0031 67 133 130 227
car 0.0516 59 102 125 172
car 0.0193 89 98 181 172
car 0.0159 68 113 114 159
car 0.0068 109 113 161 155
car 0.0045 15 101 106 169
car 0.0014 419 177 479 203
car 0.0013 31 115 90 151
car 0.0010 -5 20 121 182
person 0.0248 123 164 171 193
person 0.0240 107 138 159 180
person 0.0135 108 168 166 201
person 0.0083 132 144 183 189
person 0.0076 120 131 164 171
person 0.0071 121 187 171 232
person 0.0070 129 167 156 190
person 0.0042 149 137 196 180
person 0.0036 215 141 255 188
person 0.0031 141 168 175 190
person 0.0025 180 140 219 187
person 0.0025 135 129 181 172
person 0.0023 162 140 205 189
person 0.0022 128 157 150 176
person 0.0020 121 172 171 213
person 0.0020 118 168 142 188
person 0.0019 151 113 194 154
person 0.0018 363 140 387 160
person 0.0018 140 159 188 204
person 0.0017 127 124 216 197
person 0.0017 214 128 233 176
person 0.0016 98 161 157 195
person 0.0015 349 129 401 168
person 0.0014 191 131 230 180
person 0.0014 118 155 142 177
person 0.0013 366 199 384 249
person 0.0013 124 112 166 161
person 0.0012 0 97 10 205
person 0.0011 132 186 161 202
person 0.0010 129 147 151 184
