aeroplane 0.7871 180 103 306 150
aeroplane 0.1404 146 83 339 169
aeroplane 0.0388 176 110 265 143
aeroplane 0.0024 283 127 311 137
aeroplane 0.0024 115 36 373 172
aeroplane 0.0024 211 129 279 159
aeroplane 0.0023 185 130 249 158
aeroplane 0.0019 261 118 329 144
aeroplane 0.0015 185 127 214 137
aeroplane 0.0011 219 114 328 150
aeroplane 0.0011 62 92 427 199
aeroplane 0.0011 160 119 274 165
aeroplane 0.0011 166 100 239 137
car 0.8925 328 185 405 220
car 0.7972 225 182 265 194
car 0.4135 472 193 499 230
car 0.3545 481 200 498 225
car 0.0831 241 182 269 195
car 0.0772 484 180 499 224
car 0.0695 482 194 499 214
car 0.0535 408 189 494 213
car 0.0341 420 198 484 221
car 0.0261 233 177 255 197
car 0.0225 364 189 425 215
car 0.0155 458 198 496 225
car 0.0155 484 198 500 247
car 0.0137 476 204 497 240
car 0.0119 138 175 160 191
car 0.0083 307 188 370 213
car 0.0079 157 159 179 167
car 0.0077 483 211 499 232
car 0.0076 435 195 470 208
car 0.0072 449 189 498 216
car 0.0065 461 195 482 208
car 0.0049 434 202 469 215
car 0.0048 266 187 331 207
car 0.0048 166 182 194 192
car 0.0041 138 171 187 193
car 0.0040 145 179 178 193
car 0.0039 466 201 485 217
car 0.0039 218 182 237 191
car 0.0038 357 190 394 205
car 0.0035 122 170 170 193
car 0.0032 243 178 312 198
car 0.0032 362 184 389 221
car 0.0031 219 184 274 206
car 0.0030 151 162 181 174
car 0.0028 187 173 251 192
car 0.0028 246 176 265 199
car 0.0023 263 184 292 194
car 0.0020 339 190 370 207
car 0.0018 153 174 205 194
car 0.0018 282 190 319 201
car 0.0017 284 184 314 194
car 0.0016 379 185 398 194
car 0.0016 487 158 500 218
car 0.0015 413 195 450 206
car 0.0014 252 187 272 199
car 0.0014 269 178 329 200
car 0.0014 230 172 256 181
car 0.0013 417 204 446 215
car 0.0012 472 186 500 266
car 0.0012 381 189 405 207
car 0.0011 330 178 400 203
car 0.0010 466 195 484 229
car 0.0010 343 184 367 220
car 0.0010 229 187 257 199
car 0.0010 248 170 271 179
car 0.0010 367 186 388 194
car 0.0010 458 208 493 238
car 0.0010 186 182 212 191
person 0.0013 248 139 264 149
person 0.0012 486 185 500 293
