bicycle 0.0053 54 89 127 167
bicycle 0.0024 67 95 115 152
bicycle 0.0020 87 80 179 152
bicycle 0.0015 84 94 129 141
bicycle 0.0013 211 9 270 37
bicycle 0.0010 102 88 159 141
bicycle 0.0010 206 -1 274 28
bottle 0.0056 369 162 384 209
bottle 0.0012 366 159 386 187
dog 0.0029 220 49 290 141
dog 0.0025 232 74 281 119
dog 0.0021 224 55 265 99
horse 0.0740 5 131 180 401
horse 0.0524 223 160 503 450
horse 0.0402 48 83 445 466
horse 0.0248 378 123 496 349
horse 0.0159 8 127 121 342
horse 0.0114 77 115 271 437
horse 0.0065 139 86 368 379
horse 0.0034 62 129 188 338
horse 0.0015 436 150 497 375
horse 0.0010 56 200 141 328
person 0.9378 211 55 314 280
person 0.6339 361 88 467 242
person 0.6323 44 114 116 227
person 0.0843 27 106 111 288
person 0.0393 453 119 500 269
person 0.0298 160 65 193 129
person 0.0218 87 129 163 270
person 0.0128 439 116 495 354
person 0.0122 218 58 295 197
person 0.0104 2 180 49 348
person 0.0047 58 126 106 195
person 0.0047 390 135 482 250
person 0.0046 52 70 210 267
person 0.0045 167 64 187 108
person 0.0043 228 208 495 452
person 0.0028 0 121 49 268
person 0.0024 51 149 90 225
person 0.0024 122 45 312 285
person 0.0023 0 75 61 325
person 0.0023 137 72 204 159
person 0.0022 186 56 458 276
person 0.0021 0 190 10 330
person 0.0018 157 71 179 124
person 0.0017 67 148 108 226
person 0.0017 487 115 500 293
person 0.0015 76 101 265 300
person 0.0014 98 140 143 190
person 0.0014 -1 90 9 251
person 0.0014 456 131 497 191
person 0.0012 148 64 189 107
person 0.0011 108 79 178 121
