car 0.0014 50 4 378 136
chair 0.3044 297 101 435 268
chair 0.0733 68 131 285 358
chair 0.0112 322 166 403 271
chair 0.0085 217 112 454 307
chair 0.0081 62 73 366 313
chair 0.0020 100 171 172 260
chair 0.0020 314 133 407 239
chair 0.0014 122 167 224 263
chair 0.0014 456 148 501 224
chair 0.0011 465 175 503 215
diningtable 0.0163 13 147 170 340
dog 0.0012 87 272 126 311
motorbike 0.0045 92 87 392 332
person 0.8718 65 50 187 269
person 0.8332 305 63 439 248
person 0.0880 127 45 452 270
person 0.0633 316 37 478 167
person 0.0127 42 42 277 280
person 0.0099 305 53 372 135
person 0.0054 381 75 493 234
person 0.0036 239 46 433 167
person 0.0035 316 54 356 104
person 0.0020 94 127 172 242
tvmonitor 0.1372 -2 42 120 164
tvmonitor 0.0507 281 21 453 135
tvmonitor 0.0424 240 -2 486 104
tvmonitor 0.0248 317 44 404 114
tvmonitor 0.0128 356 -1 505 100
tvmonitor 0.0095 147 10 422 130
tvmonitor 0.0085 2 44 50 164
tvmonitor 0.0020 332 52 383 99
tvmonitor 0.0016 392 31 491 111
tvmonitor 0.0013 317 57 361 101
