bicycle 0.0013 205 6 364 143
car 0.9368 5 12 176 114
car 0.0117 -10 46 429 327
car 0.0108 12 23 255 290
car 0.0020 62 2 275 99
car 0.0019 5 6 117 89
car 0.0014 -15 9 148 175
dog 0.4657 335 166 488 364
person 0.0024 216 2 273 88
person 0.0020 228 0 253 17
person 0.0014 61 0 124 29
person 0.0012 348 352 439 376
person 0.0012 220 -2 258 40
pottedplant 0.0093 5 27 183 283
pottedplant 0.0039 188 1 245 30
pottedplant 0.0018 3 97 264 330
pottedplant 0.0010 206 0 233 15
sofa 0.0027 47 114 527 374
train 0.0060 28 25 314 293
