car 0.0288 135 -5 514 320
car 0.0058 305 14 497 188
car 0.0010 293 34 502 336
chair 0.0232 483 39 501 91
chair 0.0103 473 51 499 99
chair 0.0064 -2 -12 60 217
chair 0.0057 21 117 177 367
chair 0.0049 453 45 496 86
chair 0.0047 464 26 502 107
chair 0.0029 482 63 500 89
chair 0.0026 484 46 500 137
chair 0.0017 460 36 500 162
chair 0.0016 0 0 63 90
chair 0.0013 464 16 496 75
chair 0.0012 471 64 501 119
chair 0.0011 6 223 115 374
person 0.9076 31 12 322 363
person 0.4917 26 18 183 298
person 0.2952 64 35 501 398
person 0.0108 58 161 437 373
person 0.0104 117 21 390 242
person 0.0100 66 -1 125 31
person 0.0064 458 -3 498 94
person 0.0059 267 -2 462 90
person 0.0045 24 115 238 365
person 0.0044 406 0 471 88
person 0.0037 64 6 190 148
person 0.0037 0 30 125 338
person 0.0027 11 -5 83 86
person 0.0024 75 0 107 17
person 0.0021 55 0 137 77
person 0.0020 -2 -2 58 259
person 0.0012 31 -1 96 29
pottedplant 0.0011 484 -1 498 71
