boat 0.0070 255 165 268 176
boat 0.0044 106 90 473 287
boat 0.0031 321 170 338 180
boat 0.0029 460 196 504 229
boat 0.0028 238 234 281 244
boat 0.0023 170 240 226 259
boat 0.0022 478 198 501 218
boat 0.0022 265 147 309 175
boat 0.0018 228 236 256 245
boat 0.0018 406 202 481 230
boat 0.0016 390 188 498 245
boat 0.0015 416 149 472 177
boat 0.0013 230 146 274 175
boat 0.0012 260 170 315 199
boat 0.0011 317 170 331 180
boat 0.0011 483 190 500 205
boat 0.0010 476 213 500 230
boat 0.0010 166 241 205 256
person 0.9939 57 131 156 358
person 0.0042 10 130 130 360
