boat 0.0025 34 14 232 266
chair 0.0015 317 -31 493 310
dog 0.8936 314 170 424 280
dog 0.6409 59 148 184 298
dog 0.0182 233 178 438 291
dog 0.0085 89 192 170 288
dog 0.0036 23 196 185 323
dog 0.0029 355 188 432 289
dog 0.0024 300 204 435 311
dog 0.0023 227 216 340 262
dog 0.0014 312 100 481 292
dog 0.0012 247 226 316 256
person 0.9004 161 6 249 212
person 0.0503 55 140 126 197
person 0.0089 453 -22 499 298
person 0.0083 65 148 106 192
person 0.0075 36 57 220 278
person 0.0048 147 9 329 218
person 0.0030 230 224 288 251
person 0.0023 176 25 239 155
person 0.0019 37 131 101 201
person 0.0015 107 7 258 263
person 0.0012 473 104 499 276
person 0.0011 259 -12 479 245
person 0.0011 53 149 142 221
person 0.0011 109 -12 467 295
person 0.0011 81 148 127 189
