chair 0.0044 383 -2 506 231
chair 0.0039 337 50 396 121
chair 0.0021 346 64 388 106
chair 0.0012 329 3 473 234
dog 0.2370 199 177 290 302
dog 0.0877 179 138 313 294
dog 0.0300 218 216 279 307
dog 0.0040 99 122 339 308
dog 0.0011 219 209 262 239
dog 0.0011 234 276 281 304
person 0.9186 177 8 397 272
person 0.2986 44 33 157 162
person 0.2477 39 26 219 253
person 0.0883 5 18 114 260
person 0.0472 71 -3 365 335
person 0.0390 1 15 54 263
person 0.0358 258 16 464 314
person 0.0258 149 71 353 312
person 0.0109 257 0 310 33
person 0.0105 5 39 48 186
person 0.0038 59 2 280 180
person 0.0038 233 0 277 37
person 0.0027 9 52 256 332
person 0.0023 0 89 33 239
person 0.0021 3 -3 104 139
person 0.0019 9 45 86 138
person 0.0018 212 -1 299 41
person 0.0018 2 1 49 130
person 0.0017 228 8 414 186
person 0.0015 89 64 167 157
