chair 0.0014 78 360 302 507
person 0.6032 231 283 275 390
person 0.4044 294 290 330 387
person 0.1616 327 326 370 476
person 0.1580 363 242 375 308
person 0.0768 147 233 180 321
person 0.0742 321 246 347 311
person 0.0499 345 244 368 309
person 0.0212 268 247 295 309
person 0.0196 341 247 358 305
person 0.0183 239 244 263 311
person 0.0134 253 244 284 308
person 0.0133 204 242 233 309
person 0.0102 231 245 272 337
person 0.0085 294 243 320 308
person 0.0069 337 369 372 503
person 0.0066 225 245 241 311
person 0.0062 173 245 199 310
person 0.0037 290 257 304 307
person 0.0035 202 248 217 303
person 0.0030 301 302 320 373
person 0.0025 283 250 310 311
person 0.0024 156 246 175 315
person 0.0022 301 265 345 391
person 0.0020 281 248 334 335
person 0.0017 300 284 375 460
person 0.0017 299 363 376 499
person 0.0016 87 265 115 309
person 0.0015 216 250 234 306
person 0.0013 362 241 376 277
person 0.0012 212 254 289 393
person 0.0012 363 353 374 473
tvmonitor 0.0015 -8 9 94 414
