car 0.0010 410 305 485 330
chair 0.0693 341 124 476 255
chair 0.0672 436 111 508 270
chair 0.0502 366 150 444 238
chair 0.0213 8 209 111 317
chair 0.0197 338 150 407 237
chair 0.0169 383 137 505 284
chair 0.0151 405 144 483 241
chair 0.0043 249 98 391 271
chair 0.0039 342 195 391 234
chair 0.0038 25 99 241 280
chair 0.0030 282 93 445 243
chair 0.0027 286 182 366 240
chair 0.0021 444 148 505 328
chair 0.0018 6 128 119 309
horse 0.2359 200 44 325 233
horse 0.0144 212 86 364 282
horse 0.0029 104 67 332 258
horse 0.0017 246 111 332 224
horse 0.0016 245 53 378 234
horse 0.0011 209 111 304 222
person 0.9754 227 40 326 193
person 0.0322 248 46 315 141
person 0.0025 288 140 353 238
person 0.0023 20 42 329 244
