bicycle 0.0034 162 133 198 168
bicycle 0.0031 131 120 205 178
bicycle 0.0025 140 131 193 171
car 0.5175 -1 108 95 177
car 0.0135 0 119 13 177
car 0.0128 326 96 383 119
car 0.0064 1 113 57 163
car 0.0034 335 100 376 113
car 0.0018 1 118 23 177
car 0.0011 413 89 485 122
car 0.0010 320 100 353 112
horse 0.5869 346 106 469 253
horse 0.2290 236 99 357 232
horse 0.0201 286 99 448 239
horse 0.0048 254 124 331 228
horse 0.0014 362 107 447 208
person 0.6928 205 112 251 208
person 0.4626 278 90 322 164
person 0.3535 287 95 317 146
person 0.1278 125 88 202 168
person 0.0212 298 102 341 145
person 0.0202 322 103 390 161
person 0.0109 169 109 195 167
person 0.0069 425 111 446 135
person 0.0066 288 94 314 122
person 0.0063 366 105 441 166
person 0.0058 335 108 380 145
person 0.0043 377 115 410 160
person 0.0041 382 118 402 178
person 0.0034 381 112 427 151
person 0.0031 60 53 215 155
person 0.0028 137 81 199 122
person 0.0023 385 116 409 132
person 0.0021 397 115 418 130
person 0.0017 141 99 193 157
person 0.0016 288 105 315 132
person 0.0016 94 69 197 143
person 0.0014 176 107 269 217
person 0.0014 468 168 487 223
person 0.0014 299 100 319 144
person 0.0014 0 115 11 207
person 0.0013 0 118 9 270
person 0.0013 403 92 485 162
person 0.0011 282 83 354 140
person 0.0011 123 135 172 170
person 0.0010 232 131 251 197
person 0.0010 291 89 329 129
pottedplant 0.0170 331 102 382 141
pottedplant 0.0037 444 8 499 81
pottedplant 0.0026 100 31 165 59
pottedplant 0.0025 115 39 133 63
pottedplant 0.0023 341 110 370 131
pottedplant 0.0018 453 23 496 67
pottedplant 0.0018 145 32 201 61
pottedplant 0.0017 106 32 143 65
pottedplant 0.0016 182 58 234 89
pottedplant 0.0015 105 -11 321 102
pottedplant 0.0014 363 113 387 131
pottedplant 0.0011 162 12 256 79
pottedplant 0.0011 162 38 254 104
pottedplant 0.0010 141 63 202 87
