aeroplane 0.9092 21 132 479 293
aeroplane 0.0045 189 162 306 218
aeroplane 0.0011 184 178 312 245
boat 0.0013 24 188 552 352
boat 0.0012 452 268 496 292
car 0.0234 0 262 24 280
car 0.0192 19 183 39 201
car 0.0136 0 246 29 291
car 0.0062 -1 223 30 315
car 0.0037 0 177 23 191
car 0.0023 425 323 470 355
car 0.0018 0 215 27 275
car 0.0016 1 251 17 305
car 0.0012 33 177 71 206
car 0.0012 4 235 46 267
car 0.0011 10 180 40 205
person 0.2292 0 183 20 235
person 0.0674 -3 174 27 260
person 0.0247 200 245 239 287
person 0.0088 39 182 59 204
person 0.0082 0 187 14 286
person 0.0081 0 179 27 213
person 0.0060 212 236 233 276
person 0.0035 196 230 234 276
person 0.0032 79 185 100 233
person 0.0031 93 186 110 229
person 0.0021 312 247 332 265
person 0.0020 231 159 294 194
person 0.0020 93 183 113 199
person 0.0017 341 191 356 205
person 0.0017 18 181 34 208
person 0.0015 184 218 249 282
person 0.0012 50 181 75 204
person 0.0012 56 178 131 238
person 0.0010 21 177 92 250
train 0.0013 2 187 494 350
