bicycle 0.0136 31 385 189 501
bicycle 0.0051 63 435 152 498
bicycle 0.0017 38 405 134 495
bicycle 0.0011 79 448 136 493
bus 0.0117 -1 161 26 275
bus 0.0011 -8 42 82 311
car 0.4088 -11 100 320 539
car 0.0320 9 51 303 320
car 0.0011 35 73 82 113
chair 0.0034 253 304 303 433
chair 0.0021 0 259 34 398
chair 0.0018 281 296 310 439
chair 0.0017 3 326 56 406
chair 0.0015 239 272 309 456
chair 0.0013 32 461 85 500
chair 0.0011 14 443 104 503
chair 0.0010 3 374 117 504
chair 0.0010 54 457 115 497
motorbike 0.0166 -9 323 273 483
person 0.5081 287 203 310 297
person 0.2691 300 219 310 292
person 0.0872 284 220 299 289
person 0.0611 91 412 160 486
person 0.0297 0 196 9 246
person 0.0270 11 208 24 238
person 0.0253 300 199 310 252
person 0.0179 271 231 284 286
person 0.0154 146 168 170 224
person 0.0150 0 217 31 361
person 0.0142 290 193 310 256
person 0.0134 106 418 145 469
person 0.0102 266 221 289 284
person 0.0090 0 194 30 250
person 0.0087 267 234 278 288
person 0.0065 44 201 59 230
person 0.0057 263 206 294 300
person 0.0055 11 213 23 261
person 0.0051 245 196 307 460
person 0.0051 -1 185 16 254
person 0.0045 90 421 134 474
person 0.0043 3 213 26 276
person 0.0037 36 191 70 240
person 0.0035 151 176 167 219
person 0.0035 20 210 31 235
person 0.0034 275 196 312 454
person 0.0031 66 177 89 227
person 0.0029 0 220 11 249
person 0.0029 291 240 309 308
person 0.0027 146 307 159 332
person 0.0027 140 182 156 217
person 0.0027 284 217 299 255
person 0.0025 20 222 32 250
person 0.0025 285 240 296 277
person 0.0022 22 226 33 290
person 0.0021 108 174 136 223
person 0.0019 21 214 32 266
person 0.0018 127 166 181 250
person 0.0018 0 194 9 323
person 0.0016 47 190 83 242
person 0.0016 12 220 25 294
person 0.0015 37 206 50 229
person 0.0015 69 200 86 227
person 0.0014 170 173 201 225
person 0.0014 0 189 10 221
person 0.0013 31 167 88 263
person 0.0013 285 236 311 418
person 0.0013 46 208 84 268
person 0.0012 114 186 132 217
person 0.0011 0 121 9 250
person 0.0011 267 261 276 288
person 0.0011 13 209 38 270
person 0.0010 0 312 6 402
person 0.0010 301 168 310 241
person 0.0010 300 193 310 219
person 0.0010 134 411 174 457
person 0.0010 97 253 125 297
pottedplant 0.0047 20 319 33 346
pottedplant 0.0023 16 294 38 344
pottedplant 0.0019 21 308 36 334
pottedplant 0.0011 14 315 40 353
pottedplant 0.0010 11 324 29 347
train 0.9807 4 82 261 422
train 0.0929 95 96 298 476
train 0.0128 -28 230 293 495
train 0.0042 -4 166 35 411
train 0.0032 9 121 119 382
train 0.0019 -9 152 72 425
train 0.0011 35 184 83 306
train 0.0010 -5 209 178 439
