bicycle 0.0014 133 308 356 427
person 0.9759 350 83 470 409
person 0.7657 55 114 165 428
person 0.7097 164 99 285 397
person 0.0823 -1 104 47 382
person 0.0552 245 104 320 387
person 0.0373 443 87 499 399
person 0.0187 -1 173 12 364
person 0.0156 39 205 75 339
person 0.0094 456 159 496 327
person 0.0079 484 156 499 315
person 0.0067 0 249 37 360
person 0.0056 20 104 95 385
person 0.0041 0 289 32 340
person 0.0039 0 273 19 357
person 0.0036 259 148 304 339
person 0.0033 257 130 398 364
person 0.0030 4 80 35 275
person 0.0027 1 116 15 289
person 0.0023 221 70 293 171
person 0.0018 302 56 454 321
person 0.0016 44 224 65 315
person 0.0013 118 117 242 379
person 0.0012 0 57 10 253
person 0.0012 449 118 498 239
person 0.0011 0 314 11 416
person 0.0011 201 72 309 235
person 0.0010 18 173 36 266
person 0.0010 383 170 490 425
