bottle 0.0022 276 130 314 159
car 0.3066 -1 14 137 75
car 0.0284 358 25 445 99
car 0.0248 128 8 227 77
car 0.0144 462 20 501 105
car 0.0137 413 18 478 106
car 0.0111 350 12 457 71
car 0.0086 472 54 497 87
car 0.0068 484 18 500 70
car 0.0064 368 23 437 50
car 0.0060 328 14 481 102
car 0.0055 477 60 498 78
car 0.0054 172 30 248 97
car 0.0040 466 17 499 60
car 0.0037 419 20 470 56
car 0.0037 473 41 497 77
car 0.0036 -2 15 126 160
car 0.0032 480 51 499 69
car 0.0025 38 6 229 81
car 0.0024 485 53 499 108
car 0.0024 17 22 109 57
car 0.0023 95 8 182 81
car 0.0020 0 9 10 82
car 0.0017 156 20 215 47
car 0.0016 482 36 500 56
car 0.0016 94 13 259 105
car 0.0015 -1 4 49 80
car 0.0015 266 49 317 82
car 0.0015 344 24 405 50
car 0.0013 251 36 331 94
car 0.0013 287 33 363 94
car 0.0012 341 30 412 97
car 0.0011 257 57 297 86
car 0.0011 367 44 422 72
car 0.0010 0 17 9 149
motorbike 0.2041 182 143 391 330
person 0.9820 162 43 348 296
person 0.0179 7 165 180 264
person 0.0106 -4 52 188 283
person 0.0069 2 116 127 272
person 0.0043 23 29 331 304
person 0.0041 207 51 417 340
person 0.0030 0 173 51 265
person 0.0027 1 88 56 294
person 0.0013 0 86 37 245
person 0.0012 1 179 110 257
person 0.0011 9 122 250 269
person 0.0011 146 36 305 212
person 0.0010 -1 19 31 159
tvmonitor 0.0024 361 0 516 87
