bicycle 0.0059 5 214 44 255
bicycle 0.0035 0 193 53 254
bicycle 0.0011 -3 -6 43 95
bicycle 0.0011 -1 193 12 257
boat 0.0017 -6 0 64 208
boat 0.0012 462 81 501 185
car 0.0023 226 150 250 160
car 0.0020 120 150 141 160
car 0.0013 54 150 81 160
car 0.0013 75 156 96 167
car 0.0012 119 154 136 172
car 0.0011 78 150 100 160
dog 0.0012 287 282 309 300
person 0.9358 240 166 304 333
person 0.6092 91 153 128 239
person 0.3096 125 152 162 230
person 0.2335 478 151 494 187
person 0.0641 284 157 303 194
person 0.0609 314 152 331 189
person 0.0364 411 153 428 181
person 0.0354 380 155 396 179
person 0.0315 473 146 500 190
person 0.0224 137 157 160 210
person 0.0119 354 152 369 175
person 0.0098 96 166 119 224
person 0.0058 421 152 436 170
person 0.0056 367 153 383 173
person 0.0055 136 152 178 224
person 0.0038 264 157 303 203
person 0.0033 465 126 503 192
person 0.0031 104 161 134 226
person 0.0030 147 153 165 210
person 0.0028 116 167 134 221
person 0.0025 276 150 315 184
person 0.0018 235 160 295 271
person 0.0017 138 152 163 176
person 0.0013 253 260 302 332
person 0.0012 326 148 341 185
person 0.0012 392 145 428 180
person 0.0011 379 149 407 182
