aeroplane 0.0028 30 75 542 275
aeroplane 0.0018 220 0 284 19
aeroplane 0.0015 251 1 324 18
boat 0.0775 16 72 43 82
boat 0.0283 7 70 47 85
boat 0.0223 68 66 130 84
boat 0.0112 111 63 166 84
boat 0.0083 107 80 162 104
boat 0.0071 1 73 16 85
boat 0.0070 68 79 132 105
boat 0.0056 57 73 144 115
boat 0.0044 33 73 52 80
boat 0.0038 83 2 421 105
boat 0.0038 88 73 180 114
boat 0.0035 60 59 117 81
boat 0.0024 74 67 89 76
boat 0.0024 92 57 181 94
boat 0.0022 51 58 146 93
boat 0.0020 0 49 46 102
boat 0.0019 0 12 45 94
boat 0.0019 63 74 82 80
boat 0.0017 27 65 86 85
boat 0.0017 0 79 15 93
boat 0.0016 229 49 500 266
boat 0.0014 127 67 168 89
boat 0.0014 99 67 149 88
boat 0.0013 -1 67 31 91
boat 0.0011 17 68 39 87
bus 0.2493 5 56 345 255
bus 0.0115 69 43 502 269
bus 0.0097 91 57 322 185
bus 0.0045 299 247 424 274
bus 0.0045 -2 83 199 232
bus 0.0043 174 246 325 274
bus 0.0038 285 255 379 273
bus 0.0033 200 255 299 273
bus 0.0021 233 254 332 272
bus 0.0015 139 234 436 283
car 0.9782 337 17 495 73
car 0.0111 153 80 202 104
car 0.0092 314 254 404 273
car 0.0045 152 66 198 88
car 0.0027 140 73 216 116
car 0.0022 121 11 452 141
car 0.0019 300 89 359 142
car 0.0018 135 37 431 203
car 0.0016 314 244 493 274
car 0.0014 217 67 293 122
car 0.0014 487 23 499 71
car 0.0014 306 99 352 131
car 0.0013 10 47 264 191
chair 0.0017 352 253 453 273
chair 0.0013 397 250 484 273
chair 0.0012 375 240 506 274
chair 0.0012 395 220 495 272
diningtable 0.0202 300 255 406 273
diningtable 0.0013 329 258 458 274
diningtable 0.0011 313 248 432 271
person 0.4690 183 146 218 176
person 0.0583 100 73 115 81
person 0.0469 171 143 236 179
person 0.0370 75 72 90 80
person 0.0348 224 144 271 176
person 0.0191 159 146 200 175
person 0.0115 209 137 287 184
person 0.0077 133 73 155 85
person 0.0074 113 74 134 83
person 0.0067 140 137 217 181
person 0.0050 150 70 171 85
person 0.0043 228 149 252 178
person 0.0040 131 81 154 93
person 0.0034 191 147 211 164
person 0.0032 149 82 171 94
person 0.0029 100 67 116 76
person 0.0027 184 81 232 108
person 0.0026 213 70 233 84
person 0.0024 256 141 298 181
person 0.0022 134 71 184 103
person 0.0021 153 65 173 73
person 0.0019 221 153 261 187
person 0.0018 118 81 138 95
person 0.0018 168 82 199 93
person 0.0017 180 155 228 187
person 0.0017 252 130 313 186
person 0.0016 138 66 180 91
person 0.0015 195 81 217 115
person 0.0014 147 71 171 103
person 0.0013 170 72 197 83
person 0.0012 131 73 156 104
person 0.0011 131 148 210 198
person 0.0011 148 158 167 174
person 0.0011 469 209 485 224
person 0.0010 144 159 194 188
person 0.0010 117 75 139 105
sheep 0.0016 315 63 496 254
