bus 0.9915 52 21 447 296
bus 0.1081 150 64 493 368
bus 0.0372 48 45 242 270
bus 0.0198 51 67 309 362
bus 0.0166 104 124 179 193
bus 0.0137 124 123 221 188
bus 0.0127 380 29 501 288
bus 0.0075 306 79 490 352
bus 0.0074 164 126 266 184
bus 0.0034 393 70 493 119
bus 0.0024 81 182 416 353
bus 0.0019 441 28 504 295
bus 0.0018 102 136 154 175
bus 0.0018 95 95 178 174
bus 0.0012 173 100 257 163
person 0.8185 441 169 497 362
person 0.0155 113 138 166 178
person 0.0138 181 138 248 169
person 0.0134 449 161 497 273
person 0.0111 140 136 201 171
person 0.0103 188 114 241 148
person 0.0103 225 112 278 147
person 0.0098 135 136 186 189
person 0.0089 219 139 285 170
person 0.0061 443 50 505 329
person 0.0035 167 146 228 186
person 0.0030 145 116 197 151
person 0.0030 486 162 500 224
person 0.0023 204 128 300 182
person 0.0023 462 168 497 215
person 0.0021 149 140 170 186
person 0.0019 236 256 286 283
person 0.0018 232 158 288 182
person 0.0017 490 168 500 306
person 0.0017 467 88 484 105
person 0.0015 169 134 223 169
person 0.0015 208 118 270 155
person 0.0014 109 116 162 154
person 0.0014 132 143 155 186
person 0.0013 103 157 154 200
person 0.0012 427 169 479 322
person 0.0012 213 98 290 162
person 0.0011 490 95 500 181
person 0.0010 214 0 285 24
person 0.0010 216 162 280 193
person 0.0010 487 88 499 240
train 0.0018 389 85 506 360
