car 0.0655 50 201 111 212
car 0.0348 73 200 132 212
car 0.0139 11 196 144 211
car 0.0082 98 201 152 213
car 0.0072 59 196 181 212
car 0.0040 23 202 94 213
car 0.0039 68 206 94 212
car 0.0035 106 198 173 212
car 0.0028 79 206 105 212
car 0.0023 39 196 104 211
car 0.0023 57 207 83 213
car 0.0017 114 205 135 212
car 0.0017 125 207 149 213
car 0.0012 133 200 203 213
car 0.0011 89 205 118 212
car 0.0010 93 192 233 212
chair 0.0014 197 126 289 211
person 0.9162 33 -11 294 192
person 0.0244 4 18 191 229
person 0.0121 94 60 281 209
person 0.0087 176 86 281 213
person 0.0074 -2 89 159 213
person 0.0021 -13 157 81 213
person 0.0017 19 -1 226 122
person 0.0016 175 153 287 212
person 0.0010 52 124 277 214
person 0.0010 -2 67 68 209
tvmonitor 0.0051 21 88 260 216
