bicycle 0.4325 19 216 71 298
bicycle 0.3661 217 243 277 337
bicycle 0.2484 -1 235 33 315
bicycle 0.1226 194 204 303 371
bicycle 0.0447 4 219 29 294
bicycle 0.0359 51 255 137 318
bicycle 0.0307 93 13 340 414
bicycle 0.0230 37 246 109 314
bicycle 0.0223 214 269 261 317
bicycle 0.0139 -4 334 45 409
bicycle 0.0134 -11 339 112 401
bicycle 0.0103 5 239 68 282
bicycle 0.0095 -4 269 27 315
bicycle 0.0076 122 51 366 230
bicycle 0.0049 -1 252 70 298
bicycle 0.0048 45 280 136 310
bicycle 0.0043 0 235 15 323
bicycle 0.0041 -8 356 28 399
bicycle 0.0040 1 288 142 439
bicycle 0.0032 55 256 98 308
bicycle 0.0026 183 244 263 333
bicycle 0.0025 -3 215 22 268
bicycle 0.0024 -8 216 95 353
bicycle 0.0021 22 244 63 304
bicycle 0.0020 80 262 137 298
bicycle 0.0020 -5 218 44 270
bicycle 0.0016 53 2 264 282
bicycle 0.0015 14 204 177 377
bicycle 0.0011 17 160 237 425
bicycle 0.0010 43 228 79 281
person 0.4741 133 194 247 475
person 0.4013 238 212 296 344
person 0.1243 356 191 371 240
person 0.0636 189 150 302 373
person 0.0310 129 71 303 437
person 0.0308 352 182 375 234
person 0.0185 28 215 66 264
person 0.0131 32 202 60 251
person 0.0098 212 199 283 321
person 0.0086 22 208 234 457
person 0.0055 57 107 275 490
person 0.0042 38 207 52 247
person 0.0021 0 200 12 284
person 0.0014 342 192 360 220
person 0.0014 331 199 353 217
person 0.0012 38 213 56 265
person 0.0010 349 191 365 241
person 0.0010 21 183 64 268
