bicycle 0.3854 225 196 383 376
bicycle 0.0653 137 164 356 419
bicycle 0.0070 272 140 371 365
bicycle 0.0014 237 219 310 355
bicycle 0.0011 260 214 347 354
cow 0.3535 45 165 263 487
cow 0.0292 90 143 344 444
horse 0.0591 5 158 200 493
person 0.8822 259 88 347 362
person 0.0899 42 1 330 434
person 0.0382 7 281 77 357
person 0.0281 0 274 41 367
person 0.0241 31 92 232 422
person 0.0102 17 288 64 343
person 0.0095 -4 181 153 479
person 0.0050 143 107 349 399
person 0.0020 2 270 36 324
person 0.0020 -2 72 87 425
person 0.0013 0 309 40 357
person 0.0012 -5 39 150 387
person 0.0011 122 10 313 254
person 0.0010 16 275 59 326
