car 0.0023 435 66 470 74
car 0.0013 482 67 500 78
car 0.0010 422 65 449 75
person 0.9176 314 75 392 321
person 0.8858 133 49 241 353
person 0.7348 28 41 111 224
person 0.0640 75 29 123 111
person 0.0463 104 34 144 155
person 0.0385 7 35 46 118
person 0.0218 455 22 499 337
person 0.0180 287 60 307 115
person 0.0159 462 79 497 219
person 0.0116 313 62 331 110
person 0.0102 467 111 496 301
person 0.0081 58 48 224 308
person 0.0075 238 46 272 128
person 0.0065 194 42 238 111
person 0.0048 75 34 105 84
person 0.0046 54 22 133 175
person 0.0044 315 75 475 334
person 0.0043 28 35 94 105
person 0.0043 16 46 39 107
person 0.0041 245 56 266 121
person 0.0037 278 60 294 115
person 0.0033 165 53 316 358
person 0.0025 147 38 205 107
person 0.0024 152 27 249 235
person 0.0020 119 26 229 178
person 0.0016 65 20 118 82
person 0.0015 280 56 303 103
person 0.0015 88 29 168 165
person 0.0014 78 38 100 108
person 0.0014 140 45 210 145
person 0.0013 210 52 234 102
person 0.0013 38 42 84 88
person 0.0012 106 30 145 68
person 0.0012 156 42 196 88
person 0.0010 107 36 140 97
person 0.0010 347 59 366 74
