car 0.0060 112 89 174 176
car 0.0014 3 128 104 188
horse 0.0038 267 -5 476 279
person 0.3421 101 45 257 391
person 0.2827 260 -16 480 328
person 0.2238 105 104 478 381
person 0.0247 243 124 263 178
person 0.0243 110 56 222 280
person 0.0146 268 125 287 176
person 0.0083 234 118 275 187
person 0.0081 231 124 252 180
person 0.0060 261 115 305 189
person 0.0053 2 35 54 164
person 0.0023 126 90 194 179
person 0.0020 363 57 504 376
person 0.0014 39 104 53 142
person 0.0010 0 80 10 194
person 0.0010 126 87 166 131
