bicycle 0.0027 2 37 491 402
car 0.0109 1 8 427 311
chair 0.0274 188 57 299 128
chair 0.0104 111 26 387 239
chair 0.0063 8 185 125 373
chair 0.0031 151 41 346 164
chair 0.0024 13 29 196 289
chair 0.0021 12 14 339 310
chair 0.0018 205 68 278 120
chair 0.0014 0 199 41 349
person 0.8392 41 167 314 368
person 0.0242 24 114 460 377
person 0.0116 8 171 195 379
person 0.0030 147 38 495 279
person 0.0024 99 231 471 374
pottedplant 0.0010 285 195 302 211
tvmonitor 0.0038 29 11 219 129
tvmonitor 0.0016 -1 17 33 121
tvmonitor 0.0014 129 -9 447 102
