boat 0.0106 0 -2 96 40
boat 0.0100 13 2 83 31
boat 0.0025 -1 0 52 31
boat 0.0017 16 17 86 48
boat 0.0011 3 -2 92 18
bottle 0.0029 288 222 303 270
car 0.0101 14 135 38 156
car 0.0025 -1 126 34 162
chair 0.0191 371 122 499 310
person 0.8064 191 103 276 281
person 0.7741 21 109 110 323
person 0.0734 371 121 410 167
person 0.0718 0 131 11 189
person 0.0388 0 120 8 250
person 0.0299 365 124 422 206
person 0.0231 -1 130 28 246
person 0.0176 348 132 367 163
person 0.0098 349 126 367 145
person 0.0097 1 136 19 158
person 0.0082 349 125 383 169
person 0.0072 16 133 35 160
person 0.0068 324 132 344 171
person 0.0064 -1 170 10 275
person 0.0059 352 119 469 313
person 0.0051 341 126 394 206
person 0.0050 155 142 284 331
person 0.0049 2 109 55 323
person 0.0048 268 130 308 197
person 0.0038 380 121 408 143
person 0.0033 312 127 353 197
person 0.0032 0 142 26 193
person 0.0031 114 132 135 169
person 0.0024 308 101 430 284
person 0.0024 270 148 291 194
person 0.0020 375 135 413 183
person 0.0016 0 130 26 168
person 0.0016 0 159 27 217
person 0.0016 0 -1 13 42
person 0.0015 1 146 15 166
person 0.0015 273 139 295 183
person 0.0012 41 131 55 144
person 0.0011 358 1 381 12
person 0.0010 185 127 203 187
person 0.0010 369 127 389 144
tvmonitor 0.0012 284 20 352 45
