chair 0.0087 410 303 485 332
chair 0.0059 451 301 497 332
chair 0.0056 -2 10 212 273
chair 0.0032 113 142 381 330
chair 0.0023 349 294 454 334
chair 0.0011 452 256 498 337
person 0.6245 109 77 369 315
person 0.0180 20 10 245 275
person 0.0061 396 182 480 255
person 0.0052 381 123 498 312
person 0.0025 436 190 473 227
person 0.0019 180 113 473 326
person 0.0014 316 310 387 333
person 0.0013 -7 32 129 351
pottedplant 0.0013 224 0 288 24
tvmonitor 0.1332 372 15 497 158
tvmonitor 0.0111 464 175 497 264
tvmonitor 0.0077 473 211 500 239
tvmonitor 0.0043 385 0 500 276
tvmonitor 0.0038 466 194 496 239
tvmonitor 0.0034 473 244 500 279
tvmonitor 0.0032 464 217 500 319
tvmonitor 0.0030 387 161 492 321
tvmonitor 0.0028 479 191 500 260
tvmonitor 0.0022 437 22 501 200
tvmonitor 0.0019 479 231 500 294
tvmonitor 0.0019 478 250 500 270
tvmonitor 0.0016 392 40 478 129
tvmonitor 0.0014 454 82 497 200
tvmonitor 0.0012 452 192 480 226
tvmonitor 0.0010 455 198 473 223
