car 0.0064 2 160 53 198
car 0.0016 90 127 191 196
car 0.0015 393 163 436 171
car 0.0014 17 161 71 195
chair 0.0557 151 181 276 370
chair 0.0538 214 155 427 348
chair 0.0058 11 185 252 372
chair 0.0022 122 159 169 195
chair 0.0014 375 212 499 379
horse 0.0018 -1 188 196 371
person 0.9024 195 62 321 320
person 0.1098 213 71 431 308
person 0.0487 149 72 295 360
person 0.0212 206 70 348 203
person 0.0031 212 78 296 184
person 0.0024 0 159 17 200
person 0.0023 149 115 183 130
person 0.0017 240 77 321 180
person 0.0017 75 93 259 222
sofa 0.0015 0 217 196 378
tvmonitor 0.0095 207 136 246 166
tvmonitor 0.0019 187 135 228 174
tvmonitor 0.0010 213 124 237 179
tvmonitor 0.0010 142 115 202 141
tvmonitor 0.0010 109 115 227 195
