bottle 0.0555 136 293 185 383
bottle 0.0504 0 311 13 370
bottle 0.0416 438 101 457 117
bottle 0.0370 423 97 444 117
bottle 0.0213 427 0 445 36
bottle 0.0151 456 0 480 17
bottle 0.0139 458 2 474 35
bottle 0.0137 459 44 476 60
bottle 0.0098 397 96 420 117
bottle 0.0097 435 -1 462 17
bottle 0.0095 455 7 479 27
bottle 0.0092 424 0 451 19
bottle 0.0091 438 1 454 35
bottle 0.0088 110 336 179 374
bottle 0.0088 1 310 26 366
bottle 0.0088 401 93 416 125
bottle 0.0084 481 43 496 60
bottle 0.0079 453 100 481 114
bottle 0.0073 460 -5 476 24
bottle 0.0061 441 94 455 122
bottle 0.0059 398 0 416 35
bottle 0.0057 136 331 191 375
bottle 0.0056 0 256 11 365
bottle 0.0056 447 334 503 374
bottle 0.0055 439 -5 456 24
bottle 0.0052 459 46 477 82
bottle 0.0050 435 7 457 28
bottle 0.0049 486 0 497 40
bottle 0.0048 0 326 21 375
bottle 0.0046 481 8 497 27
bottle 0.0037 454 50 482 74
bottle 0.0037 437 88 464 105
bottle 0.0037 415 0 454 34
bottle 0.0035 439 44 459 59
bottle 0.0034 143 304 176 369
bottle 0.0032 189 289 251 378
bottle 0.0030 421 88 444 106
bottle 0.0028 389 91 407 126
bottle 0.0027 479 1 498 18
bottle 0.0027 442 76 458 114
bottle 0.0026 485 33 497 72
bottle 0.0026 442 47 458 82
bottle 0.0025 425 78 440 113
bottle 0.0025 210 97 234 123
bottle 0.0025 36 331 108 372
bottle 0.0025 453 86 487 104
bottle 0.0024 489 56 499 132
bottle 0.0024 -1 326 17 353
bottle 0.0023 438 52 462 75
bottle 0.0022 449 4 490 32
bottle 0.0022 385 94 412 117
bottle 0.0022 399 88 423 106
bottle 0.0022 403 77 418 114
bottle 0.0021 214 293 291 377
bottle 0.0020 420 68 445 84
bottle 0.0020 460 75 479 115
bottle 0.0019 440 292 503 376
bottle 0.0019 439 68 465 84
bottle 0.0018 424 190 469 232
bottle 0.0018 450 -2 489 21
bottle 0.0017 455 69 484 84
bottle 0.0017 440 110 458 125
bottle 0.0016 487 9 499 62
bottle 0.0016 329 255 345 309
bottle 0.0016 484 96 500 116
bottle 0.0015 459 91 476 122
bottle 0.0015 0 224 26 386
bottle 0.0014 193 99 215 122
bottle 0.0014 428 -3 469 21
bottle 0.0014 399 98 415 141
bottle 0.0013 381 334 444 371
bottle 0.0012 482 -7 496 26
bottle 0.0012 397 0 424 20
bottle 0.0012 480 49 499 77
bottle 0.0012 409 95 458 122
bottle 0.0012 0 314 15 338
bottle 0.0012 389 356 471 376
bottle 0.0012 398 69 427 85
bottle 0.0011 228 96 251 121
bottle 0.0011 128 313 169 365
bottle 0.0010 424 60 440 95
bottle 0.0010 254 311 295 368
bottle 0.0010 384 318 439 361
bottle 0.0010 408 364 454 376
diningtable 0.4479 140 297 514 374
diningtable 0.0726 37 325 540 382
diningtable 0.0326 65 330 223 373
diningtable 0.0122 -9 326 288 384
diningtable 0.0092 208 333 447 372
diningtable 0.0069 15 334 160 374
diningtable 0.0055 164 330 348 372
diningtable 0.0036 323 287 553 372
diningtable 0.0035 239 299 320 377
diningtable 0.0029 340 302 467 368
diningtable 0.0028 32 337 99 372
diningtable 0.0026 17 288 331 377
diningtable 0.0017 309 334 493 370
diningtable 0.0011 51 228 456 382
person 0.8079 167 139 346 334
person 0.7558 335 105 489 366
person 0.6681 21 79 230 349
person 0.2097 37 107 397 326
person 0.1293 -4 111 31 201
person 0.0202 0 123 19 178
person 0.0154 0 108 33 161
person 0.0073 0 89 41 343
person 0.0070 0 130 13 227
person 0.0069 0 94 15 152
person 0.0069 297 81 451 248
person 0.0064 5 100 43 144
person 0.0051 83 46 493 283
person 0.0048 485 39 498 88
person 0.0040 4 80 126 354
person 0.0036 76 108 101 127
person 0.0035 -2 48 38 160
person 0.0028 436 131 504 360
person 0.0024 202 145 307 227
person 0.0021 65 116 110 152
person 0.0021 0 109 17 133
person 0.0021 14 116 35 156
person 0.0020 3 121 38 175
person 0.0019 406 174 476 254
person 0.0018 14 98 100 161
person 0.0018 68 103 110 140
person 0.0018 28 112 87 147
person 0.0018 389 0 428 35
person 0.0016 79 105 98 140
person 0.0015 240 143 331 230
person 0.0014 0 112 10 305
person 0.0014 449 210 499 340
person 0.0014 14 111 39 137
person 0.0013 13 126 33 172
person 0.0013 0 51 11 135
person 0.0013 0 121 19 146
person 0.0012 14 124 38 145
person 0.0012 40 108 58 129
person 0.0010 0 152 29 213
pottedplant 0.0223 264 305 390 368
pottedplant 0.0026 300 314 357 354
pottedplant 0.0022 442 241 501 360
pottedplant 0.0019 329 354 451 376
pottedplant 0.0017 336 337 418 374
pottedplant 0.0011 275 334 352 372
pottedplant 0.0010 244 355 345 375
