bicycle 0.5053 329 192 458 360
bicycle 0.1757 114 173 233 362
bicycle 0.0069 132 244 218 368
bicycle 0.0055 362 201 433 346
bicycle 0.0019 338 206 411 345
bicycle 0.0011 414 213 455 256
boat 0.0036 458 140 498 176
boat 0.0027 424 139 469 178
boat 0.0021 411 109 477 206
boat 0.0017 462 161 484 173
boat 0.0012 481 160 496 174
boat 0.0012 454 114 502 202
person 0.9976 339 103 448 328
person 0.9965 121 70 224 357
person 0.0043 0 141 34 187
person 0.0035 118 64 222 216
person 0.0016 428 214 447 257
person 0.0016 2 149 21 204
person 0.0014 0 136 36 228
person 0.0012 360 161 444 275
person 0.0012 93 52 207 285
person 0.0011 12 166 31 184
