car 0.0089 248 230 285 259
person 0.3517 464 193 496 250
person 0.1998 23 219 42 244
person 0.0530 165 140 194 182
person 0.0290 168 146 186 179
person 0.0285 198 126 216 144
person 0.0251 285 23 385 168
person 0.0226 171 126 187 148
person 0.0205 302 10 370 116
person 0.0172 206 127 222 142
person 0.0169 209 118 223 135
person 0.0139 197 118 216 136
person 0.0133 424 200 445 232
person 0.0102 432 198 465 245
person 0.0097 168 139 185 161
person 0.0087 176 140 220 182
person 0.0085 176 107 222 145
person 0.0082 171 118 187 136
person 0.0082 166 115 203 156
person 0.0076 423 190 472 263
person 0.0052 153 132 208 210
person 0.0045 34 218 49 237
person 0.0042 465 200 488 229
person 0.0042 2 205 14 253
person 0.0040 169 148 189 201
person 0.0036 471 202 497 228
person 0.0031 162 145 178 179
person 0.0031 167 235 186 282
person 0.0030 153 142 184 179
person 0.0028 466 192 488 219
person 0.0026 117 132 165 170
person 0.0026 172 112 191 144
person 0.0024 227 114 241 132
person 0.0024 63 203 76 225
person 0.0023 479 215 501 267
person 0.0022 6 210 35 246
person 0.0020 227 129 248 142
person 0.0018 465 186 497 225
person 0.0017 466 217 497 263
person 0.0016 476 216 497 239
person 0.0016 191 145 210 179
person 0.0011 389 195 433 234
person 0.0011 129 168 164 213
person 0.0011 441 198 463 234
person 0.0011 64 210 78 245
person 0.0010 215 231 238 283
person 0.0010 22 228 40 246
person 0.0010 194 138 213 157
person 0.0010 194 131 215 169
person 0.0010 2 220 17 238
train 0.8732 57 48 444 290
train 0.7882 214 89 438 308
train 0.1442 76 100 284 292
train 0.0932 175 22 400 227
train 0.0177 298 29 406 213
train 0.0066 304 143 495 299
train 0.0051 107 167 467 323
train 0.0031 172 131 242 208
train 0.0031 19 53 260 239
train 0.0030 149 110 215 181
train 0.0026 247 81 321 150
train 0.0015 22 108 186 286
train 0.0012 275 131 320 168
