bottle 0.0028 227 228 252 250
car 0.0094 459 83 497 120
car 0.0030 422 82 465 122
car 0.0023 458 64 499 136
car 0.0015 479 98 499 122
car 0.0010 430 82 477 111
person 0.9286 356 35 435 268
person 0.8386 149 25 265 344
person 0.5464 225 36 291 282
person 0.0690 201 57 297 365
person 0.0112 484 78 499 136
person 0.0069 490 74 499 285
person 0.0045 87 354 173 376
person 0.0037 236 55 289 206
person 0.0030 370 33 492 279
person 0.0026 487 62 499 177
person 0.0022 9 361 41 374
person 0.0018 454 26 500 288
person 0.0016 40 66 245 371
person 0.0014 473 98 498 276
person 0.0014 370 42 432 162
person 0.0011 49 352 146 374
person 0.0010 230 152 280 275
