bicycle 0.0167 84 106 492 371
car 0.0027 3 20 112 245
chair 0.0595 80 6 164 82
chair 0.0447 97 31 156 104
chair 0.0215 109 46 153 94
chair 0.0133 71 31 141 112
chair 0.0122 8 33 101 109
chair 0.0068 82 49 126 96
chair 0.0057 117 41 162 82
chair 0.0043 132 34 211 108
chair 0.0038 4 22 109 189
chair 0.0037 98 20 153 68
chair 0.0037 5 217 100 375
chair 0.0027 45 0 164 145
chair 0.0024 25 47 88 91
chair 0.0023 145 48 198 92
chair 0.0022 127 52 220 144
chair 0.0018 10 285 92 374
chair 0.0017 86 30 263 178
chair 0.0017 105 30 465 236
chair 0.0015 343 109 387 149
chair 0.0012 43 218 229 372
chair 0.0011 452 286 498 378
chair 0.0011 4 273 185 377
chair 0.0011 119 5 228 72
chair 0.0010 101 222 321 370
person 0.7281 96 51 326 383
person 0.1970 -1 42 111 394
person 0.1752 163 33 490 400
person 0.0468 36 23 143 352
person 0.0132 33 27 239 407
person 0.0116 90 68 126 122
person 0.0099 64 -1 151 86
person 0.0094 93 55 152 143
person 0.0089 84 68 131 188
person 0.0072 68 34 194 293
person 0.0067 311 49 496 384
person 0.0065 115 39 376 229
person 0.0054 0 96 64 386
person 0.0042 91 90 130 149
person 0.0037 0 99 14 202
person 0.0028 220 0 263 44
person 0.0027 105 71 143 127
person 0.0019 1 92 41 224
person 0.0017 264 26 461 300
person 0.0016 74 29 277 243
person 0.0014 73 6 183 135
person 0.0012 166 -2 260 50
person 0.0011 85 -8 259 94
person 0.0010 99 83 153 233
person 0.0010 218 347 281 376
tvmonitor 0.0027 445 23 504 291
tvmonitor 0.0018 458 117 500 257
