bicycle 0.3577 310 265 409 330
bicycle 0.0730 466 263 502 344
bicycle 0.0041 456 290 499 330
bicycle 0.0034 371 245 509 353
bicycle 0.0028 399 263 492 336
bicycle 0.0021 315 221 476 322
bicycle 0.0015 391 235 482 307
bicycle 0.0015 354 233 456 303
bicycle 0.0012 345 262 454 331
bicycle 0.0010 465 299 498 346
bicycle 0.0010 418 293 485 325
car 0.9006 0 266 171 377
car 0.0867 -4 218 116 348
car 0.0207 0 235 98 306
car 0.0099 19 327 163 374
car 0.0057 0 168 14 225
car 0.0036 7 190 45 229
car 0.0034 0 246 56 289
car 0.0031 50 337 137 375
car 0.0028 8 211 96 282
car 0.0027 12 352 120 376
car 0.0026 293 235 332 261
car 0.0020 1 153 46 232
car 0.0016 3 171 38 217
car 0.0014 22 340 96 374
car 0.0014 12 146 91 236
car 0.0013 318 217 361 270
car 0.0013 -6 238 64 357
car 0.0011 244 352 338 374
car 0.0010 275 352 372 375
person 0.9709 324 211 388 318
person 0.1131 313 208 370 295
person 0.0042 22 186 41 234
person 0.0024 484 211 500 295
person 0.0023 341 233 382 300
person 0.0017 334 216 379 277
person 0.0012 274 201 403 306
person 0.0010 0 195 12 247
pottedplant 0.0044 214 164 264 194
pottedplant 0.0019 225 168 254 191
pottedplant 0.0017 230 181 255 198
pottedplant 0.0011 219 177 262 209
