bottle 0.0024 285 211 299 241
bottle 0.0012 282 200 310 245
car 0.0034 97 -5 328 121
chair 0.0016 0 169 34 323
chair 0.0011 -3 230 87 486
dog 0.0017 287 225 328 492
person 0.9027 38 99 339 484
person 0.2525 8 159 112 348
person 0.2367 5 151 125 489
person 0.1363 217 88 325 345
person 0.1287 4 162 77 268
person 0.0651 144 76 340 362
person 0.0602 194 53 331 526
person 0.0357 -1 102 231 408
person 0.0129 293 64 330 518
person 0.0031 253 147 330 498
person 0.0023 0 149 35 280
person 0.0023 59 219 270 486
person 0.0018 29 46 300 311
person 0.0016 12 134 165 303
person 0.0016 255 106 320 240
person 0.0014 -1 137 44 369
person 0.0010 0 180 7 299
person 0.0010 304 160 328 335
tvmonitor 0.2448 71 194 113 237
tvmonitor 0.0245 305 141 327 276
tvmonitor 0.0099 307 173 327 243
tvmonitor 0.0042 62 0 315 116
tvmonitor 0.0036 238 46 333 241
tvmonitor 0.0031 87 196 127 237
tvmonitor 0.0019 306 54 330 217
tvmonitor 0.0017 316 151 329 259
tvmonitor 0.0016 46 188 93 220
tvmonitor 0.0014 77 185 137 246
tvmonitor 0.0011 290 68 331 279
