bottle 0.0015 399 131 428 148
car 0.0023 348 107 395 145
car 0.0013 367 122 412 146
chair 0.0073 379 52 435 144
chair 0.0047 340 10 401 128
chair 0.0046 380 7 497 185
chair 0.0026 337 95 403 157
chair 0.0025 403 49 463 143
chair 0.0023 367 96 432 160
chair 0.0020 330 54 406 146
chair 0.0013 374 110 421 147
chair 0.0013 390 77 427 126
horse 0.0044 -18 99 435 372
person 0.4087 2 9 418 366
person 0.2056 395 -1 477 137
person 0.2054 369 -5 450 142
person 0.0859 446 -2 501 81
person 0.0096 436 -3 503 143
person 0.0092 -2 -3 52 87
person 0.0090 315 -2 424 145
person 0.0083 488 0 500 73
person 0.0053 0 0 48 32
person 0.0045 336 0 379 39
person 0.0039 333 0 394 90
person 0.0033 343 3 363 36
person 0.0026 456 11 500 61
person 0.0024 490 22 500 104
person 0.0024 3 16 201 357
person 0.0020 299 0 355 35
person 0.0017 0 13 46 61
person 0.0015 294 1 367 80
person 0.0012 130 0 156 13
person 0.0011 140 0 187 36
person 0.0010 11 1 37 20
