chair 0.0010 397 298 492 494
chair 0.0010 -2 166 61 479
person 0.9067 43 86 284 499
person 0.8046 257 164 479 488
person 0.2695 449 177 503 481
person 0.1142 84 155 422 495
person 0.0959 -4 38 417 393
person 0.0196 399 224 494 495
person 0.0184 161 101 502 411
person 0.0171 12 76 200 431
person 0.0123 456 200 500 377
person 0.0089 250 117 480 310
person 0.0084 459 293 501 503
person 0.0044 -5 77 111 500
person 0.0025 36 64 302 306
person 0.0023 482 203 499 269
person 0.0021 28 4 70 52
person 0.0019 453 209 497 261
person 0.0018 454 165 499 271
person 0.0017 364 228 391 255
person 0.0015 441 105 510 405
person 0.0014 484 223 499 447
person 0.0013 458 188 495 245
person 0.0012 17 8 80 104
person 0.0012 -2 57 59 440
person 0.0012 0 155 12 250
person 0.0011 374 129 431 220
person 0.0011 26 13 61 77
person 0.0010 485 331 499 490
