bus 0.9947 101 54 390 305
bus 0.1437 0 135 48 233
bus 0.0632 392 127 489 287
bus 0.0599 232 104 407 307
bus 0.0404 3 188 39 227
bus 0.0317 401 153 466 260
bus 0.0117 2 193 16 235
bus 0.0096 -8 197 54 231
bus 0.0091 12 140 79 229
bus 0.0087 -5 193 29 235
bus 0.0072 285 153 422 309
bus 0.0071 58 73 231 291
bus 0.0054 0 162 43 208
bus 0.0053 26 191 71 224
bus 0.0044 -1 112 101 253
bus 0.0044 26 101 166 267
bus 0.0034 377 164 443 253
bus 0.0034 324 169 400 256
bus 0.0028 0 148 13 233
bus 0.0020 12 208 34 224
bus 0.0018 372 180 456 222
bus 0.0016 349 159 468 314
bus 0.0015 77 178 425 327
bus 0.0014 375 169 451 208
bus 0.0013 64 152 115 260
bus 0.0011 412 187 455 231
bus 0.0011 -9 124 58 279
car 0.0048 0 206 21 226
car 0.0022 2 212 36 245
car 0.0020 0 215 15 234
car 0.0013 0 204 12 249
person 0.8611 411 212 445 300
person 0.4188 393 210 428 304
person 0.2156 392 223 408 288
person 0.0699 416 231 437 303
person 0.0658 402 224 421 291
person 0.0258 400 217 417 271
person 0.0249 385 215 412 272
person 0.0203 419 220 440 269
person 0.0111 249 194 266 233
person 0.0049 240 189 273 236
person 0.0048 487 214 500 273
person 0.0039 387 241 411 297
person 0.0028 391 216 408 240
person 0.0025 269 195 287 234
person 0.0022 390 226 409 254
person 0.0021 389 242 405 268
person 0.0020 257 192 298 235
person 0.0016 206 190 223 237
person 0.0015 0 202 10 280
person 0.0015 440 214 454 272
person 0.0013 277 195 322 233
person 0.0013 363 218 379 234
person 0.0012 420 227 442 252
person 0.0011 0 219 9 348
person 0.0011 234 191 252 237
person 0.0011 400 256 418 306
