motorbike 0.8096 -24 34 442 349
motorbike 0.3589 238 35 483 194
motorbike 0.1100 59 -7 439 238
motorbike 0.0796 378 18 499 163
motorbike 0.0587 -12 -4 202 285
motorbike 0.0132 12 3 327 182
motorbike 0.0093 -7 82 127 296
motorbike 0.0034 -4 109 280 317
motorbike 0.0026 330 69 465 208
motorbike 0.0020 164 39 489 285
person 0.1252 -7 13 185 218
person 0.0061 -1 81 40 202
person 0.0052 -1 54 56 276
person 0.0019 108 190 148 230
person 0.0013 0 14 134 127
person 0.0013 130 0 361 134
person 0.0010 -1 75 11 195
person 0.0010 482 36 499 79
pottedplant 0.0028 396 36 488 138
