bottle 0.0048 72 234 131 337
bottle 0.0015 95 233 158 343
car 0.3286 343 236 372 283
car 0.0121 357 232 374 284
car 0.0079 352 249 376 276
car 0.0071 314 239 359 281
car 0.0049 300 253 320 270
car 0.0044 347 221 377 274
car 0.0027 279 241 329 277
car 0.0025 356 231 374 252
car 0.0025 344 249 367 276
chair 0.0013 22 285 353 502
chair 0.0010 0 288 92 499
person 0.9190 14 86 243 494
person 0.1682 46 62 377 519
person 0.0101 319 250 333 276
person 0.0066 246 248 263 276
person 0.0039 255 249 268 276
person 0.0020 -11 71 115 512
person 0.0017 289 253 305 272
person 0.0014 21 36 237 318
person 0.0013 77 223 352 485
