car 0.9229 -4 203 93 273
car 0.8973 96 198 183 268
car 0.5576 268 176 306 211
car 0.4849 365 171 393 191
car 0.2832 247 183 276 209
car 0.2637 336 169 361 187
car 0.1944 261 199 388 295
car 0.1342 353 169 387 190
car 0.1072 404 162 423 175
car 0.0953 304 170 326 190
car 0.0602 421 163 441 175
car 0.0594 267 189 300 216
car 0.0530 290 174 318 193
car 0.0299 285 181 312 201
car 0.0213 289 176 310 213
car 0.0189 308 169 341 193
car 0.0183 341 163 368 179
car 0.0160 144 200 188 247
car 0.0117 0 211 14 262
car 0.0098 385 160 398 174
car 0.0097 10 202 93 244
car 0.0096 336 157 372 185
car 0.0089 366 163 385 178
car 0.0060 404 168 422 183
car 0.0059 5 215 59 265
car 0.0052 381 169 399 185
car 0.0052 294 167 314 200
car 0.0050 308 164 327 178
car 0.0047 328 165 349 178
car 0.0041 335 166 351 192
car 0.0041 1 214 27 259
car 0.0037 239 181 253 204
car 0.0032 421 169 441 183
car 0.0031 0 206 61 246
car 0.0030 305 180 324 198
car 0.0030 261 181 319 234
car 0.0029 362 180 389 195
car 0.0028 282 186 305 222
car 0.0022 0 224 20 247
car 0.0021 87 202 118 244
car 0.0020 345 157 384 181
car 0.0019 162 213 191 255
car 0.0017 252 177 272 192
car 0.0016 352 191 390 230
car 0.0015 361 174 388 204
car 0.0015 245 190 279 220
car 0.0013 271 189 378 257
car 0.0013 0 211 18 233
car 0.0012 295 175 325 204
car 0.0011 354 154 393 187
car 0.0011 98 201 158 247
car 0.0010 340 184 369 194
car 0.0010 238 173 284 211
chair 0.0130 451 228 483 268
chair 0.0040 452 199 496 291
chair 0.0033 454 236 476 259
chair 0.0031 453 228 476 251
chair 0.0024 460 222 494 269
chair 0.0010 461 222 500 320
person 0.9309 418 179 464 293
person 0.0074 426 201 460 276
person 0.0020 484 69 499 148
person 0.0014 425 3 479 36
person 0.0012 450 -6 490 98
person 0.0011 133 213 154 226
person 0.0010 427 0 480 85
