bicycle 0.9798 -9 55 503 323
bicycle 0.5151 74 11 432 250
bicycle 0.2321 -8 130 363 366
bicycle 0.0382 227 40 484 337
bicycle 0.0179 133 20 379 188
bicycle 0.0040 -21 21 299 298
bicycle 0.0033 376 63 501 314
bicycle 0.0016 -22 93 157 344
bottle 0.0643 259 168 317 204
bottle 0.0211 294 170 352 206
bottle 0.0105 278 158 369 217
bottle 0.0076 249 176 326 245
bottle 0.0064 347 167 388 211
bottle 0.0039 220 195 275 236
bottle 0.0038 257 190 317 232
bottle 0.0031 337 150 397 226
bottle 0.0023 214 180 282 250
bottle 0.0018 224 170 282 206
bottle 0.0016 283 122 364 195
bottle 0.0015 299 195 357 231
bottle 0.0012 210 158 296 219
bottle 0.0011 251 126 331 197
bottle 0.0011 292 142 349 181
bottle 0.0010 211 179 268 207
car 0.0034 462 194 496 240
chair 0.0372 393 218 501 371
chair 0.0033 153 9 358 147
chair 0.0021 446 232 499 366
chair 0.0011 345 326 471 376
chair 0.0010 321 279 499 373
person 0.0030 455 176 498 255
person 0.0017 0 59 11 125
person 0.0017 483 188 499 256
person 0.0014 385 134 498 362
pottedplant 0.0013 332 179 379 208
sheep 0.0103 40 6 305 203
sheep 0.0015 7 3 183 202
sheep 0.0012 102 52 171 147
sheep 0.0011 137 52 209 148
