bicycle 0.2880 23 148 66 231
bicycle 0.0706 155 136 193 234
bicycle 0.0092 32 186 68 233
bicycle 0.0068 49 176 86 220
bicycle 0.0027 44 193 85 227
bicycle 0.0024 157 159 188 215
bicycle 0.0023 19 125 83 250
bicycle 0.0021 138 114 217 263
bicycle 0.0021 70 173 87 223
bicycle 0.0018 147 179 184 211
bicycle 0.0013 156 175 175 215
bicycle 0.0010 149 146 183 196
bus 0.6405 375 65 498 184
bus 0.0043 388 66 493 119
bus 0.0020 429 69 503 200
car 0.2612 343 149 378 193
car 0.0819 183 81 325 252
car 0.0200 342 165 370 194
car 0.0120 388 140 490 199
car 0.0076 460 146 498 191
car 0.0069 421 153 484 194
car 0.0055 347 72 490 202
car 0.0046 376 155 412 193
car 0.0039 485 148 500 196
car 0.0028 361 154 376 194
car 0.0011 334 103 393 190
motorbike 0.0189 175 117 337 261
person 0.9208 19 105 71 220
person 0.7624 150 110 191 210
person 0.4520 79 111 123 202
person 0.3093 280 70 351 224
person 0.2219 198 69 279 127
person 0.0788 186 60 313 231
person 0.0691 273 74 335 147
person 0.0449 184 72 304 157
person 0.0273 152 114 185 171
person 0.0080 155 129 187 192
person 0.0071 141 95 209 234
person 0.0058 193 71 241 114
person 0.0057 50 91 131 233
person 0.0056 77 117 96 175
person 0.0053 15 138 55 237
person 0.0044 238 70 351 169
person 0.0033 30 132 67 195
person 0.0031 88 128 120 190
person 0.0028 275 85 325 129
person 0.0027 52 116 72 177
person 0.0026 18 91 74 153
person 0.0022 230 73 274 114
person 0.0020 20 170 52 224
person 0.0018 101 104 151 190
person 0.0015 28 112 68 168
person 0.0014 212 114 229 156
person 0.0013 267 86 336 187
person 0.0012 336 147 352 200
person 0.0012 196 114 217 159
person 0.0012 303 163 348 261
person 0.0011 82 107 99 140
