chair 0.0229 294 243 374 490
chair 0.0068 325 137 376 513
chair 0.0013 236 297 372 502
chair 0.0010 268 126 332 226
diningtable 0.2503 -21 249 334 485
diningtable 0.0109 107 302 380 499
diningtable 0.0015 35 352 336 512
person 0.9232 36 107 340 396
person 0.1137 95 72 387 502
person 0.0513 -4 172 271 474
person 0.0271 292 78 373 500
person 0.0213 227 47 375 379
person 0.0082 284 25 378 329
person 0.0066 7 25 247 340
person 0.0029 41 2 156 56
person 0.0015 64 2 134 42
person 0.0015 105 92 324 281
person 0.0015 9 -8 256 117
person 0.0012 -13 0 105 51
person 0.0010 5 -2 139 125
person 0.0010 10 -1 92 32
