bicycle 0.3445 230 19 316 75
bicycle 0.0216 198 26 238 73
bicycle 0.0194 184 15 250 86
bicycle 0.0183 221 25 274 70
bicycle 0.0110 -5 87 102 481
bicycle 0.0083 186 51 230 84
bicycle 0.0073 206 43 264 75
bicycle 0.0061 44 242 383 492
bicycle 0.0040 271 26 319 69
bicycle 0.0031 180 205 373 449
bicycle 0.0022 -3 198 21 386
bicycle 0.0017 261 42 324 76
bottle 0.0425 198 64 232 117
bottle 0.0350 189 61 222 112
bottle 0.0255 184 54 245 130
bottle 0.0210 198 107 244 143
bottle 0.0187 185 79 251 177
bottle 0.0115 188 75 226 129
bottle 0.0082 176 65 214 119
bottle 0.0052 185 121 232 159
bottle 0.0044 196 88 246 129
bottle 0.0020 211 103 259 141
bottle 0.0017 157 393 219 488
bottle 0.0010 212 104 231 147
car 0.0064 279 158 376 353
chair 0.0142 44 322 213 496
chair 0.0023 2 168 139 481
chair 0.0018 84 349 169 451
motorbike 0.0270 176 97 370 405
motorbike 0.0154 0 304 315 510
motorbike 0.0039 274 168 377 402
motorbike 0.0024 40 136 334 515
motorbike 0.0017 218 201 372 450
motorbike 0.0013 35 251 219 489
motorbike 0.0012 19 81 238 418
person 0.9661 112 23 249 328
person 0.4199 253 1 299 65
person 0.1250 4 436 63 498
person 0.0334 188 43 356 386
person 0.0247 -2 -25 97 446
person 0.0127 269 4 289 54
person 0.0112 258 -5 297 40
person 0.0100 69 67 304 499
person 0.0084 194 0 298 61
person 0.0081 106 13 266 184
person 0.0074 159 47 228 134
person 0.0073 152 19 277 255
person 0.0072 145 8 237 99
person 0.0061 187 116 251 222
person 0.0052 74 271 126 370
person 0.0052 133 2 167 57
person 0.0046 11 437 52 479
person 0.0043 217 4 276 46
person 0.0040 34 94 160 410
person 0.0036 22 439 117 503
person 0.0034 186 0 226 51
person 0.0033 254 -3 336 60
person 0.0032 273 1 317 49
person 0.0029 20 28 248 397
person 0.0025 45 451 93 498
person 0.0022 20 359 192 508
person 0.0022 -1 0 85 199
person 0.0017 195 5 247 48
person 0.0017 4 428 39 483
person 0.0013 259 3 280 55
person 0.0012 33 409 110 491
person 0.0011 180 388 246 484
person 0.0010 277 64 382 366
person 0.0010 81 289 120 349
person 0.0010 -1 -18 43 436
person 0.0010 242 161 306 262
person 0.0010 136 -2 240 59
person 0.0010 -3 436 23 503
tvmonitor 0.0235 298 202 365 294
tvmonitor 0.0067 310 216 354 266
tvmonitor 0.0065 291 214 326 255
tvmonitor 0.0010 296 218 314 253
