bottle 0.0030 332 112 350 133
bottle 0.0015 308 108 327 134
car 0.0091 139 211 439 334
car 0.0036 101 128 178 194
car 0.0025 134 105 260 347
car 0.0023 271 242 382 301
car 0.0019 91 164 115 176
car 0.0019 113 138 165 182
car 0.0018 405 36 500 115
car 0.0017 119 157 140 168
chair 0.0086 0 192 28 240
chair 0.0050 105 215 253 370
chair 0.0038 117 104 298 273
chair 0.0033 77 193 136 296
chair 0.0026 200 114 295 205
chair 0.0023 83 191 125 236
chair 0.0022 74 172 134 254
chair 0.0018 -3 134 37 242
chair 0.0015 50 198 158 354
chair 0.0014 160 141 254 226
chair 0.0013 74 188 205 363
chair 0.0012 0 142 108 230
chair 0.0011 100 211 157 335
person 0.9691 131 133 243 366
person 0.2893 297 79 334 130
person 0.0403 315 79 347 134
person 0.0181 373 72 404 129
person 0.0141 289 90 308 124
person 0.0070 295 81 342 162
person 0.0042 280 78 315 129
person 0.0033 271 65 320 141
person 0.0029 289 100 307 139
person 0.0027 304 91 330 124
person 0.0024 139 126 210 198
person 0.0022 168 188 241 304
person 0.0022 306 79 330 100
person 0.0020 295 252 363 289
person 0.0016 145 179 214 310
person 0.0016 1 190 22 234
person 0.0016 136 138 220 231
person 0.0015 228 -3 337 45
person 0.0015 219 0 292 30
person 0.0014 249 0 317 32
person 0.0014 335 250 383 288
person 0.0013 378 73 399 90
person 0.0012 244 96 261 120
person 0.0011 483 70 500 116
pottedplant 0.0064 225 90 260 126
pottedplant 0.0052 303 93 337 143
pottedplant 0.0052 244 4 318 84
pottedplant 0.0045 235 25 280 119
pottedplant 0.0037 254 27 307 118
pottedplant 0.0028 224 2 293 88
pottedplant 0.0016 187 -9 387 98
pottedplant 0.0016 221 71 278 134
pottedplant 0.0012 262 49 299 98
pottedplant 0.0012 186 96 209 119
pottedplant 0.0011 241 48 275 101
pottedplant 0.0011 291 6 367 79
train 0.0325 190 44 461 267
train 0.0051 154 90 339 230
train 0.0023 294 23 502 285
train 0.0010 125 173 460 325
