bottle 0.3868 217 247 248 337
bottle 0.0365 168 265 209 336
bottle 0.0156 220 238 251 292
bottle 0.0147 221 271 245 324
bottle 0.0072 49 326 89 361
bottle 0.0064 162 270 196 317
bottle 0.0044 147 277 209 354
bottle 0.0034 229 214 276 313
bottle 0.0028 174 291 204 335
bottle 0.0015 208 263 240 310
bottle 0.0010 215 290 248 336
chair 0.1160 348 272 399 365
chair 0.0792 -2 93 32 216
chair 0.0507 82 61 133 125
chair 0.0496 96 60 135 98
chair 0.0461 31 69 106 131
chair 0.0322 -4 60 97 242
chair 0.0253 2 84 93 162
chair 0.0202 8 110 78 197
chair 0.0200 91 68 127 112
chair 0.0170 -3 57 39 137
chair 0.0164 -3 55 42 245
chair 0.0126 28 79 75 115
chair 0.0124 10 69 130 183
chair 0.0106 0 76 34 117
chair 0.0104 0 100 31 147
chair 0.0089 361 205 397 331
chair 0.0067 48 75 93 119
chair 0.0059 301 260 407 367
chair 0.0059 0 78 15 100
chair 0.0057 0 130 30 181
chair 0.0057 4 42 39 90
chair 0.0048 0 155 26 315
chair 0.0046 256 223 376 356
chair 0.0045 38 56 176 200
chair 0.0042 0 67 12 109
chair 0.0040 4 141 87 328
chair 0.0038 -1 125 44 166
chair 0.0034 5 169 151 350
chair 0.0034 20 101 75 138
chair 0.0033 0 89 12 202
chair 0.0027 -3 98 46 131
chair 0.0025 0 73 47 101
chair 0.0024 103 67 120 110
chair 0.0024 272 282 363 356
chair 0.0022 22 46 63 89
chair 0.0021 49 220 103 306
chair 0.0019 -1 94 15 110
chair 0.0019 64 81 146 162
chair 0.0018 96 54 134 81
chair 0.0017 94 65 171 132
chair 0.0017 102 65 128 84
chair 0.0016 -1 233 27 351
chair 0.0016 358 294 395 346
chair 0.0015 22 132 66 178
chair 0.0015 30 118 112 186
chair 0.0014 361 268 396 317
chair 0.0014 139 74 180 105
chair 0.0012 14 82 34 98
chair 0.0012 328 238 386 348
chair 0.0011 49 56 90 91
chair 0.0011 251 245 333 337
chair 0.0011 103 59 129 73
chair 0.0010 95 73 109 111
chair 0.0010 -3 84 23 123
chair 0.0010 15 182 70 294
chair 0.0010 84 81 115 119
diningtable 0.3961 45 270 409 367
diningtable 0.0120 1 279 272 359
diningtable 0.0110 2 313 341 367
diningtable 0.0077 193 277 267 350
diningtable 0.0025 26 225 185 355
diningtable 0.0018 -3 65 152 243
diningtable 0.0011 69 323 272 362
person 0.9644 222 57 368 358
person 0.8577 32 97 190 315
person 0.0174 296 63 394 354
person 0.0077 56 66 261 305
person 0.0046 -9 16 51 181
person 0.0036 241 166 388 354
person 0.0031 0 185 24 339
person 0.0027 3 172 87 347
person 0.0027 112 118 350 355
person 0.0023 355 79 400 339
person 0.0017 368 149 397 271
person 0.0016 256 45 379 224
pottedplant 0.1790 3 -1 64 90
pottedplant 0.0457 0 21 46 105
pottedplant 0.0253 0 11 84 128
pottedplant 0.0173 16 0 61 30
pottedplant 0.0082 13 53 127 154
pottedplant 0.0068 15 17 57 63
pottedplant 0.0067 5 19 41 66
pottedplant 0.0054 42 40 103 107
pottedplant 0.0053 7 -2 67 43
pottedplant 0.0026 16 -9 130 98
pottedplant 0.0026 55 55 94 92
pottedplant 0.0018 43 -2 105 89
pottedplant 0.0016 2 0 43 31
pottedplant 0.0013 -1 -8 47 50
pottedplant 0.0012 27 5 51 29
