bicycle 0.2518 146 197 276 354
bus 0.0078 -6 0 63 25
car 0.5598 52 48 193 98
car 0.4117 7 38 92 86
car 0.0089 7 45 57 83
car 0.0050 1 66 18 84
car 0.0047 144 58 196 94
car 0.0040 0 44 12 86
car 0.0028 0 57 15 78
car 0.0016 116 48 219 97
car 0.0013 -3 18 60 84
car 0.0010 -1 31 52 70
car 0.0010 2 44 26 86
person 0.9954 156 110 261 332
person 0.0121 356 31 371 64
person 0.0054 355 26 371 51
person 0.0012 145 84 326 303
person 0.0010 343 23 385 61
pottedplant 0.0451 314 85 356 114
pottedplant 0.0228 359 90 379 105
pottedplant 0.0096 326 98 353 122
pottedplant 0.0072 340 87 381 114
pottedplant 0.0029 271 96 319 123
pottedplant 0.0026 281 87 306 105
pottedplant 0.0021 300 81 345 109
pottedplant 0.0019 342 98 360 117
pottedplant 0.0017 360 94 383 111
pottedplant 0.0014 302 76 366 114
pottedplant 0.0013 356 83 386 109
pottedplant 0.0013 306 86 335 104
pottedplant 0.0011 292 91 350 122
pottedplant 0.0011 349 89 368 105
pottedplant 0.0010 277 81 315 109
