aeroplane 0.0029 257 39 472 166
aeroplane 0.0016 319 64 416 135
aeroplane 0.0012 341 84 393 123
bicycle 0.0054 411 237 452 266
bicycle 0.0024 448 236 490 267
bicycle 0.0023 374 232 413 267
bicycle 0.0020 458 241 478 263
bicycle 0.0020 421 240 443 264
bicycle 0.0013 387 237 437 266
boat 0.0014 459 38 500 163
car 0.0010 116 146 169 175
person 0.9641 53 127 158 359
person 0.2084 337 175 383 267
person 0.1373 311 171 363 267
person 0.0950 379 175 418 267
person 0.0206 2 160 38 271
person 0.0198 425 174 474 266
person 0.0137 -1 178 11 268
person 0.0121 64 104 182 289
person 0.0102 11 132 117 355
person 0.0100 261 154 396 278
person 0.0097 48 132 292 354
person 0.0080 123 135 163 169
person 0.0079 454 170 490 265
person 0.0072 231 167 278 270
person 0.0067 384 183 404 261
person 0.0066 270 167 319 267
person 0.0056 189 169 235 268
person 0.0050 148 140 350 290
person 0.0032 -1 204 8 294
person 0.0028 318 188 356 248
person 0.0023 145 191 203 284
person 0.0020 337 156 464 280
person 0.0019 4 184 33 249
person 0.0017 6 215 36 266
person 0.0017 101 130 175 180
person 0.0017 0 108 8 254
person 0.0014 124 139 158 160
person 0.0013 120 139 141 159
person 0.0013 384 227 402 272
person 0.0012 387 154 496 280
person 0.0011 349 187 368 257
person 0.0011 386 215 418 269
person 0.0011 459 234 477 269
sofa 0.0454 13 159 489 385
sofa 0.0017 210 164 450 310
sofa 0.0011 129 223 515 371
