bottle 0.0022 181 335 232 375
chair 0.0145 4 227 116 373
chair 0.0083 -3 193 39 360
chair 0.0029 22 231 246 371
chair 0.0027 245 156 472 370
chair 0.0024 0 127 53 367
chair 0.0022 28 158 312 370
chair 0.0015 466 196 501 352
chair 0.0014 381 176 494 367
person 0.8699 38 70 297 366
person 0.8630 218 51 453 389
person 0.0397 81 33 417 350
person 0.0044 36 276 237 371
person 0.0032 380 0 407 15
person 0.0025 1 261 124 379
person 0.0020 357 0 392 15
person 0.0017 419 0 444 14
person 0.0016 401 0 429 14
person 0.0014 250 45 417 221
person 0.0010 5 122 192 368
person 0.0010 346 0 376 16
tvmonitor 0.0026 293 -3 444 42
tvmonitor 0.0012 259 -23 475 60
