bus 0.9952 32 130 234 290
bus 0.9710 374 167 452 250
bus 0.9286 245 142 376 269
bus 0.3817 -1 142 49 238
bus 0.0337 -17 136 139 279
bus 0.0267 -9 118 61 265
bus 0.0222 379 175 443 217
bus 0.0184 185 169 239 263
bus 0.0173 432 193 511 227
bus 0.0159 1 166 44 213
bus 0.0145 8 146 91 230
bus 0.0096 244 207 262 248
bus 0.0074 443 161 500 227
bus 0.0070 451 176 495 212
bus 0.0066 43 153 147 226
bus 0.0058 418 179 522 218
bus 0.0058 343 193 362 205
bus 0.0051 145 140 263 284
bus 0.0044 233 204 254 220
bus 0.0042 268 158 457 256
bus 0.0040 1 191 40 239
bus 0.0038 488 184 500 238
bus 0.0038 364 187 382 204
bus 0.0037 76 149 185 224
bus 0.0034 239 198 270 239
bus 0.0026 193 193 235 243
bus 0.0025 0 166 14 222
bus 0.0024 25 170 77 206
bus 0.0023 61 169 122 200
bus 0.0021 236 206 250 246
bus 0.0020 463 188 506 233
bus 0.0020 399 178 471 210
bus 0.0019 407 191 463 236
bus 0.0014 332 169 398 253
bus 0.0014 327 179 384 211
bus 0.0013 232 175 277 255
bus 0.0012 264 171 325 204
bus 0.0011 351 174 388 205
bus 0.0011 377 201 447 263
bus 0.0010 194 171 235 209
car 0.0319 454 198 496 235
car 0.0312 241 222 266 247
car 0.0260 234 215 252 233
car 0.0223 444 208 502 241
car 0.0193 241 216 264 238
car 0.0062 238 224 255 247
car 0.0061 483 201 499 218
car 0.0029 238 216 266 261
car 0.0029 488 203 500 244
car 0.0028 484 213 501 234
car 0.0017 231 208 260 243
car 0.0013 187 196 238 278
car 0.0012 452 216 485 236
car 0.0012 216 215 233 232
car 0.0012 453 200 490 214
person 0.0040 132 173 157 192
person 0.0036 325 184 350 199
person 0.0018 396 188 422 201
person 0.0014 112 171 136 192
person 0.0012 118 162 165 195
person 0.0011 148 174 168 190
person 0.0011 100 145 163 178
person 0.0011 293 126 314 144
person 0.0011 388 189 408 204
person 0.0010 115 161 133 198
train 0.0011 13 161 207 307
