bottle 0.8367 400 202 436 348
bottle 0.1189 378 228 448 361
bottle 0.0188 386 278 439 375
bottle 0.0138 341 112 400 196
bottle 0.0137 398 290 482 372
bottle 0.0110 402 221 433 283
bottle 0.0085 407 236 459 363
bottle 0.0080 367 112 383 157
bottle 0.0057 353 111 391 157
bottle 0.0056 488 272 500 353
bottle 0.0055 449 290 498 368
bottle 0.0042 340 116 380 157
bottle 0.0035 368 222 502 380
bottle 0.0033 404 189 461 302
bottle 0.0031 456 196 494 348
bottle 0.0023 365 110 389 133
bottle 0.0022 355 109 450 205
bottle 0.0020 348 113 368 161
bottle 0.0017 488 212 499 348
bottle 0.0016 350 124 389 180
bottle 0.0015 374 341 443 374
bottle 0.0014 397 256 431 336
bottle 0.0010 411 239 448 301
bottle 0.0010 419 306 465 355
car 0.0033 201 357 315 376
chair 0.0539 22 168 249 376
chair 0.0014 3 161 118 375
diningtable 0.0087 186 279 543 377
diningtable 0.0055 330 331 488 374
diningtable 0.0054 316 277 497 376
diningtable 0.0040 263 326 549 385
diningtable 0.0032 178 165 457 374
diningtable 0.0018 57 223 363 368
person 0.6437 22 28 333 350
person 0.6273 372 101 497 276
person 0.6261 194 95 439 339
person 0.0486 189 43 381 276
person 0.0447 440 88 496 336
person 0.0189 41 117 471 365
person 0.0123 13 23 186 301
person 0.0100 350 141 478 352
person 0.0095 450 93 498 226
person 0.0054 279 69 463 259
person 0.0042 461 155 495 332
person 0.0035 489 167 499 339
person 0.0032 0 48 134 380
person 0.0024 217 35 339 222
person 0.0012 489 100 500 232
pottedplant 0.0026 181 36 334 221
