bottle 0.0017 482 35 499 97
bottle 0.0014 453 53 492 97
car 0.0527 433 3 504 88
car 0.0291 381 -3 506 94
car 0.0024 455 40 499 91
car 0.0019 446 18 498 64
car 0.0019 388 -2 505 46
car 0.0015 413 15 496 119
car 0.0012 439 3 495 32
car 0.0011 485 8 500 92
chair 0.0607 -4 17 121 289
chair 0.0032 15 48 103 156
chair 0.0030 -4 9 69 245
chair 0.0029 10 0 107 83
chair 0.0026 71 164 498 365
chair 0.0018 0 38 48 169
chair 0.0012 439 -5 503 211
chair 0.0011 0 20 10 137
chair 0.0010 120 2 226 70
diningtable 0.5598 -3 3 135 202
diningtable 0.0091 6 5 251 197
diningtable 0.0064 -1 -4 189 100
diningtable 0.0016 52 48 136 153
diningtable 0.0011 43 0 148 83
person 0.9479 164 5 490 371
person 0.1392 -30 32 462 405
person 0.0036 32 165 458 365
person 0.0032 73 -5 199 45
person 0.0024 111 -6 475 221
person 0.0023 224 164 502 364
person 0.0016 164 -3 492 99
person 0.0016 102 -1 171 32
person 0.0014 3 -4 48 89
person 0.0013 385 -2 503 209
person 0.0010 356 3 514 369
