boat 0.0057 17 148 69 174
bus 0.9806 20 58 479 280
bus 0.1140 239 71 470 264
bus 0.0286 466 122 499 210
bus 0.0176 469 149 498 189
bus 0.0150 486 136 499 212
bus 0.0108 52 80 304 289
bus 0.0076 484 108 499 185
bus 0.0054 466 126 504 167
bus 0.0043 418 118 484 211
bus 0.0036 393 99 493 230
bus 0.0025 480 139 499 156
bus 0.0016 474 156 499 214
bus 0.0016 162 136 490 286
bus 0.0012 442 148 504 195
bus 0.0010 258 139 323 195
car 0.2331 6 171 51 199
car 0.1439 23 168 66 198
car 0.0906 489 177 499 214
car 0.0770 17 152 68 193
car 0.0390 4 159 61 205
car 0.0370 2 176 23 195
car 0.0306 1 169 16 202
car 0.0254 470 171 498 208
car 0.0151 8 181 45 203
car 0.0066 8 176 37 194
car 0.0053 13 169 36 202
car 0.0035 37 177 64 196
car 0.0029 1 178 28 207
car 0.0023 484 174 499 199
car 0.0020 34 151 64 164
car 0.0020 1 183 19 202
car 0.0016 289 173 316 185
car 0.0014 43 166 78 200
car 0.0012 486 196 499 214
car 0.0011 29 181 63 202
person 0.0577 113 146 156 178
person 0.0478 104 147 140 189
person 0.0416 107 146 128 173
person 0.0237 108 152 129 186
person 0.0150 101 138 173 191
person 0.0148 380 144 416 179
person 0.0113 387 147 408 177
person 0.0088 102 147 123 168
person 0.0083 118 164 166 198
person 0.0067 186 145 225 181
person 0.0064 150 144 196 178
person 0.0062 98 163 146 198
person 0.0054 269 151 315 183
person 0.0036 80 146 122 183
person 0.0031 400 145 418 176
person 0.0028 110 143 130 158
person 0.0027 108 129 157 163
person 0.0026 19 152 33 167
person 0.0021 136 131 207 194
person 0.0019 136 148 181 190
person 0.0019 351 144 398 178
person 0.0018 129 152 155 187
person 0.0018 169 139 189 179
person 0.0018 97 116 174 175
person 0.0017 275 201 321 273
person 0.0017 300 153 347 182
person 0.0017 228 148 272 183
person 0.0016 176 131 234 196
person 0.0016 206 159 222 179
person 0.0016 423 187 442 237
person 0.0015 126 147 154 172
person 0.0013 111 163 133 198
person 0.0012 64 135 139 196
person 0.0012 303 202 324 267
person 0.0011 55 150 70 164
person 0.0011 358 163 386 182
person 0.0011 289 217 309 273
person 0.0010 341 152 386 179
person 0.0010 81 151 96 165
