car 0.0040 306 233 365 269
car 0.0014 298 235 325 247
car 0.0011 362 209 375 228
person 0.9968 137 95 251 412
person 0.2797 48 171 75 239
person 0.2616 340 230 374 291
person 0.0402 38 179 68 235
person 0.0091 72 205 91 228
person 0.0051 23 195 53 235
person 0.0031 59 205 102 236
person 0.0029 150 112 332 399
person 0.0024 360 231 374 290
person 0.0023 87 207 110 234
person 0.0020 75 204 115 237
person 0.0020 32 197 46 236
person 0.0014 54 192 69 238
person 0.0011 1 190 34 233
person 0.0010 0 204 14 225
person 0.0010 42 176 58 229
