car 0.0014 322 3 411 27
chair 0.0308 77 17 128 49
chair 0.0080 30 14 67 56
chair 0.0077 153 3 208 34
chair 0.0058 85 0 128 46
chair 0.0045 67 10 135 59
chair 0.0037 98 2 151 37
chair 0.0026 139 -2 221 45
chair 0.0026 193 10 216 30
chair 0.0022 169 8 198 28
chair 0.0021 173 5 228 33
chair 0.0017 83 -4 165 48
chair 0.0014 98 17 149 52
chair 0.0013 65 33 115 61
chair 0.0012 152 8 177 28
chair 0.0011 66 1 113 43
chair 0.0010 53 8 72 28
motorbike 0.7829 119 58 395 373
motorbike 0.0038 31 123 330 360
person 0.9915 179 10 341 303
person 0.0638 77 25 372 354
person 0.0430 30 -1 72 33
person 0.0240 76 0 124 37
person 0.0088 39 1 60 44
person 0.0087 36 0 59 17
person 0.0081 18 4 74 74
person 0.0078 20 -4 80 45
person 0.0056 26 6 59 56
person 0.0023 -9 12 192 299
person 0.0016 202 12 427 255
pottedplant 0.0888 3 1 52 78
pottedplant 0.0668 0 5 24 27
pottedplant 0.0597 3 0 49 37
pottedplant 0.0176 4 36 176 167
pottedplant 0.0156 2 -1 21 41
pottedplant 0.0146 0 9 49 128
pottedplant 0.0127 13 0 40 17
pottedplant 0.0121 13 7 34 25
pottedplant 0.0077 -1 7 27 61
pottedplant 0.0061 38 5 59 27
pottedplant 0.0057 0 2 27 19
pottedplant 0.0053 -3 -2 32 25
pottedplant 0.0048 16 35 90 113
pottedplant 0.0035 15 53 106 138
pottedplant 0.0026 -3 9 117 140
pottedplant 0.0024 32 53 80 93
pottedplant 0.0022 446 24 494 58
pottedplant 0.0020 16 23 35 45
pottedplant 0.0020 0 21 20 43
pottedplant 0.0016 14 0 34 39
pottedplant 0.0015 77 39 103 53
pottedplant 0.0012 -7 -1 58 195
pottedplant 0.0012 5 45 44 95
pottedplant 0.0011 -10 -17 60 108
