boat 0.0018 1 192 41 238
boat 0.0015 1 144 44 239
bottle 0.0010 425 271 441 285
car 0.0632 7 242 55 260
car 0.0468 15 244 83 266
car 0.0178 359 267 425 290
car 0.0102 0 243 23 257
car 0.0072 23 248 68 261
car 0.0063 28 241 97 272
car 0.0054 69 252 141 273
car 0.0037 117 256 144 270
car 0.0023 18 219 98 278
car 0.0015 84 256 130 268
car 0.0014 -3 238 33 261
car 0.0013 31 249 140 279
car 0.0012 395 271 423 290
car 0.0012 0 232 17 249
car 0.0012 -6 222 58 270
car 0.0012 60 239 136 270
person 0.9380 142 102 218 329
person 0.6424 291 135 355 332
person 0.6255 33 133 83 284
person 0.2227 414 88 496 348
person 0.0132 484 107 499 162
person 0.0068 75 102 210 332
person 0.0065 468 98 498 148
person 0.0054 462 85 500 165
person 0.0038 -1 165 11 256
person 0.0036 488 90 500 270
person 0.0031 238 111 359 339
person 0.0025 411 88 482 166
person 0.0024 29 136 142 297
person 0.0023 457 103 498 272
person 0.0019 168 111 321 330
person 0.0019 345 80 475 302
person 0.0017 287 139 422 339
person 0.0016 482 123 500 148
person 0.0016 482 109 500 136
person 0.0013 439 42 504 290
person 0.0013 417 106 476 270
person 0.0012 422 102 468 147
person 0.0011 0 132 10 228
