cow 0.1202 9 1 263 280
cow 0.0020 -16 63 141 320
dog 0.0158 32 131 307 297
dog 0.0015 131 150 197 229
dog 0.0010 91 207 177 264
motorbike 0.0176 29 16 550 313
person 0.3395 6 -4 329 287
person 0.3351 255 14 490 268
person 0.0962 45 97 291 285
person 0.0937 264 5 369 67
person 0.0811 18 -3 100 71
person 0.0797 400 -6 473 74
person 0.0590 316 -1 406 65
person 0.0571 375 -3 446 70
person 0.0461 55 -1 116 68
person 0.0409 454 -2 497 78
person 0.0387 162 75 496 304
person 0.0094 267 0 453 74
person 0.0093 133 129 190 201
person 0.0083 212 0 300 71
person 0.0078 105 0 165 76
person 0.0075 269 -2 318 31
person 0.0072 7 12 197 227
person 0.0066 126 -6 374 79
person 0.0062 0 -5 50 75
person 0.0054 247 -4 340 43
person 0.0045 69 9 106 58
person 0.0038 339 0 385 37
person 0.0027 286 17 351 57
person 0.0026 85 -14 493 250
person 0.0025 142 142 183 187
person 0.0024 462 13 496 63
person 0.0023 340 11 387 55
person 0.0019 273 0 292 35
person 0.0019 228 0 283 32
person 0.0017 -2 -8 59 284
person 0.0016 287 7 310 27
person 0.0015 294 0 360 30
person 0.0014 288 -3 340 24
person 0.0013 173 -2 248 74
person 0.0012 126 37 159 76
person 0.0012 -6 -3 181 83
person 0.0012 285 -1 311 19
person 0.0010 188 -1 402 130
person 0.0010 483 11 500 78
