cat 0.0311 109 86 229 155
cat 0.0233 37 62 247 189
cat 0.0015 89 76 182 135
chair 0.0030 0 0 33 110
dog 0.1355 102 76 236 169
dog 0.0017 79 68 259 232
motorbike 0.0126 11 0 109 59
person 0.4461 289 72 452 188
person 0.0438 133 39 447 170
person 0.0327 46 47 528 303
person 0.0326 48 1 133 53
person 0.0258 80 0 126 34
person 0.0129 125 0 169 27
person 0.0107 38 45 243 175
person 0.0102 277 68 363 145
person 0.0087 251 70 338 138
person 0.0057 182 47 479 250
person 0.0048 135 -3 188 21
person 0.0047 -1 22 194 235
person 0.0033 69 10 120 47
person 0.0028 248 56 332 114
person 0.0028 94 -2 177 34
person 0.0027 343 86 455 165
person 0.0024 78 0 134 19
person 0.0024 31 0 94 30
person 0.0022 2 -6 39 78
person 0.0014 92 0 123 12
person 0.0014 107 0 133 11
person 0.0013 314 76 413 140
person 0.0013 131 0 164 12
person 0.0012 264 64 316 99
person 0.0012 24 20 317 150
person 0.0012 -3 0 50 256
person 0.0010 116 -5 208 30
sofa 0.0336 12 89 566 304
