aeroplane 0.0011 157 32 241 71
aeroplane 0.0011 146 21 273 74
bicycle 0.8522 27 231 85 314
bicycle 0.0262 7 212 101 332
bicycle 0.0147 32 254 77 303
bicycle 0.0041 32 221 79 274
bicycle 0.0030 3 222 56 320
bicycle 0.0015 38 271 81 313
bicycle 0.0011 48 230 127 309
bicycle 0.0010 49 248 72 312
bird 0.0248 158 33 197 71
bird 0.0068 163 37 194 61
bird 0.0018 126 45 146 63
bird 0.0015 154 41 183 60
car 0.0030 166 272 313 316
chair 0.0139 151 32 195 64
chair 0.0025 138 23 210 73
chair 0.0013 190 244 291 306
person 0.9474 267 204 325 298
person 0.8495 208 200 265 279
person 0.0113 193 196 297 290
person 0.0096 221 196 263 253
person 0.0094 202 217 245 265
person 0.0072 276 210 314 264
person 0.0066 215 229 256 274
person 0.0027 276 236 316 293
person 0.0024 189 180 242 271
person 0.0021 247 215 339 317
person 0.0018 365 224 389 249
person 0.0015 158 208 204 277
person 0.0014 376 191 426 234
person 0.0013 296 218 331 274
person 0.0011 443 210 467 234
pottedplant 0.0045 169 187 200 229
pottedplant 0.0045 168 206 198 239
pottedplant 0.0027 172 182 197 207
pottedplant 0.0025 157 179 201 264
pottedplant 0.0018 211 203 229 221
pottedplant 0.0014 159 171 198 213
pottedplant 0.0013 154 169 176 189
pottedplant 0.0012 169 196 192 219
pottedplant 0.0012 195 197 236 245
tvmonitor 0.0018 163 223 198 266
tvmonitor 0.0016 168 239 207 267
