bottle 0.0087 464 265 479 287
bottle 0.0057 456 313 478 331
bottle 0.0055 424 202 471 279
bottle 0.0042 436 208 456 266
bottle 0.0035 439 311 461 332
bottle 0.0025 330 217 346 235
bottle 0.0023 429 201 449 250
bottle 0.0016 487 290 499 357
bottle 0.0014 464 173 480 193
bottle 0.0013 460 221 477 249
chair 0.0013 -1 279 201 375
chair 0.0012 4 169 187 369
diningtable 0.0067 239 275 491 380
person 0.9157 294 182 375 258
person 0.3388 0 162 48 377
person 0.0622 424 141 456 187
person 0.0268 260 147 282 174
person 0.0235 485 197 500 247
person 0.0180 305 187 360 242
person 0.0149 21 151 44 178
person 0.0142 486 135 500 198
person 0.0137 2 156 36 286
person 0.0132 459 217 475 262
person 0.0090 463 190 495 296
person 0.0076 0 167 117 373
person 0.0067 4 142 189 347
person 0.0060 433 153 454 202
person 0.0056 425 152 445 203
person 0.0036 2 231 35 374
person 0.0031 0 169 15 307
person 0.0031 485 192 500 308
person 0.0028 264 145 302 178
person 0.0023 426 137 451 165
person 0.0020 434 138 458 173
person 0.0019 488 161 501 224
person 0.0017 429 209 463 265
person 0.0016 426 140 465 228
person 0.0016 204 155 392 284
person 0.0014 488 72 499 200
person 0.0014 459 288 496 373
person 0.0013 485 58 500 132
person 0.0013 31 -1 395 314
person 0.0012 277 167 425 277
person 0.0012 459 117 496 208
person 0.0012 485 168 499 195
person 0.0012 6 163 37 206
person 0.0011 426 180 469 270
person 0.0011 485 197 500 223
person 0.0011 7 140 39 182
person 0.0010 17 169 33 216
person 0.0010 466 214 494 270
pottedplant 0.0027 285 255 365 286
pottedplant 0.0020 270 242 382 293
pottedplant 0.0015 331 255 405 286
tvmonitor 0.9693 236 46 430 162
tvmonitor 0.9421 8 46 201 160
tvmonitor 0.0456 418 62 484 136
tvmonitor 0.0288 52 39 271 211
tvmonitor 0.0077 0 42 41 151
tvmonitor 0.0073 210 -3 449 107
tvmonitor 0.0052 430 75 477 117
tvmonitor 0.0046 294 216 365 255
tvmonitor 0.0043 39 57 155 138
tvmonitor 0.0042 3 29 198 280
tvmonitor 0.0039 299 234 370 263
tvmonitor 0.0032 394 30 502 177
tvmonitor 0.0029 269 58 390 136
tvmonitor 0.0027 11 1 326 308
tvmonitor 0.0024 306 40 489 159
tvmonitor 0.0015 450 49 493 154
tvmonitor 0.0013 3 72 36 122
tvmonitor 0.0013 142 334 290 376
tvmonitor 0.0013 28 287 396 375
tvmonitor 0.0012 18 59 112 133
tvmonitor 0.0012 24 4 240 97
tvmonitor 0.0011 171 305 264 367
tvmonitor 0.0011 218 59 438 244
