bottle 0.0011 174 267 223 299
chair 0.0233 4 32 107 113
chair 0.0203 140 1 190 45
chair 0.0139 106 0 182 30
chair 0.0131 0 62 48 338
chair 0.0099 -9 69 131 392
chair 0.0072 -1 87 36 249
chair 0.0030 38 34 143 108
chair 0.0019 91 1 165 42
chair 0.0016 155 2 180 46
chair 0.0014 150 16 282 84
chair 0.0013 35 14 158 86
chair 0.0012 12 59 98 141
chair 0.0012 1 47 36 159
chair 0.0010 24 52 90 97
chair 0.0010 116 18 174 58
diningtable 0.0047 -12 241 433 399
dog 0.0097 210 60 292 153
dog 0.0077 163 22 411 189
dog 0.0058 246 59 323 146
dog 0.0045 207 31 296 108
dog 0.0021 120 189 457 384
dog 0.0018 286 136 356 259
dog 0.0012 259 50 318 97
dog 0.0012 313 147 422 249
person 0.8647 279 29 454 311
person 0.7584 20 39 243 415
person 0.1963 224 90 364 297
person 0.1009 321 126 463 337
person 0.0722 192 81 394 369
person 0.0701 71 35 346 307
person 0.0067 373 45 495 360
person 0.0059 262 130 330 265
person 0.0057 0 -3 58 24
person 0.0035 0 23 40 128
person 0.0030 6 0 54 11
person 0.0030 148 22 425 269
person 0.0029 484 3 501 47
person 0.0025 26 0 69 10
person 0.0024 0 51 13 120
person 0.0023 35 11 233 223
person 0.0020 462 363 501 397
person 0.0016 8 0 80 15
person 0.0016 460 0 501 43
person 0.0015 0 0 9 107
person 0.0015 488 136 499 303
person 0.0013 73 133 423 382
person 0.0011 1 0 26 13
person 0.0010 0 68 13 157
person 0.0010 459 305 502 399
person 0.0010 119 29 165 71
sheep 0.1077 179 10 408 87
sheep 0.0362 329 7 477 70
sheep 0.0323 272 136 453 372
sheep 0.0260 336 4 392 40
sheep 0.0258 241 32 340 109
sheep 0.0249 202 21 446 129
sheep 0.0191 393 4 497 75
sheep 0.0181 271 27 456 205
sheep 0.0125 310 10 422 63
sheep 0.0101 379 0 508 153
sheep 0.0100 472 10 499 56
sheep 0.0097 339 19 394 55
sheep 0.0096 254 1 401 44
sheep 0.0073 286 2 369 33
sheep 0.0062 451 19 491 49
sheep 0.0057 247 -1 335 24
sheep 0.0055 400 29 498 114
sheep 0.0052 246 6 487 86
sheep 0.0051 406 0 479 36
sheep 0.0042 447 22 500 127
sheep 0.0042 365 21 438 57
sheep 0.0037 283 21 369 59
sheep 0.0035 228 32 276 73
sheep 0.0034 359 1 448 35
sheep 0.0032 203 22 297 81
sheep 0.0032 250 25 332 66
sheep 0.0031 458 0 499 84
sheep 0.0028 411 18 478 57
sheep 0.0020 484 11 502 54
sheep 0.0017 259 8 336 32
sheep 0.0015 483 6 501 32
sheep 0.0014 265 34 368 71
sheep 0.0014 313 -20 497 62
sheep 0.0013 448 9 496 42
sheep 0.0010 216 -17 440 56
sheep 0.0010 472 26 500 73
