bus 0.0267 371 345 437 368
bus 0.0243 322 339 418 365
bus 0.0214 331 346 398 366
bus 0.0144 357 348 390 359
bus 0.0119 77 356 206 378
bus 0.0079 410 345 476 368
bus 0.0073 443 339 502 367
bus 0.0071 138 347 198 373
bus 0.0062 295 347 362 368
bus 0.0060 346 349 372 362
bus 0.0043 303 322 409 364
bus 0.0041 128 358 231 377
bus 0.0035 100 350 172 373
bus 0.0033 349 336 461 371
bus 0.0028 381 350 404 360
bus 0.0027 307 353 402 376
bus 0.0023 148 366 181 374
bus 0.0019 50 357 156 377
bus 0.0017 61 349 125 374
bus 0.0014 154 330 173 373
bus 0.0014 106 364 142 374
bus 0.0013 369 321 458 364
bus 0.0013 360 353 465 377
bus 0.0012 119 334 217 373
bus 0.0012 123 365 161 374
bus 0.0012 179 344 233 373
bus 0.0010 312 339 329 369
bus 0.0010 389 335 495 371
car 0.0193 405 350 432 360
car 0.0072 417 351 439 361
car 0.0062 458 346 482 361
car 0.0059 322 350 348 362
car 0.0033 301 364 335 373
car 0.0033 482 346 499 365
car 0.0027 452 341 496 369
car 0.0027 319 363 354 372
car 0.0021 164 365 197 374
car 0.0018 440 350 464 360
car 0.0012 49 368 80 375
car 0.0011 89 366 120 375
car 0.0010 458 360 489 371
person 0.0374 252 338 299 372
person 0.0132 247 69 410 250
person 0.0123 312 346 331 364
person 0.0060 81 18 419 303
person 0.0059 266 334 289 374
person 0.0047 0 252 17 310
person 0.0047 226 330 298 374
person 0.0039 342 362 371 373
person 0.0037 -2 246 37 359
person 0.0028 56 259 116 346
person 0.0027 191 347 210 367
person 0.0025 253 335 276 374
person 0.0024 252 143 324 232
person 0.0019 141 295 198 371
person 0.0018 188 363 215 373
person 0.0017 280 110 379 202
person 0.0016 231 351 294 375
person 0.0015 212 347 231 365
person 0.0015 284 362 313 371
person 0.0014 62 268 106 320
person 0.0014 247 359 277 373
person 0.0013 486 333 500 372
person 0.0013 216 65 429 363
person 0.0012 264 359 290 373
person 0.0012 179 291 233 375
person 0.0011 206 364 233 373
person 0.0011 0 262 14 355
person 0.0011 225 363 252 374
person 0.0010 1 250 30 304
person 0.0010 58 254 108 304
person 0.0010 0 264 27 320
pottedplant 0.0043 443 250 495 362
