boat 0.0016 373 -1 510 39
boat 0.0015 391 2 493 28
person 0.8298 172 111 223 269
person 0.7057 248 126 316 293
person 0.2295 291 119 334 262
person 0.0064 270 120 357 293
person 0.0055 -2 27 45 114
person 0.0031 202 121 306 275
person 0.0028 85 -5 129 41
person 0.0022 238 182 286 296
person 0.0022 101 2 164 33
person 0.0021 172 2 191 16
person 0.0021 71 0 104 12
person 0.0020 268 119 321 210
person 0.0020 283 123 317 174
person 0.0019 0 46 40 93
person 0.0018 62 0 133 33
person 0.0016 -1 0 14 40
person 0.0016 92 0 122 15
person 0.0016 100 0 123 38
person 0.0016 100 -4 142 39
person 0.0015 -3 1 41 87
person 0.0014 1 21 34 62
person 0.0013 227 147 336 319
person 0.0013 38 0 155 41
person 0.0013 0 24 17 79
person 0.0013 238 134 290 253
person 0.0011 197 1 218 11
person 0.0010 259 139 296 188
person 0.0010 300 150 333 220
