bicycle 0.0551 122 287 455 375
bicycle 0.0075 369 -4 503 147
bicycle 0.0046 362 2 445 79
bicycle 0.0030 405 343 468 374
bicycle 0.0021 217 337 431 373
bicycle 0.0016 83 323 427 380
bicycle 0.0012 388 28 491 107
bicycle 0.0012 388 331 485 375
boat 0.0023 174 335 404 373
boat 0.0021 268 345 384 373
bottle 0.0013 176 81 226 103
bottle 0.0010 384 10 409 35
car 0.0126 71 2 98 11
car 0.0114 414 171 450 209
car 0.0097 0 3 26 14
car 0.0093 19 3 46 14
car 0.0072 35 3 64 14
car 0.0029 90 0 126 10
car 0.0024 116 0 143 12
car 0.0016 360 -8 503 104
car 0.0010 20 2 82 27
cow 0.0050 178 114 308 243
motorbike 0.0134 408 175 446 205
motorbike 0.0014 409 155 459 222
person 0.8952 182 82 239 178
person 0.3675 462 114 498 265
person 0.1116 229 -6 288 97
person 0.0600 250 -8 305 95
person 0.0296 0 193 47 301
person 0.0278 1 235 51 371
person 0.0278 176 -5 241 94
person 0.0261 162 70 260 200
person 0.0213 445 -10 502 270
person 0.0196 0 160 9 256
person 0.0188 194 -7 312 99
person 0.0173 -5 129 56 362
person 0.0150 156 120 213 239
person 0.0081 313 0 500 92
person 0.0071 149 341 208 372
person 0.0069 53 2 77 13
person 0.0063 163 6 263 138
person 0.0058 148 105 273 249
person 0.0053 -2 146 29 284
person 0.0046 76 1 126 31
person 0.0044 375 4 506 258
person 0.0043 215 128 294 228
person 0.0040 367 0 417 37
person 0.0037 466 154 498 221
person 0.0033 163 361 203 375
person 0.0032 0 277 39 376
person 0.0031 331 3 407 36
person 0.0029 0 142 10 329
person 0.0029 458 67 495 192
person 0.0028 151 84 224 180
person 0.0026 212 27 277 104
person 0.0025 484 145 499 243
person 0.0025 181 -2 235 33
person 0.0025 254 -1 311 35
person 0.0021 63 353 144 374
person 0.0021 163 349 255 373
person 0.0020 236 -1 326 49
person 0.0019 180 359 215 373
person 0.0019 0 250 13 366
person 0.0018 328 0 469 43
person 0.0018 239 15 279 69
person 0.0018 488 20 500 136
person 0.0018 104 -1 164 30
person 0.0017 -2 -9 47 323
person 0.0016 85 360 122 374
person 0.0015 229 -1 288 35
person 0.0014 189 80 231 130
person 0.0014 294 2 368 33
person 0.0014 2 233 16 299
person 0.0014 57 2 135 73
person 0.0014 198 130 233 173
person 0.0013 260 13 300 67
person 0.0012 131 -2 210 84
person 0.0012 383 5 407 36
person 0.0012 461 147 484 210
person 0.0011 310 347 417 374
person 0.0011 128 332 226 374
person 0.0010 95 -2 120 48
person 0.0010 90 1 178 77
pottedplant 0.0023 6 246 50 289
pottedplant 0.0019 -3 327 29 377
pottedplant 0.0017 8 225 75 315
pottedplant 0.0013 -2 226 96 377
pottedplant 0.0012 225 44 262 89
pottedplant 0.0010 -11 349 37 377
