bottle 0.0137 255 226 308 306
bottle 0.0119 205 240 271 305
bottle 0.0044 105 224 162 318
bottle 0.0027 152 232 209 312
bottle 0.0027 215 248 260 294
bottle 0.0022 197 251 247 293
bottle 0.0016 52 226 115 313
bottle 0.0014 265 238 303 289
bottle 0.0014 303 269 422 334
bottle 0.0012 366 304 442 333
chair 0.9869 196 83 306 242
chair 0.1634 245 89 314 187
chair 0.0940 211 89 297 156
chair 0.0908 145 63 289 227
chair 0.0790 -2 63 45 170
chair 0.0509 242 48 342 130
chair 0.0507 62 98 282 278
chair 0.0401 173 71 333 171
chair 0.0334 43 5 214 118
chair 0.0272 141 99 220 181
chair 0.0150 101 51 173 117
chair 0.0149 135 145 206 237
chair 0.0129 106 43 247 191
chair 0.0122 188 86 366 289
chair 0.0118 172 56 240 120
chair 0.0105 162 77 256 163
chair 0.0103 -10 4 133 170
chair 0.0095 184 139 250 243
chair 0.0094 138 32 203 104
chair 0.0079 -1 2 59 173
chair 0.0074 262 94 319 141
chair 0.0071 -5 42 51 234
chair 0.0070 211 56 300 129
chair 0.0066 42 25 219 205
chair 0.0063 181 65 231 93
chair 0.0053 9 198 122 338
chair 0.0043 26 250 103 332
chair 0.0039 128 -1 292 129
chair 0.0035 38 50 158 120
chair 0.0033 131 45 217 124
chair 0.0031 2 90 41 138
chair 0.0029 224 96 279 141
chair 0.0026 115 63 165 105
chair 0.0024 2 115 36 164
chair 0.0023 228 90 293 126
chair 0.0019 96 67 171 157
chair 0.0015 460 201 497 339
chair 0.0015 248 107 317 156
chair 0.0015 243 134 510 334
chair 0.0015 149 44 196 88
chair 0.0014 208 111 278 155
chair 0.0014 150 114 248 156
chair 0.0013 227 70 277 108
chair 0.0012 281 78 355 146
chair 0.0012 47 26 150 101
chair 0.0011 170 0 251 75
chair 0.0010 147 118 207 158
diningtable 0.6988 42 257 538 339
diningtable 0.2303 90 70 262 258
diningtable 0.2227 10 204 412 341
diningtable 0.0250 111 290 528 337
diningtable 0.0103 36 243 319 336
diningtable 0.0102 101 125 394 302
diningtable 0.0087 139 299 441 331
diningtable 0.0027 232 262 350 330
diningtable 0.0026 3 241 179 333
diningtable 0.0020 270 292 456 331
diningtable 0.0018 199 252 278 325
diningtable 0.0015 268 268 383 332
person 0.9462 307 66 487 316
person 0.7464 2 65 164 316
person 0.0630 4 1 191 124
person 0.0176 16 27 168 207
person 0.0160 214 74 448 307
person 0.0087 -1 97 59 333
person 0.0038 -3 -4 66 131
person 0.0035 108 -12 313 94
person 0.0032 -3 -1 124 90
person 0.0031 13 206 164 335
person 0.0030 -2 108 36 219
person 0.0024 0 111 9 208
person 0.0024 177 249 261 326
person 0.0016 446 97 499 334
person 0.0014 31 148 232 343
pottedplant 0.7183 235 3 351 129
pottedplant 0.0090 168 26 346 155
pottedplant 0.0074 165 -5 345 96
pottedplant 0.0027 216 20 296 108
pottedplant 0.0024 278 44 355 130
