bicycle 0.0040 -4 16 45 129
bottle 0.8281 140 225 272 367
bottle 0.3096 172 225 237 369
bottle 0.1820 411 253 483 356
bottle 0.1173 122 121 303 371
bottle 0.0177 179 184 235 305
bottle 0.0045 421 273 470 326
bottle 0.0032 205 254 294 345
bottle 0.0029 291 260 371 348
bottle 0.0026 218 288 284 377
bottle 0.0020 141 214 207 330
bottle 0.0019 322 332 384 369
bottle 0.0015 213 195 284 290
car 0.0017 0 282 196 371
car 0.0016 461 162 496 204
car 0.0010 453 170 480 184
chair 0.0117 412 240 483 313
chair 0.0087 360 231 423 322
chair 0.0074 389 274 498 372
chair 0.0053 420 252 473 293
chair 0.0046 410 206 487 289
chair 0.0043 360 205 435 291
chair 0.0030 421 226 473 266
chair 0.0028 458 273 498 380
chair 0.0023 300 119 340 154
chair 0.0021 325 250 408 357
chair 0.0019 103 203 163 294
chair 0.0018 119 242 158 292
chair 0.0017 334 199 408 295
chair 0.0015 374 226 422 267
chair 0.0014 370 249 415 298
chair 0.0010 482 237 498 349
diningtable 0.3512 80 231 492 381
diningtable 0.0557 77 268 335 374
diningtable 0.0086 230 269 491 380
diningtable 0.0046 61 314 519 390
diningtable 0.0030 234 262 341 341
diningtable 0.0022 237 327 348 377
diningtable 0.0015 1 236 269 373
diningtable 0.0014 281 284 375 373
diningtable 0.0013 254 296 329 376
diningtable 0.0010 225 245 345 311
person 0.9613 127 62 385 303
person 0.1744 471 185 502 310
person 0.0288 401 243 495 370
person 0.0216 -2 260 40 346
person 0.0160 456 104 503 325
person 0.0130 389 142 504 348
person 0.0106 471 221 500 281
person 0.0101 62 70 304 367
person 0.0081 199 110 438 371
person 0.0045 483 195 499 281
person 0.0039 0 282 49 375
person 0.0039 462 236 497 371
person 0.0038 326 142 477 351
person 0.0038 460 130 498 241
person 0.0038 447 179 507 367
person 0.0032 473 239 503 294
person 0.0022 488 147 500 267
person 0.0017 193 50 240 90
person 0.0017 317 242 484 373
person 0.0016 15 348 95 375
person 0.0015 -1 8 12 92
person 0.0011 468 188 497 247
person 0.0010 -1 268 33 319
pottedplant 0.0022 -2 30 46 168
