boat 0.0011 -1 0 46 32
bus 0.0097 457 15 492 60
bus 0.0013 418 0 470 74
bus 0.0013 486 14 499 77
bus 0.0012 58 18 125 67
bus 0.0010 427 18 466 56
car 0.5385 375 51 452 83
car 0.1544 174 50 249 71
car 0.1264 332 57 381 77
car 0.0810 57 45 108 63
car 0.0749 313 56 353 78
car 0.0487 35 46 88 63
car 0.0456 14 46 45 59
car 0.0379 151 48 206 68
car 0.0342 37 47 68 60
car 0.0298 97 47 126 62
car 0.0272 134 51 165 65
car 0.0270 218 49 275 76
car 0.0231 435 56 472 78
car 0.0217 107 48 135 62
car 0.0213 0 47 21 58
car 0.0212 481 60 501 77
car 0.0208 451 57 491 76
car 0.0195 148 51 178 67
car 0.0113 213 51 258 70
car 0.0103 0 43 21 54
car 0.0100 4 32 46 56
car 0.0098 471 54 500 79
car 0.0077 65 33 117 61
car 0.0077 197 55 245 73
car 0.0073 163 45 263 76
car 0.0072 357 59 385 76
car 0.0071 486 52 500 83
car 0.0068 33 35 81 59
car 0.0064 443 55 468 68
car 0.0049 482 51 500 68
car 0.0048 305 59 333 78
car 0.0048 247 59 263 71
car 0.0042 113 48 158 67
car 0.0039 325 49 391 83
car 0.0039 357 56 386 66
car 0.0037 6 46 47 65
car 0.0032 457 55 479 68
car 0.0030 163 51 195 68
car 0.0027 308 47 367 84
car 0.0025 206 42 290 83
car 0.0024 391 48 468 75
car 0.0022 228 57 259 71
car 0.0022 201 53 247 66
car 0.0020 324 54 346 81
car 0.0018 209 57 239 71
car 0.0017 346 54 370 81
car 0.0016 383 55 404 64
car 0.0016 155 47 173 71
car 0.0015 452 32 498 85
car 0.0015 75 43 97 67
car 0.0013 245 53 265 67
car 0.0013 42 43 61 65
car 0.0011 179 52 226 67
car 0.0011 102 44 120 68
car 0.0010 347 50 393 73
car 0.0010 33 43 61 55
motorbike 0.8719 114 90 386 284
motorbike 0.0013 89 62 284 270
person 0.9804 189 34 324 256
person 0.0415 453 2 495 73
person 0.0091 462 2 484 16
person 0.0047 256 0 307 33
person 0.0025 460 1 481 36
person 0.0019 225 30 323 163
person 0.0012 229 0 283 32
person 0.0010 484 12 500 29
person 0.0010 452 5 497 35
pottedplant 0.0092 415 0 450 33
pottedplant 0.0023 427 1 468 33
pottedplant 0.0022 453 2 488 35
pottedplant 0.0021 460 5 482 25
