bicycle 0.0052 -2 312 142 332
bicycle 0.0040 15 297 170 331
bicycle 0.0018 -14 315 73 334
bicycle 0.0017 31 248 242 328
chair 0.1081 453 222 499 311
chair 0.0587 2 167 43 263
chair 0.0494 459 145 499 290
chair 0.0370 52 153 235 323
chair 0.0280 400 171 501 316
chair 0.0186 17 176 85 259
chair 0.0075 4 190 39 238
chair 0.0070 7 174 103 312
chair 0.0065 437 201 508 325
chair 0.0053 483 232 501 292
chair 0.0043 414 219 492 312
chair 0.0037 32 194 77 237
chair 0.0036 460 241 497 295
chair 0.0031 33 168 75 209
chair 0.0030 59 162 128 266
chair 0.0027 468 225 503 277
chair 0.0018 6 174 48 221
chair 0.0017 10 202 189 329
chair 0.0016 -2 144 55 291
chair 0.0012 220 206 288 283
chair 0.0010 138 21 206 106
chair 0.0010 482 175 500 299
diningtable 0.0084 94 156 322 333
diningtable 0.0031 146 206 359 332
person 0.7050 100 124 228 309
person 0.6132 400 121 453 200
person 0.4382 450 115 500 213
person 0.3705 442 107 500 286
person 0.3007 3 118 41 223
person 0.1414 409 105 479 289
person 0.1006 136 136 190 202
person 0.0727 49 8 81 54
person 0.0564 0 106 14 213
person 0.0397 83 108 194 239
person 0.0331 42 139 83 186
person 0.0301 19 149 49 192
person 0.0272 56 125 149 267
person 0.0224 108 121 182 211
person 0.0180 0 72 32 214
person 0.0161 408 131 444 188
person 0.0155 388 68 488 223
person 0.0150 20 148 85 232
person 0.0144 9 160 42 214
person 0.0143 404 135 459 237
person 0.0140 2 140 15 232
person 0.0123 8 139 40 197
person 0.0091 399 119 436 173
person 0.0080 0 65 12 178
person 0.0078 479 99 498 169
person 0.0072 35 8 84 69
person 0.0070 -3 85 52 251
person 0.0068 142 137 178 183
person 0.0062 470 111 500 157
person 0.0055 25 96 171 253
person 0.0054 134 168 200 262
person 0.0046 460 134 497 188
person 0.0044 99 164 180 263
person 0.0044 9 122 109 263
person 0.0043 55 133 92 184
person 0.0043 57 127 118 208
person 0.0042 20 149 41 173
person 0.0034 55 19 78 44
person 0.0030 377 88 457 303
person 0.0027 483 119 499 196
person 0.0025 -1 129 23 188
person 0.0024 71 139 92 180
person 0.0024 127 117 293 325
person 0.0023 167 156 201 192
person 0.0021 419 0 480 32
person 0.0020 37 3 77 40
person 0.0020 456 1 485 12
person 0.0019 32 114 89 183
person 0.0019 -3 -15 49 199
person 0.0017 0 5 40 121
person 0.0016 461 59 499 175
person 0.0016 151 143 174 179
person 0.0015 488 117 500 253
person 0.0014 33 159 58 182
person 0.0014 66 138 105 185
person 0.0014 405 -3 495 43
person 0.0013 8 13 42 54
person 0.0011 150 138 176 161
person 0.0011 445 13 502 219
person 0.0010 1 160 16 183
person 0.0010 -1 248 35 339
person 0.0010 20 143 62 183
person 0.0010 174 164 200 186
pottedplant 0.0071 393 107 435 142
pottedplant 0.0011 384 82 438 156
pottedplant 0.0010 400 109 427 135
