bottle 0.0021 422 21 440 42
chair 0.0673 455 178 503 262
chair 0.0129 311 171 473 369
chair 0.0109 67 217 425 376
chair 0.0028 441 132 512 301
chair 0.0025 381 184 502 361
chair 0.0016 380 72 444 142
chair 0.0014 419 166 483 267
chair 0.0012 460 213 502 263
chair 0.0012 -5 266 352 377
chair 0.0010 386 103 436 139
dog 0.2090 251 168 326 248
dog 0.1567 180 134 390 293
dog 0.0500 200 165 310 251
dog 0.0165 280 171 356 251
dog 0.0124 273 180 312 237
dog 0.0021 297 182 335 235
person 0.6024 162 124 344 256
person 0.2048 0 127 343 364
person 0.1204 275 127 438 363
person 0.0129 105 90 401 249
person 0.0114 196 132 296 243
person 0.0075 216 93 431 290
person 0.0039 206 117 285 207
sofa 0.4836 209 124 447 364
sofa 0.1345 77 112 370 264
sofa 0.0369 40 118 381 374
sofa 0.0011 101 219 465 375
tvmonitor 0.0057 33 0 242 38
tvmonitor 0.0050 27 -4 242 96
tvmonitor 0.0028 464 117 499 204
tvmonitor 0.0023 466 135 499 182
