chair 0.0023 330 185 490 336
dog 0.0080 385 183 497 337
horse 0.0676 377 164 496 331
horse 0.0520 199 152 385 339
horse 0.0030 111 180 325 344
horse 0.0018 261 163 455 331
horse 0.0011 123 140 238 298
person 0.9597 261 110 338 291
person 0.1850 467 110 499 271
person 0.0209 458 41 503 297
person 0.0159 154 165 212 260
person 0.0120 483 125 499 246
person 0.0038 448 113 496 325
person 0.0034 392 96 499 298
person 0.0028 470 161 500 208
person 0.0021 464 71 499 211
person 0.0016 179 108 340 288
person 0.0015 485 159 499 289
