aeroplane 0.0012 243 -2 405 32
bottle 0.0010 371 206 388 253
car 0.0027 303 -13 504 239
chair 0.1460 109 136 163 195
chair 0.0160 159 187 426 322
chair 0.0154 462 112 499 206
chair 0.0142 136 127 190 199
chair 0.0123 143 144 182 181
chair 0.0092 116 158 168 264
chair 0.0087 119 160 158 201
chair 0.0049 133 150 191 268
chair 0.0028 155 138 196 171
chair 0.0025 95 133 189 284
chair 0.0019 -4 208 57 309
chair 0.0019 101 196 238 318
chair 0.0014 465 137 499 181
chair 0.0012 77 85 196 245
chair 0.0011 107 97 159 188
chair 0.0010 447 45 507 274
chair 0.0010 141 159 182 203
chair 0.0010 63 142 129 228
person 0.8664 180 109 393 319
person 0.3130 151 96 279 312
person 0.0218 125 120 221 294
person 0.0147 194 185 449 324
person 0.0093 164 88 319 244
person 0.0085 434 14 454 51
person 0.0055 90 113 188 270
person 0.0045 406 4 483 66
person 0.0043 431 21 447 43
person 0.0028 438 12 458 25
person 0.0027 178 87 248 183
person 0.0024 447 7 501 261
person 0.0019 376 2 445 30
person 0.0018 207 17 442 259
person 0.0017 422 14 469 53
person 0.0017 423 14 445 25
person 0.0016 431 23 448 58
person 0.0015 424 5 472 35
person 0.0015 463 80 498 202
person 0.0015 289 120 359 197
person 0.0012 253 120 328 195
person 0.0010 211 92 285 174
person 0.0010 383 11 406 28
tvmonitor 0.0817 -1 118 41 211
tvmonitor 0.0760 384 171 502 288
tvmonitor 0.0633 456 174 500 291
tvmonitor 0.0576 335 148 402 219
tvmonitor 0.0166 264 129 470 296
tvmonitor 0.0155 403 186 483 271
tvmonitor 0.0074 26 124 83 200
tvmonitor 0.0054 245 38 330 90
tvmonitor 0.0028 0 136 37 186
tvmonitor 0.0023 335 168 407 249
tvmonitor 0.0022 334 170 376 211
tvmonitor 0.0022 -4 97 55 269
tvmonitor 0.0022 342 160 393 206
tvmonitor 0.0016 38 139 80 180
tvmonitor 0.0013 256 49 320 82
tvmonitor 0.0010 -1 129 17 208
