bottle 0.0060 150 30 201 96
bottle 0.0056 227 68 245 105
bottle 0.0030 214 66 235 106
chair 0.0448 107 1 156 53
chair 0.0285 146 13 203 81
chair 0.0126 40 48 89 112
chair 0.0103 177 18 236 78
chair 0.0083 63 38 107 116
chair 0.0077 90 0 172 94
chair 0.0062 87 3 120 41
chair 0.0061 115 0 226 93
chair 0.0056 194 33 238 98
chair 0.0047 70 5 106 38
chair 0.0046 146 59 211 110
chair 0.0042 0 126 199 216
chair 0.0036 114 3 134 42
chair 0.0035 1 87 36 118
chair 0.0033 150 81 206 108
chair 0.0030 70 0 119 51
chair 0.0028 109 25 153 100
chair 0.0025 1 46 38 118
chair 0.0022 20 72 85 127
chair 0.0020 138 3 207 53
chair 0.0020 158 29 197 63
chair 0.0017 111 0 153 26
chair 0.0017 190 31 230 63
chair 0.0017 22 8 62 35
chair 0.0015 46 63 85 100
chair 0.0013 201 47 236 83
chair 0.0013 218 32 262 101
chair 0.0013 95 14 113 29
chair 0.0012 91 5 110 19
chair 0.0012 77 16 94 30
chair 0.0012 215 47 263 74
chair 0.0011 122 12 161 51
chair 0.0011 131 4 151 41
chair 0.0011 455 110 499 196
chair 0.0010 2 65 34 99
chair 0.0010 153 69 201 102
diningtable 0.0120 -15 174 434 240
diningtable 0.0074 41 144 533 244
person 0.2337 240 -2 418 167
person 0.1342 63 25 110 104
person 0.1108 235 9 495 228
person 0.0533 5 68 109 209
person 0.0221 3 89 191 220
person 0.0158 393 61 497 211
person 0.0147 50 13 130 113
person 0.0134 -7 47 275 232
person 0.0077 0 84 42 153
person 0.0077 102 -9 397 210
person 0.0066 1 60 60 216
person 0.0040 9 20 111 140
person 0.0036 28 12 154 187
person 0.0034 0 89 17 118
person 0.0032 9 102 93 167
person 0.0031 6 -1 55 54
person 0.0030 -1 88 31 119
person 0.0030 306 -6 498 142
person 0.0028 149 5 348 163
person 0.0023 216 49 256 115
person 0.0021 441 -6 501 205
person 0.0019 2 29 38 103
person 0.0018 43 15 310 186
person 0.0017 22 1 46 10
person 0.0017 115 0 136 29
person 0.0016 23 18 44 31
person 0.0015 6 -2 98 98
person 0.0015 4 3 45 87
person 0.0015 144 -1 271 94
person 0.0013 0 91 12 154
person 0.0012 24 9 45 36
person 0.0012 83 5 173 116
person 0.0012 90 0 111 30
person 0.0011 212 65 240 105
person 0.0010 30 0 56 9
person 0.0010 0 48 13 106
pottedplant 0.0013 22 24 43 35
sofa 0.0027 -11 32 281 207
sofa 0.0010 -24 117 363 227
tvmonitor 0.0015 12 1 77 48
