bottle 0.0017 313 128 330 167
bottle 0.0014 341 -2 370 52
car 0.0095 54 54 104 87
car 0.0042 45 39 98 75
car 0.0027 39 55 60 74
car 0.0017 65 59 94 76
car 0.0014 34 49 65 83
car 0.0011 80 40 128 82
chair 0.0829 58 199 97 254
chair 0.0449 -2 298 35 429
chair 0.0401 50 210 83 256
chair 0.0080 -2 242 43 487
chair 0.0070 0 329 31 393
chair 0.0059 52 221 68 250
chair 0.0052 48 225 63 249
chair 0.0040 117 105 155 146
chair 0.0039 29 218 78 254
chair 0.0038 -3 219 47 257
chair 0.0025 -5 238 49 279
chair 0.0023 72 197 111 250
chair 0.0021 0 208 86 282
chair 0.0021 -2 304 89 501
chair 0.0020 66 206 90 233
chair 0.0019 229 114 306 173
chair 0.0015 1 257 30 317
chair 0.0015 54 212 75 237
chair 0.0014 242 124 294 167
chair 0.0014 0 189 33 311
chair 0.0013 2 220 32 272
chair 0.0013 1 298 32 364
chair 0.0012 311 140 356 185
chair 0.0012 243 138 300 178
chair 0.0011 333 118 371 226
chair 0.0011 -1 226 12 251
chair 0.0011 304 229 363 349
chair 0.0011 299 129 368 207
chair 0.0010 289 138 338 179
chair 0.0010 0 197 8 280
chair 0.0010 120 43 187 133
chair 0.0010 337 142 370 195
diningtable 0.1048 25 308 410 499
diningtable 0.0220 0 221 84 438
diningtable 0.0129 -1 258 36 406
diningtable 0.0096 2 278 76 382
diningtable 0.0087 3 246 79 337
diningtable 0.0041 6 371 256 503
diningtable 0.0026 3 305 144 509
diningtable 0.0024 57 196 370 464
diningtable 0.0024 -40 435 361 503
diningtable 0.0017 14 262 68 309
diningtable 0.0016 213 319 393 485
diningtable 0.0013 2 225 253 502
diningtable 0.0012 -4 254 45 303
diningtable 0.0011 -9 239 80 276
diningtable 0.0010 4 306 69 418
person 0.9913 62 38 319 387
person 0.0723 108 41 154 131
person 0.0510 118 38 151 99
person 0.0323 160 60 381 362
person 0.0232 135 2 187 42
person 0.0181 282 147 376 424
person 0.0136 119 4 192 102
person 0.0092 347 171 377 338
person 0.0070 105 54 147 109
person 0.0064 23 87 242 478
person 0.0051 167 0 190 25
person 0.0045 158 0 179 24
person 0.0041 159 -2 200 30
person 0.0040 156 4 213 37
person 0.0033 127 36 144 59
person 0.0028 113 1 164 55
person 0.0027 119 25 156 74
person 0.0023 187 0 208 25
person 0.0019 285 118 369 309
person 0.0018 130 21 169 70
person 0.0016 129 16 242 93
person 0.0015 333 124 378 374
person 0.0015 273 259 382 476
person 0.0015 340 141 373 288
person 0.0013 87 0 229 119
person 0.0013 138 0 164 16
person 0.0012 129 48 148 79
person 0.0012 174 -3 215 29
person 0.0012 134 38 162 98
pottedplant 0.1114 38 83 117 172
pottedplant 0.0496 44 57 107 145
pottedplant 0.0367 57 65 101 106
pottedplant 0.0264 60 77 101 128
pottedplant 0.0152 19 16 131 183
pottedplant 0.0114 51 105 100 161
pottedplant 0.0078 63 53 136 141
pottedplant 0.0052 77 105 121 160
pottedplant 0.0042 113 120 161 163
pottedplant 0.0040 81 67 124 116
pottedplant 0.0033 67 73 94 97
pottedplant 0.0015 87 117 133 165
pottedplant 0.0014 28 21 115 94
pottedplant 0.0010 68 85 94 115
