aeroplane 0.0012 12 0 84 36
bus 0.9817 -43 -10 468 329
bus 0.7855 134 54 514 374
bus 0.0929 1 46 35 208
bus 0.0145 9 16 341 252
bus 0.0117 -1 29 44 278
bus 0.0107 -1 48 127 219
bus 0.0094 26 40 185 229
bus 0.0063 -6 117 365 363
bus 0.0037 331 104 533 327
bus 0.0026 12 76 91 179
bus 0.0021 4 99 34 156
bus 0.0015 6 76 38 128
bus 0.0014 291 19 502 310
bus 0.0011 0 51 11 194
bus 0.0011 8 59 198 372
bus 0.0010 24 60 41 128
car 0.0023 4 191 36 240
car 0.0012 3 -3 193 94
car 0.0010 -6 66 126 366
car 0.0010 0 117 33 258
horse 0.0020 -2 208 57 382
motorbike 0.0019 0 172 105 372
person 0.1157 -3 173 57 375
person 0.0421 267 163 307 212
person 0.0291 0 182 44 313
person 0.0264 304 164 347 210
person 0.0134 294 155 356 223
person 0.0112 489 164 500 252
person 0.0088 467 166 500 268
person 0.0065 467 168 499 216
person 0.0063 176 209 204 262
person 0.0050 188 195 219 243
person 0.0045 487 205 500 263
person 0.0040 237 163 277 211
person 0.0030 277 159 323 206
person 0.0029 184 183 227 256
person 0.0028 0 202 13 329
person 0.0022 264 169 313 254
person 0.0022 166 219 199 265
person 0.0022 9 228 41 275
person 0.0019 229 152 283 226
person 0.0017 184 217 216 263
person 0.0017 265 168 290 215
person 0.0016 13 185 30 231
person 0.0016 18 -1 102 27
person 0.0016 301 171 357 252
person 0.0015 36 1 58 17
person 0.0015 302 163 325 203
person 0.0014 89 2 116 13
person 0.0011 325 173 349 208
person 0.0011 310 187 350 233
person 0.0010 178 237 198 293
person 0.0010 181 231 199 267
pottedplant 0.0013 1 29 39 128
