bicycle 0.0335 255 69 391 176
bicycle 0.0072 276 80 366 160
bicycle 0.0062 88 184 168 255
bicycle 0.0054 77 144 262 309
bicycle 0.0011 379 66 443 123
bicycle 0.0010 125 182 205 255
bicycle 0.0010 322 59 483 181
bottle 0.0843 424 80 444 114
bottle 0.0443 443 82 460 115
bottle 0.0164 446 92 462 124
bottle 0.0145 146 175 186 204
bottle 0.0144 426 75 444 95
bottle 0.0072 179 175 198 197
bottle 0.0065 368 163 385 208
bottle 0.0063 166 174 198 204
bottle 0.0051 406 79 425 114
bottle 0.0051 466 255 499 338
bottle 0.0049 326 99 355 118
bottle 0.0044 155 174 173 206
bottle 0.0037 418 90 453 123
bottle 0.0028 179 179 194 217
bottle 0.0028 407 65 427 106
bottle 0.0027 402 97 422 116
bottle 0.0020 459 82 477 114
bottle 0.0019 435 89 464 126
bottle 0.0018 152 185 179 211
bottle 0.0015 422 94 446 118
bottle 0.0015 440 111 462 133
bottle 0.0014 417 74 448 102
bottle 0.0014 329 96 350 126
bottle 0.0013 122 176 165 204
bottle 0.0011 135 166 197 223
bottle 0.0011 131 177 156 198
bottle 0.0010 359 149 391 194
bottle 0.0010 339 98 361 117
chair 0.0193 254 79 322 160
chair 0.0031 280 106 358 180
chair 0.0031 269 79 308 116
chair 0.0023 266 93 307 137
chair 0.0014 261 70 316 127
chair 0.0012 392 74 432 114
diningtable 0.0239 205 253 453 341
diningtable 0.0032 292 247 507 343
diningtable 0.0019 381 202 501 338
person 0.9832 191 124 306 326
person 0.7562 382 96 492 297
person 0.0891 440 102 495 332
person 0.0855 372 83 503 213
person 0.0520 399 102 471 181
person 0.0469 421 97 455 137
person 0.0131 223 106 289 174
person 0.0118 411 91 463 150
person 0.0088 239 100 276 143
person 0.0057 234 116 277 158
person 0.0045 414 116 456 157
person 0.0036 455 116 496 274
person 0.0022 427 67 507 229
person 0.0020 224 106 267 140
person 0.0019 221 3 264 122
person 0.0017 450 93 501 195
person 0.0014 223 1 266 32
person 0.0014 366 125 450 210
person 0.0012 341 156 490 334
person 0.0010 443 109 460 138
person 0.0010 424 109 446 139
