bottle 0.0013 12 275 46 376
car 0.1561 0 29 120 264
car 0.0296 10 38 43 67
car 0.0097 273 41 297 74
car 0.0092 14 34 60 70
car 0.0089 1 25 64 80
car 0.0063 8 44 197 300
car 0.0034 18 42 36 58
car 0.0024 64 53 102 85
car 0.0023 10 43 29 60
car 0.0017 58 21 108 83
car 0.0014 172 68 206 96
car 0.0013 2 35 30 70
car 0.0013 29 32 83 67
car 0.0011 -1 7 114 90
person 0.9874 98 59 197 335
person 0.0234 270 34 299 123
person 0.0072 274 47 298 99
person 0.0067 3 69 203 330
person 0.0054 90 49 119 86
person 0.0040 70 31 98 72
person 0.0028 234 49 259 87
person 0.0025 293 40 300 128
person 0.0021 74 156 218 342
person 0.0019 86 36 115 77
person 0.0012 244 35 294 122
