bus 0.0016 0 128 256 298
bus 0.0013 10 129 139 295
chair 0.0051 257 214 289 265
chair 0.0040 248 213 277 262
chair 0.0039 68 352 309 507
chair 0.0029 132 238 166 269
person 0.4102 274 234 349 334
person 0.3947 20 265 134 468
person 0.3783 85 268 291 512
person 0.2702 208 171 247 272
person 0.1734 158 209 203 264
person 0.1701 303 254 374 486
person 0.1658 -2 193 52 311
person 0.1515 115 264 151 319
person 0.1345 284 172 311 220
person 0.1114 220 242 272 339
person 0.0667 228 211 265 267
person 0.0583 321 214 381 442
person 0.0568 1 216 69 431
person 0.0529 -1 248 48 400
person 0.0301 22 261 231 486
person 0.0279 152 256 227 327
person 0.0176 351 176 362 197
person 0.0158 207 176 247 223
person 0.0143 288 172 306 207
person 0.0135 148 213 185 268
person 0.0125 273 175 317 256
person 0.0123 171 253 259 336
person 0.0083 208 206 238 262
person 0.0083 113 286 151 335
person 0.0080 326 324 374 482
person 0.0078 229 232 271 273
person 0.0069 166 262 212 315
person 0.0068 239 218 274 264
person 0.0065 172 198 210 255
person 0.0056 362 183 376 261
person 0.0053 268 215 339 299
person 0.0053 157 232 200 271
person 0.0051 102 273 160 354
person 0.0047 332 228 373 352
person 0.0046 276 209 371 368
person 0.0043 158 217 175 266
person 0.0042 265 185 299 242
person 0.0039 296 181 313 213
person 0.0037 195 191 219 255
person 0.0036 119 249 196 326
person 0.0035 99 254 138 299
person 0.0034 0 191 10 249
person 0.0033 0 199 38 241
person 0.0031 167 203 190 231
person 0.0021 0 258 8 412
person 0.0021 227 173 246 199
person 0.0020 267 208 319 269
person 0.0019 136 260 178 311
person 0.0017 2 212 42 279
person 0.0017 187 206 205 232
person 0.0015 62 252 147 324
person 0.0015 0 200 16 238
person 0.0015 303 254 343 318
person 0.0014 182 131 296 298
person 0.0013 248 200 279 249
person 0.0012 111 227 148 277
person 0.0012 196 202 216 232
person 0.0011 59 213 317 366
person 0.0011 168 215 189 260
person 0.0011 189 264 239 324
person 0.0010 156 206 175 235
person 0.0010 0 193 8 327
pottedplant 0.0023 257 208 276 231
