bottle 0.0023 138 243 195 325
bottle 0.0011 143 260 188 310
chair 0.0308 307 119 488 382
chair 0.0135 456 123 499 276
chair 0.0088 439 103 505 350
chair 0.0026 383 187 505 383
chair 0.0020 441 196 501 320
chair 0.0010 459 169 497 226
diningtable 0.0210 -44 305 471 399
diningtable 0.0041 0 253 271 395
diningtable 0.0036 3 350 577 398
diningtable 0.0026 8 198 179 381
dog 0.0063 12 175 111 348
dog 0.0027 26 170 94 291
person 0.8417 175 50 481 401
person 0.5279 59 53 362 349
person 0.4438 315 50 473 345
person 0.0272 44 34 226 302
person 0.0155 27 127 164 335
person 0.0046 137 24 432 264
person 0.0022 285 61 358 151
person 0.0020 5 43 184 233
person 0.0018 6 197 113 374
person 0.0012 461 7 501 143
