bottle 0.0015 -5 -16 116 172
car 0.9986 -5 86 430 295
car 0.0710 169 100 457 262
car 0.0438 99 89 399 193
car 0.0170 -8 9 114 246
car 0.0106 73 122 494 349
car 0.0062 313 99 479 232
car 0.0049 21 216 475 381
car 0.0030 19 23 335 247
car 0.0015 3 95 210 328
car 0.0010 -5 84 65 286
person 0.1876 423 142 470 226
person 0.0271 451 143 493 220
person 0.0259 486 146 500 214
person 0.0220 462 151 483 210
person 0.0179 436 153 458 211
person 0.0062 488 119 501 184
person 0.0061 427 152 447 208
person 0.0058 396 83 418 105
person 0.0046 463 136 495 190
person 0.0041 425 147 444 189
person 0.0033 463 148 485 177
person 0.0022 461 145 480 163
person 0.0021 0 13 12 59
person 0.0020 484 153 500 178
person 0.0018 399 85 419 124
person 0.0013 374 131 438 237
person 0.0013 384 88 421 121
