bicycle 0.0309 386 18 502 303
bicycle 0.0027 289 -28 526 347
bicycle 0.0019 -4 45 120 386
bicycle 0.0017 435 55 505 316
car 0.0870 2 -11 417 276
car 0.0230 73 6 497 144
car 0.0068 8 -2 417 103
car 0.0038 4 215 564 378
car 0.0037 -6 2 114 202
car 0.0030 -14 273 434 376
car 0.0015 192 -18 530 281
car 0.0011 239 -8 496 95
chair 0.0100 177 -2 258 24
chair 0.0060 203 0 295 27
chair 0.0056 243 -2 339 24
chair 0.0052 168 -4 332 38
chair 0.0049 -4 0 61 202
chair 0.0047 102 -28 466 67
chair 0.0024 -3 63 56 366
chair 0.0016 0 58 45 199
chair 0.0013 0 20 61 119
chair 0.0011 -1 132 42 297
chair 0.0011 459 156 499 268
motorbike 0.4298 95 0 557 374
motorbike 0.1858 -4 -29 353 340
motorbike 0.0737 -42 110 458 375
motorbike 0.0126 1 -9 194 269
motorbike 0.0096 373 59 498 371
motorbike 0.0064 285 31 520 402
motorbike 0.0022 133 -9 511 98
person 0.0117 297 -1 371 24
person 0.0038 322 0 413 25
person 0.0032 271 -5 397 40
person 0.0029 291 -5 513 95
person 0.0018 173 -29 482 66
person 0.0015 15 1 85 31
