bottle 0.0110 0 273 10 350
bottle 0.0076 2 234 49 377
bottle 0.0035 39 96 58 117
bottle 0.0022 340 10 358 40
bottle 0.0012 17 90 37 133
bottle 0.0012 0 309 13 373
bottle 0.0011 -1 297 15 324
bottle 0.0010 488 80 500 164
bottle 0.0010 488 115 500 189
car 0.0014 179 5 406 141
chair 0.0733 -3 178 103 368
chair 0.0258 67 168 293 371
chair 0.0175 396 37 471 109
chair 0.0153 389 65 478 138
chair 0.0070 305 184 494 369
chair 0.0063 1 197 49 351
chair 0.0062 465 50 500 152
chair 0.0060 409 51 461 88
chair 0.0055 455 50 495 86
chair 0.0045 395 13 470 76
chair 0.0040 411 81 461 122
chair 0.0038 373 43 499 159
chair 0.0024 470 75 499 128
chair 0.0020 14 208 85 336
chair 0.0019 26 220 392 377
chair 0.0018 369 38 443 110
chair 0.0017 459 211 499 343
chair 0.0017 487 50 501 139
chair 0.0017 382 52 429 89
chair 0.0016 402 21 464 59
chair 0.0014 218 83 274 179
chair 0.0014 93 224 164 330
chair 0.0013 127 230 220 318
chair 0.0013 457 56 484 78
chair 0.0011 470 54 500 104
chair 0.0010 60 212 122 339
chair 0.0010 13 220 167 376
chair 0.0010 113 42 376 219
cow 0.0019 -10 51 118 271
diningtable 0.0015 169 221 493 378
diningtable 0.0013 -19 274 376 378
person 0.8304 55 77 436 359
person 0.0574 167 174 490 374
person 0.0375 305 92 430 152
person 0.0302 58 51 219 330
person 0.0270 282 85 457 174
person 0.0231 2 98 106 344
person 0.0155 355 79 443 136
person 0.0128 62 43 283 221
person 0.0112 58 147 128 228
person 0.0070 375 104 498 330
person 0.0055 374 86 424 127
person 0.0046 -1 129 9 262
person 0.0046 66 157 109 206
person 0.0044 254 95 484 218
person 0.0035 20 72 167 309
person 0.0035 -2 54 56 326
person 0.0029 317 55 487 152
person 0.0027 0 117 44 258
person 0.0025 21 159 91 276
person 0.0025 178 59 242 149
person 0.0021 334 89 405 129
person 0.0021 458 -1 500 33
person 0.0017 55 127 135 196
person 0.0017 423 0 446 20
person 0.0015 488 67 500 150
person 0.0014 280 91 387 162
person 0.0014 1 93 17 146
person 0.0012 364 73 503 189
person 0.0011 438 99 503 333
person 0.0011 0 101 11 204
person 0.0010 153 42 431 216
person 0.0010 69 140 125 182
sofa 0.0017 173 21 408 173
