bottle 0.4882 57 240 81 300
bottle 0.1448 250 227 267 279
bottle 0.0096 232 207 275 288
bottle 0.0092 180 236 195 269
bottle 0.0085 237 231 254 277
bottle 0.0077 241 239 272 287
bottle 0.0056 78 304 93 340
bottle 0.0054 130 299 148 326
bottle 0.0052 54 232 120 303
bottle 0.0045 65 243 105 290
bottle 0.0042 246 234 272 267
bottle 0.0030 247 224 270 251
bottle 0.0027 242 218 273 260
bottle 0.0023 246 252 269 281
bottle 0.0022 55 235 75 279
bottle 0.0021 233 238 256 263
bottle 0.0013 211 249 227 287
bottle 0.0013 75 302 98 328
bottle 0.0012 262 230 280 275
bottle 0.0012 209 143 232 159
bottle 0.0012 51 251 81 281
bottle 0.0011 234 250 255 282
chair 0.0428 211 151 287 227
chair 0.0326 116 264 388 381
chair 0.0249 104 129 170 196
chair 0.0197 158 144 338 282
chair 0.0160 116 135 160 181
chair 0.0129 83 147 178 227
chair 0.0106 166 297 250 368
chair 0.0099 113 149 231 222
chair 0.0075 116 116 161 155
chair 0.0072 197 117 219 137
chair 0.0059 449 279 498 377
chair 0.0055 250 151 332 231
chair 0.0052 52 206 143 285
chair 0.0051 139 345 212 373
chair 0.0047 118 335 234 374
chair 0.0038 143 119 202 145
chair 0.0030 224 164 278 211
chair 0.0029 136 298 216 372
chair 0.0028 109 148 149 183
chair 0.0028 80 202 180 281
chair 0.0025 130 131 164 146
chair 0.0024 196 293 295 366
chair 0.0023 178 165 250 256
chair 0.0019 2 167 41 263
chair 0.0019 386 267 503 374
chair 0.0019 136 359 223 377
chair 0.0018 309 222 503 373
chair 0.0018 118 158 170 198
chair 0.0016 435 222 497 373
chair 0.0014 121 175 207 256
chair 0.0014 189 116 234 147
chair 0.0013 277 166 324 196
chair 0.0013 227 189 275 238
chair 0.0011 106 135 151 168
chair 0.0011 40 203 85 302
chair 0.0010 204 123 225 144
diningtable 0.1989 33 228 393 385
diningtable 0.0495 0 269 266 377
diningtable 0.0412 126 136 288 237
person 0.9007 45 147 174 275
person 0.7549 373 122 493 363
person 0.5642 274 134 388 255
person 0.5414 148 178 433 374
person 0.2877 239 143 412 338
person 0.0289 347 114 485 268
person 0.0187 392 223 500 368
person 0.0071 314 144 392 231
person 0.0068 441 36 460 56
person 0.0065 442 34 459 70
person 0.0053 439 115 496 376
person 0.0041 367 18 459 84
person 0.0037 59 147 271 276
person 0.0028 489 145 500 275
person 0.0021 373 141 441 232
person 0.0021 381 29 435 65
person 0.0019 291 229 366 302
person 0.0016 255 225 460 372
person 0.0016 24 152 402 336
person 0.0013 465 142 503 285
person 0.0012 403 30 469 65
person 0.0012 485 192 498 311
person 0.0010 385 31 407 48
person 0.0010 438 30 468 73
person 0.0010 16 87 186 246
pottedplant 0.0562 329 101 397 163
pottedplant 0.0198 350 100 443 163
pottedplant 0.0140 462 111 495 158
pottedplant 0.0137 467 130 498 175
pottedplant 0.0119 369 108 424 149
pottedplant 0.0109 489 125 500 180
pottedplant 0.0094 462 116 500 191
pottedplant 0.0073 458 120 476 149
pottedplant 0.0053 319 111 395 204
pottedplant 0.0053 486 126 500 150
pottedplant 0.0052 313 66 492 197
pottedplant 0.0051 404 124 421 146
pottedplant 0.0047 364 104 386 119
pottedplant 0.0042 485 133 500 167
pottedplant 0.0035 329 104 374 147
pottedplant 0.0034 368 115 443 202
pottedplant 0.0031 325 113 360 157
pottedplant 0.0029 298 121 369 210
pottedplant 0.0026 460 114 479 132
pottedplant 0.0025 295 103 427 226
pottedplant 0.0025 341 103 359 120
pottedplant 0.0022 403 101 484 165
pottedplant 0.0021 420 110 469 151
pottedplant 0.0020 310 97 365 172
pottedplant 0.0019 402 109 423 132
pottedplant 0.0018 390 106 432 141
pottedplant 0.0017 463 127 502 246
pottedplant 0.0017 403 103 423 118
pottedplant 0.0017 460 137 476 157
pottedplant 0.0017 485 112 500 134
pottedplant 0.0015 488 135 500 221
pottedplant 0.0015 380 103 406 118
pottedplant 0.0014 34 114 60 132
pottedplant 0.0012 74 81 97 100
pottedplant 0.0011 348 98 401 123
pottedplant 0.0011 489 93 500 155
pottedplant 0.0011 391 118 490 201
pottedplant 0.0011 475 136 500 189
pottedplant 0.0010 365 15 498 179
sofa 0.0022 19 167 310 323
tvmonitor 0.0097 362 0 501 104
tvmonitor 0.0016 2 130 38 249
tvmonitor 0.0013 4 191 38 240
