bottle 0.0010 96 5 179 84
car 0.0117 -1 4 120 152
car 0.0036 384 183 499 362
car 0.0029 -11 -4 194 205
car 0.0012 -10 1 195 104
car 0.0010 1 -1 91 18
car 0.0010 298 225 513 371
motorbike 0.0028 376 152 501 334
person 0.8039 118 41 452 391
person 0.2518 8 31 336 403
person 0.1621 256 108 467 368
person 0.0743 78 8 428 253
person 0.0169 222 -21 500 338
person 0.0051 111 -2 310 151
person 0.0043 378 128 497 306
person 0.0036 187 -8 400 159
person 0.0036 0 11 196 367
person 0.0015 242 -2 338 47
person 0.0015 145 -4 269 43
person 0.0011 69 1 285 96
person 0.0010 1 45 57 386
tvmonitor 0.0168 0 1 120 255
