bus 0.0033 118 96 323 235
car 0.8783 1 195 118 295
car 0.4495 171 130 414 301
car 0.0045 122 95 371 232
car 0.0028 489 188 500 258
car 0.0027 324 147 412 224
car 0.0025 290 128 432 260
car 0.0020 -1 189 63 299
car 0.0013 0 191 13 258
car 0.0013 486 200 501 218
car 0.0012 12 194 87 224
car 0.0012 485 213 500 232
car 0.0011 460 204 486 216
car 0.0011 489 162 500 229
person 0.0129 82 275 117 314
person 0.0024 79 277 103 309
person 0.0020 89 264 109 306
person 0.0018 82 271 103 298
person 0.0013 135 148 157 214
person 0.0013 148 183 164 208
person 0.0012 96 294 117 314
person 0.0012 35 200 63 217
