bottle 0.4777 263 165 278 202
bottle 0.3126 257 166 273 201
bottle 0.1122 197 174 234 198
bottle 0.1056 240 169 252 200
bottle 0.0787 248 166 280 200
bottle 0.0333 264 168 280 222
bottle 0.0178 278 174 318 200
bottle 0.0145 270 172 307 214
bottle 0.0139 281 180 319 214
bottle 0.0110 263 160 282 187
bottle 0.0110 234 167 272 207
bottle 0.0106 226 168 259 198
bottle 0.0098 237 162 253 187
bottle 0.0073 228 158 278 225
bottle 0.0058 252 161 274 186
bottle 0.0050 287 193 310 230
bottle 0.0050 251 170 272 220
bottle 0.0023 258 160 288 193
bottle 0.0023 259 171 289 218
bottle 0.0019 269 192 285 231
bottle 0.0019 174 165 191 184
bottle 0.0018 266 185 325 243
bottle 0.0017 196 171 216 203
bottle 0.0010 305 169 320 204
bottle 0.0010 235 175 252 215
bottle 0.0010 250 154 271 168
chair 0.5538 22 204 173 327
chair 0.4089 341 206 460 331
chair 0.2481 6 158 106 320
chair 0.2124 1 156 53 319
chair 0.2112 321 244 431 333
chair 0.0339 295 143 456 335
chair 0.0221 18 186 83 301
chair 0.0179 54 222 144 313
chair 0.0149 46 203 295 327
chair 0.0134 85 227 172 312
chair 0.0075 225 153 416 332
chair 0.0065 201 170 235 202
chair 0.0050 288 182 345 250
chair 0.0037 37 242 224 330
chair 0.0032 90 196 173 287
chair 0.0032 295 197 341 238
chair 0.0025 383 199 499 334
chair 0.0020 325 289 426 332
chair 0.0019 402 253 488 331
chair 0.0018 217 239 439 332
chair 0.0017 347 273 404 317
chair 0.0011 1 187 31 244
diningtable 0.3649 123 162 378 334
diningtable 0.0020 104 239 395 330
diningtable 0.0018 195 192 303 243
person 0.8965 347 105 452 320
person 0.8484 113 119 227 317
person 0.6278 140 121 212 210
person 0.5363 27 131 165 309
person 0.1252 105 0 158 74
person 0.0857 -2 138 33 299
person 0.0332 59 122 209 269
person 0.0134 226 120 424 314
person 0.0122 0 137 16 233
person 0.0109 5 112 125 281
person 0.0054 107 1 151 37
person 0.0049 0 112 29 229
person 0.0041 173 126 231 211
person 0.0026 56 126 131 206
person 0.0017 0 153 11 292
person 0.0015 -1 156 24 211
person 0.0014 132 162 197 267
person 0.0014 127 106 272 232
person 0.0014 99 169 175 261
person 0.0013 0 54 45 281
person 0.0013 92 127 182 202
person 0.0011 54 161 130 269
person 0.0010 150 137 198 188
person 0.0010 12 128 107 207
