horse 0.1614 0 232 84 424
horse 0.1147 193 239 290 329
horse 0.0041 36 223 200 351
horse 0.0032 218 250 262 303
person 0.8272 231 227 254 285
person 0.7898 94 193 144 285
person 0.1830 108 198 167 290
person 0.1501 235 238 250 281
person 0.0817 102 204 133 275
person 0.0660 145 229 173 291
person 0.0545 147 289 174 340
person 0.0328 141 236 177 340
person 0.0227 146 252 175 304
person 0.0159 136 216 179 304
person 0.0128 2 211 82 390
person 0.0101 230 238 261 310
person 0.0095 96 210 122 279
person 0.0091 122 209 157 275
person 0.0073 155 261 178 333
person 0.0044 111 188 148 244
person 0.0044 71 195 166 313
person 0.0031 150 272 169 329
person 0.0029 211 258 236 321
person 0.0027 125 301 167 334
person 0.0026 241 241 275 283
person 0.0021 0 264 6 410
person 0.0015 135 284 184 344
person 0.0015 152 319 169 339
person 0.0015 66 232 82 258
person 0.0014 105 239 183 325
person 0.0014 264 253 279 275
person 0.0014 13 213 65 296
person 0.0013 23 230 58 274
person 0.0013 232 227 247 270
person 0.0013 160 288 173 341
person 0.0011 214 240 240 280
person 0.0011 47 139 219 306
person 0.0011 34 240 93 325
person 0.0010 0 201 6 357
person 0.0010 148 267 169 296
person 0.0010 47 231 80 277
person 0.0010 237 232 252 261
person 0.0010 161 260 178 291
