boat 0.0183 9 159 45 169
boat 0.0174 0 154 57 172
boat 0.0052 1 159 20 170
boat 0.0045 115 189 391 303
boat 0.0044 224 142 275 172
boat 0.0042 30 160 65 169
boat 0.0033 20 146 83 173
boat 0.0031 149 144 196 175
boat 0.0027 3 143 47 175
boat 0.0024 132 159 157 168
boat 0.0023 28 154 104 172
boat 0.0022 184 144 233 174
boat 0.0022 153 165 211 229
boat 0.0021 119 152 172 173
boat 0.0020 150 158 175 167
boat 0.0020 170 148 195 159
boat 0.0019 157 142 209 164
boat 0.0018 153 148 177 160
boat 0.0017 193 143 252 163
boat 0.0016 251 148 276 160
boat 0.0016 52 158 83 168
boat 0.0015 140 142 188 164
boat 0.0015 9 129 96 188
boat 0.0014 0 144 18 161
boat 0.0013 91 158 118 167
boat 0.0013 263 149 289 160
boat 0.0012 265 144 314 171
boat 0.0012 210 123 289 186
boat 0.0011 67 145 125 171
boat 0.0011 207 148 238 159
boat 0.0011 189 149 216 159
boat 0.0010 0 118 51 197
horse 0.0023 231 210 356 257
person 0.6522 277 183 316 241
person 0.3488 179 187 217 238
person 0.0845 184 184 206 232
person 0.0751 144 181 222 243
person 0.0593 286 189 310 234
person 0.0563 158 186 205 236
person 0.0453 199 214 247 240
person 0.0449 292 220 349 247
person 0.0397 139 190 183 230
person 0.0277 238 202 290 236
person 0.0246 170 205 224 240
person 0.0172 182 220 236 247
person 0.0156 180 177 217 215
person 0.0129 289 201 337 243
person 0.0119 161 178 201 212
person 0.0104 225 221 288 249
person 0.0078 254 190 305 236
person 0.0049 215 192 307 242
person 0.0042 257 219 329 247
person 0.0039 148 191 170 231
person 0.0030 168 163 228 232
person 0.0025 154 221 201 248
person 0.0024 206 207 264 238
person 0.0019 184 214 331 258
person 0.0017 184 179 206 209
person 0.0016 126 194 165 231
person 0.0014 275 216 361 252
person 0.0010 137 184 184 213
