car 0.0017 54 328 520 379
chair 0.0101 353 123 387 178
chair 0.0093 390 126 420 191
chair 0.0085 377 152 417 205
chair 0.0043 -2 250 31 354
chair 0.0015 401 132 425 197
chair 0.0013 0 277 29 334
chair 0.0012 2 303 33 353
chair 0.0010 346 140 396 222
chair 0.0010 419 168 463 210
person 0.9570 218 86 383 345
person 0.7280 72 34 275 345
person 0.2687 -2 134 41 344
person 0.2137 64 111 121 210
person 0.1186 450 127 502 362
person 0.0352 350 117 392 188
person 0.0279 346 125 379 173
person 0.0270 383 118 421 205
person 0.0147 40 230 85 331
person 0.0082 381 95 415 151
person 0.0069 393 128 497 365
person 0.0061 10 140 99 343
person 0.0059 2 125 35 252
person 0.0054 407 116 426 161
person 0.0054 404 124 425 180
person 0.0043 0 145 11 329
person 0.0039 130 35 368 296
person 0.0031 42 91 141 276
person 0.0030 384 110 407 162
person 0.0029 54 259 128 341
person 0.0028 47 251 83 308
person 0.0026 97 131 409 345
person 0.0023 27 186 88 302
person 0.0023 45 269 81 325
person 0.0023 407 102 425 146
person 0.0022 36 117 90 207
person 0.0018 461 142 496 289
person 0.0017 348 123 369 152
person 0.0016 409 113 427 135
person 0.0016 227 60 369 214
person 0.0015 328 126 349 150
person 0.0014 358 121 383 163
person 0.0013 336 99 370 148
person 0.0012 292 78 361 170
person 0.0012 326 117 357 158
person 0.0011 112 102 129 140
person 0.0011 0 96 12 179
person 0.0010 38 146 60 189
pottedplant 0.0622 318 51 357 96
pottedplant 0.0230 307 50 359 146
pottedplant 0.0131 322 67 362 116
pottedplant 0.0105 331 53 370 99
pottedplant 0.0061 324 42 376 113
pottedplant 0.0047 333 80 368 131
pottedplant 0.0032 330 55 351 100
pottedplant 0.0030 300 57 318 78
pottedplant 0.0017 341 91 360 116
pottedplant 0.0015 340 76 362 104
pottedplant 0.0013 341 67 363 94
pottedplant 0.0013 294 57 338 95
pottedplant 0.0010 328 76 353 102
