dog 0.0020 126 308 270 487
motorbike 0.0019 0 225 271 487
person 0.9403 -1 8 233 418
person 0.1544 167 158 277 488
person 0.0866 69 24 287 477
person 0.0254 5 96 145 475
person 0.0189 174 107 268 329
person 0.0144 207 137 273 441
person 0.0064 -29 149 260 491
person 0.0047 131 -1 148 13
person 0.0033 0 75 61 437
person 0.0029 0 152 6 247
person 0.0026 215 139 268 218
person 0.0026 124 0 144 13
person 0.0025 0 136 19 281
person 0.0023 244 145 273 273
person 0.0023 107 -1 157 23
person 0.0021 238 125 273 383
person 0.0020 117 1 164 44
person 0.0018 0 75 31 427
person 0.0017 206 290 273 491
person 0.0016 129 -1 177 28
person 0.0015 218 153 254 205
person 0.0013 -5 297 194 493
person 0.0011 229 150 266 203
person 0.0011 86 233 270 480
person 0.0010 144 0 163 13
person 0.0010 247 293 273 508
