bottle 0.0055 341 255 407 338
bottle 0.0015 371 219 387 257
bottle 0.0013 96 333 112 347
car 0.0880 35 340 228 374
car 0.0085 -10 337 131 377
car 0.0055 178 336 412 373
car 0.0040 231 350 354 376
car 0.0015 71 301 195 375
chair 0.0679 326 348 411 375
chair 0.0168 264 351 388 376
chair 0.0085 214 341 436 375
chair 0.0053 89 338 257 377
chair 0.0053 129 348 217 375
chair 0.0050 44 350 204 376
chair 0.0049 133 290 232 374
chair 0.0035 71 287 282 378
chair 0.0018 165 348 260 373
chair 0.0012 111 216 158 329
chair 0.0011 359 254 423 341
chair 0.0010 41 325 305 382
person 0.8318 144 110 212 316
person 0.7658 234 99 324 280
person 0.6976 411 85 487 344
person 0.3232 27 90 104 339
person 0.2777 222 277 372 376
person 0.1641 406 93 480 238
person 0.1262 29 103 91 218
person 0.0700 42 129 140 351
person 0.0679 210 129 312 356
person 0.0671 100 114 175 325
person 0.0508 244 89 306 175
person 0.0467 449 263 499 382
person 0.0425 409 93 472 180
person 0.0421 34 99 84 171
person 0.0180 449 157 503 387
person 0.0131 43 101 78 145
person 0.0100 149 114 208 208
person 0.0078 405 227 494 376
person 0.0055 232 92 291 208
person 0.0053 161 107 237 277
person 0.0042 463 189 497 364
person 0.0040 158 131 256 350
person 0.0027 337 87 478 351
person 0.0023 271 141 380 356
person 0.0023 258 93 373 279
person 0.0018 49 106 73 135
person 0.0016 228 86 337 191
person 0.0012 33 151 89 274
person 0.0011 42 89 80 129
person 0.0011 427 247 476 355
person 0.0010 35 85 136 247
person 0.0010 254 100 296 154
pottedplant 0.0350 80 80 120 129
pottedplant 0.0092 91 73 124 114
pottedplant 0.0032 99 68 122 87
pottedplant 0.0027 63 86 118 164
pottedplant 0.0027 98 78 121 105
pottedplant 0.0014 97 76 119 137
pottedplant 0.0013 75 98 110 154
pottedplant 0.0012 92 68 124 96
pottedplant 0.0010 84 92 123 148
