chair 0.0087 380 209 500 341
chair 0.0053 400 224 482 316
chair 0.0050 17 169 183 316
chair 0.0046 68 122 202 299
chair 0.0044 230 95 354 336
chair 0.0019 319 156 496 336
chair 0.0012 330 227 482 366
chair 0.0011 367 263 434 343
chair 0.0010 52 192 141 290
person 0.9600 88 43 185 279
person 0.8201 258 3 386 311
person 0.0605 246 11 357 199
person 0.0205 246 -6 478 209
person 0.0127 258 78 467 349
person 0.0087 1 289 35 329
person 0.0039 339 238 395 310
person 0.0030 312 -9 489 325
person 0.0027 12 293 30 328
person 0.0022 98 48 168 148
person 0.0010 364 226 441 322
pottedplant 0.0031 345 248 385 294
tvmonitor 0.0048 366 2 506 140
tvmonitor 0.0019 443 24 499 112
