chair 0.0106 123 96 402 376
chair 0.0024 0 233 117 364
chair 0.0012 437 264 502 346
diningtable 0.0014 45 279 532 374
person 0.8681 176 60 402 361
person 0.0042 -2 100 55 386
person 0.0036 -2 53 114 378
person 0.0018 0 3 31 198
person 0.0018 -2 -24 43 339
person 0.0017 325 134 492 303
person 0.0013 -1 136 33 297
person 0.0012 389 18 503 305
person 0.0010 96 49 345 282
sofa 0.0011 136 166 500 363
tvmonitor 0.1297 402 147 499 290
tvmonitor 0.0301 450 151 496 282
tvmonitor 0.0044 483 149 500 210
tvmonitor 0.0044 461 158 496 211
tvmonitor 0.0040 474 161 500 197
tvmonitor 0.0032 418 144 487 245
tvmonitor 0.0018 106 267 179 346
tvmonitor 0.0013 447 164 494 194
