bicycle 0.0146 81 228 352 370
bicycle 0.0109 59 234 205 366
bicycle 0.0096 55 299 156 374
bicycle 0.0035 141 269 436 375
bicycle 0.0024 29 278 315 373
bicycle 0.0019 173 294 250 367
bicycle 0.0018 63 325 187 373
bottle 0.0043 269 285 322 372
bottle 0.0022 108 221 170 334
bottle 0.0011 279 305 315 360
car 0.0010 179 346 250 373
person 0.9821 136 62 304 374
person 0.5423 331 -19 491 331
person 0.0122 244 11 499 258
person 0.0099 159 39 400 346
person 0.0069 -1 67 42 368
person 0.0064 453 53 497 372
person 0.0054 328 165 491 371
person 0.0046 474 91 500 285
person 0.0044 -1 115 27 315
person 0.0031 117 45 315 237
person 0.0019 482 92 499 183
person 0.0018 0 91 31 228
person 0.0017 266 228 469 372
person 0.0015 0 103 12 257
person 0.0015 319 269 491 375
