bicycle 0.0318 71 221 432 379
bicycle 0.0011 179 274 473 371
bottle 0.0219 214 190 230 224
bottle 0.0056 212 177 228 219
bottle 0.0048 204 187 236 225
bottle 0.0029 0 279 15 370
bottle 0.0022 92 143 114 163
bottle 0.0014 91 150 115 174
bottle 0.0011 84 145 124 182
bottle 0.0010 95 144 112 185
chair 0.6861 321 124 468 360
chair 0.1089 144 171 195 214
chair 0.0380 444 133 503 363
chair 0.0325 453 134 498 243
chair 0.0186 379 138 497 360
chair 0.0131 44 128 295 364
chair 0.0112 130 178 214 240
chair 0.0096 190 191 234 228
chair 0.0086 142 187 206 226
chair 0.0080 315 227 488 372
chair 0.0079 194 169 234 213
chair 0.0044 187 158 240 225
chair 0.0037 177 182 243 243
chair 0.0035 -3 0 32 145
chair 0.0034 135 168 183 200
chair 0.0033 126 170 171 219
chair 0.0028 458 160 495 212
chair 0.0023 230 187 279 247
chair 0.0023 0 158 29 331
chair 0.0022 0 275 31 380
chair 0.0018 1 61 29 197
chair 0.0016 357 189 447 295
chair 0.0012 418 158 483 272
chair 0.0012 100 154 175 227
chair 0.0012 149 171 174 216
chair 0.0011 0 259 13 359
diningtable 0.3250 37 183 464 372
diningtable 0.0088 168 132 407 368
person 0.9165 296 117 451 364
person 0.8176 26 77 160 356
person 0.4036 341 93 444 291
person 0.1324 57 87 280 352
person 0.0186 25 69 223 257
person 0.0164 195 102 387 343
person 0.0097 9 64 132 264
person 0.0085 340 99 402 205
person 0.0054 254 114 400 269
person 0.0052 445 79 508 302
person 0.0035 462 103 498 224
person 0.0027 330 141 401 227
person 0.0026 354 104 441 211
person 0.0021 1 66 47 365
person 0.0013 -4 -4 35 94
person 0.0011 483 122 497 212
pottedplant 0.0199 238 195 282 226
pottedplant 0.0016 227 152 272 226
tvmonitor 0.0532 286 152 347 211
tvmonitor 0.0033 265 149 331 221
tvmonitor 0.0019 -1 106 11 195
