car 0.0258 402 4 495 204
car 0.0043 430 32 500 280
car 0.0037 433 46 501 153
car 0.0021 443 91 498 221
car 0.0019 407 24 488 129
chair 0.0031 -11 222 424 369
motorbike 0.0116 402 10 492 251
person 0.9740 97 37 391 340
person 0.7912 371 174 495 374
person 0.5906 24 102 325 373
person 0.2333 285 191 382 366
person 0.1200 0 258 47 365
person 0.0729 373 190 424 295
person 0.0342 24 260 72 351
person 0.0332 486 168 500 220
person 0.0245 173 41 477 393
person 0.0208 294 129 425 370
person 0.0208 384 188 414 232
person 0.0167 293 198 370 295
person 0.0165 174 170 407 378
person 0.0146 413 160 457 199
person 0.0116 0 282 16 365
person 0.0108 484 186 499 261
person 0.0092 206 230 376 370
person 0.0090 402 20 497 292
person 0.0088 385 183 407 203
person 0.0085 485 171 500 195
person 0.0078 398 184 418 203
person 0.0074 408 153 475 222
person 0.0070 243 275 328 375
person 0.0057 21 278 43 342
person 0.0049 484 179 500 206
person 0.0048 387 172 425 213
person 0.0047 397 191 418 227
person 0.0046 382 195 404 249
person 0.0044 7 21 270 297
person 0.0039 332 193 400 299
person 0.0039 419 164 445 188
person 0.0038 380 209 413 273
person 0.0036 18 261 44 278
person 0.0033 -2 180 202 369
person 0.0032 472 166 500 218
person 0.0030 33 272 64 343
person 0.0028 401 165 485 266
person 0.0023 133 6 513 267
person 0.0023 34 260 55 278
person 0.0022 315 2 499 259
person 0.0021 298 214 337 260
person 0.0021 5 272 42 338
person 0.0020 488 97 500 237
person 0.0020 441 168 465 190
person 0.0020 380 227 401 281
person 0.0020 0 239 13 298
person 0.0018 312 202 357 245
person 0.0017 310 217 328 259
person 0.0017 399 226 417 279
person 0.0017 309 213 331 235
person 0.0017 3 291 37 363
person 0.0016 450 172 494 209
person 0.0015 334 103 473 341
person 0.0015 0 257 19 279
person 0.0015 416 109 488 211
person 0.0015 431 144 499 358
person 0.0015 483 194 500 219
person 0.0014 404 174 426 193
person 0.0014 -1 276 26 343
person 0.0013 453 157 497 275
person 0.0013 0 259 17 335
person 0.0012 333 171 405 261
person 0.0011 20 265 45 288
person 0.0011 315 188 357 231
person 0.0011 11 311 49 368
person 0.0011 -10 232 61 386
person 0.0011 300 204 339 243
person 0.0011 456 180 482 201
person 0.0011 327 209 349 233
person 0.0011 -2 89 28 232
person 0.0010 456 172 478 192
person 0.0010 -1 267 20 291
person 0.0010 56 281 76 337
