bottle 0.0020 481 75 499 138
bottle 0.0013 215 157 233 201
bottle 0.0013 39 97 63 115
chair 0.1980 312 141 347 191
chair 0.1628 235 109 315 208
chair 0.0643 371 113 501 365
chair 0.0581 303 138 344 222
chair 0.0339 -1 149 32 286
chair 0.0331 23 224 241 375
chair 0.0317 -5 120 132 364
chair 0.0269 455 53 500 144
chair 0.0154 180 177 232 256
chair 0.0152 298 136 343 172
chair 0.0134 185 115 248 199
chair 0.0105 -3 230 33 377
chair 0.0104 -1 127 45 363
chair 0.0090 460 73 498 125
chair 0.0087 192 135 230 179
chair 0.0087 221 131 298 222
chair 0.0086 482 60 500 125
chair 0.0066 227 91 420 282
chair 0.0061 315 228 489 371
chair 0.0050 175 140 236 231
chair 0.0050 206 132 243 170
chair 0.0047 0 187 31 242
chair 0.0040 473 55 502 101
chair 0.0038 424 62 481 94
chair 0.0029 282 144 320 188
chair 0.0027 188 187 224 243
chair 0.0027 328 113 385 203
chair 0.0027 482 34 500 97
chair 0.0026 278 131 320 167
chair 0.0025 479 65 501 89
chair 0.0025 456 55 496 98
chair 0.0022 -13 272 131 374
chair 0.0021 14 66 73 144
chair 0.0020 311 142 335 161
chair 0.0019 153 140 199 180
chair 0.0019 205 143 240 186
chair 0.0019 -1 213 29 272
chair 0.0018 213 141 240 163
chair 0.0018 362 166 451 261
chair 0.0018 1 165 36 214
chair 0.0017 287 141 307 160
chair 0.0017 146 140 209 230
chair 0.0017 0 87 59 164
chair 0.0016 478 82 500 105
chair 0.0014 141 118 209 200
chair 0.0014 310 109 356 146
chair 0.0013 183 163 227 206
chair 0.0012 477 53 501 76
chair 0.0012 215 152 237 174
chair 0.0011 301 94 362 168
chair 0.0011 408 33 487 103
chair 0.0011 426 76 474 116
chair 0.0011 196 111 237 155
chair 0.0011 24 101 66 148
chair 0.0011 408 159 481 269
chair 0.0010 145 168 213 259
chair 0.0010 154 160 200 205
chair 0.0010 330 86 376 122
chair 0.0010 306 151 334 199
chair 0.0010 424 53 477 81
chair 0.0010 259 131 306 182
diningtable 0.8697 58 188 443 362
diningtable 0.0550 11 222 334 379
diningtable 0.0503 29 131 397 311
diningtable 0.0109 51 273 448 376
diningtable 0.0018 126 104 301 268
diningtable 0.0016 204 177 297 253
diningtable 0.0014 183 239 315 308
person 0.9470 24 45 179 328
person 0.8653 213 102 310 211
person 0.7140 324 14 498 291
person 0.0153 246 94 490 334
person 0.0130 440 53 501 378
person 0.0063 176 104 373 259
person 0.0055 133 91 310 223
person 0.0034 228 22 433 242
person 0.0025 74 72 263 307
person 0.0021 400 -4 492 81
person 0.0020 328 9 489 146
person 0.0017 13 89 76 156
person 0.0012 0 55 51 323
tvmonitor 0.0010 327 90 375 123
