car 0.0076 285 160 320 176
chair 0.9790 64 230 187 371
chair 0.2199 330 196 495 364
chair 0.1939 81 270 237 374
chair 0.0227 99 196 227 362
chair 0.0124 294 143 340 177
chair 0.0093 -1 289 48 381
chair 0.0056 -1 339 47 376
chair 0.0055 6 291 91 377
chair 0.0049 364 203 453 294
chair 0.0048 132 229 288 370
chair 0.0030 125 245 209 369
chair 0.0024 2 312 39 364
chair 0.0024 60 282 152 375
chair 0.0019 -1 330 104 376
chair 0.0016 316 142 356 178
chair 0.0015 16 341 87 374
chair 0.0015 246 159 266 172
chair 0.0015 158 189 211 294
chair 0.0013 447 293 502 376
chair 0.0012 92 207 170 338
chair 0.0012 -10 352 61 376
chair 0.0011 174 173 219 270
person 0.9263 34 181 181 375
person 0.0090 -2 164 122 383
person 0.0087 0 160 47 377
person 0.0044 288 147 331 177
person 0.0026 300 147 319 178
person 0.0020 87 189 169 305
person 0.0016 303 142 326 162
person 0.0014 235 74 257 92
pottedplant 0.2231 6 124 52 189
pottedplant 0.0636 15 122 49 158
pottedplant 0.0524 6 93 42 177
pottedplant 0.0206 24 132 62 181
pottedplant 0.0050 13 104 47 147
pottedplant 0.0036 160 71 321 181
pottedplant 0.0033 0 95 11 179
pottedplant 0.0032 -1 109 27 167
pottedplant 0.0031 27 114 65 155
pottedplant 0.0023 2 137 49 231
pottedplant 0.0023 18 98 70 174
pottedplant 0.0018 2 157 47 191
pottedplant 0.0015 200 80 288 162
pottedplant 0.0015 1 166 23 193
pottedplant 0.0014 1 151 17 205
pottedplant 0.0012 18 141 43 191
tvmonitor 0.0469 0 174 44 313
tvmonitor 0.0129 164 60 323 154
tvmonitor 0.0090 206 66 290 144
tvmonitor 0.0027 121 138 163 175
