bicycle 0.7529 89 111 399 476
bicycle 0.0738 -9 125 268 461
bicycle 0.0412 209 151 390 436
bicycle 0.0049 32 10 342 418
bicycle 0.0036 265 145 380 376
bicycle 0.0020 210 286 281 371
bicycle 0.0014 323 154 378 415
bicycle 0.0011 274 233 376 488
bottle 0.0015 224 304 267 359
car 0.0036 0 116 39 162
car 0.0016 -2 -3 76 57
car 0.0012 8 1 66 43
car 0.0011 0 112 42 225
chair 0.0317 -2 208 93 439
chair 0.0029 5 229 75 342
chair 0.0015 -3 181 49 466
person 0.0291 -2 151 87 431
person 0.0038 257 0 282 26
person 0.0033 -1 214 38 352
person 0.0020 2 76 73 345
person 0.0016 317 0 339 14
person 0.0010 269 0 291 26
pottedplant 0.0142 251 0 294 33
tvmonitor 0.0037 298 0 365 32
tvmonitor 0.0020 263 1 342 33
tvmonitor 0.0011 234 0 372 47
tvmonitor 0.0010 334 0 373 36
