bottle 0.0213 96 140 113 158
bottle 0.0106 109 140 129 158
bottle 0.0044 82 137 98 165
bottle 0.0041 345 167 367 184
bottle 0.0012 71 280 90 340
chair 0.9162 14 153 102 275
chair 0.6386 395 169 478 266
chair 0.2886 368 183 457 249
chair 0.1521 79 214 282 373
chair 0.0759 79 145 101 162
chair 0.0748 261 138 310 176
chair 0.0586 5 152 44 276
chair 0.0525 335 159 481 273
chair 0.0280 412 157 485 231
chair 0.0255 382 194 440 235
chair 0.0211 30 148 84 178
chair 0.0203 247 132 317 193
chair 0.0173 48 146 132 234
chair 0.0150 270 153 291 171
chair 0.0149 -1 172 9 246
chair 0.0148 33 156 92 201
chair 0.0133 240 140 322 227
chair 0.0120 69 139 109 164
chair 0.0098 441 160 494 274
chair 0.0098 423 164 482 197
chair 0.0062 410 189 466 242
chair 0.0055 268 144 294 160
chair 0.0051 17 163 87 218
chair 0.0049 302 147 359 174
chair 0.0049 50 279 230 373
chair 0.0044 238 272 480 378
chair 0.0043 91 135 119 149
chair 0.0042 53 148 78 161
chair 0.0041 76 135 138 162
chair 0.0041 61 273 107 381
chair 0.0040 79 120 127 152
chair 0.0040 310 164 335 176
chair 0.0037 36 140 101 166
chair 0.0033 87 143 174 229
chair 0.0032 282 154 307 173
chair 0.0032 93 128 150 153
chair 0.0031 0 138 11 224
chair 0.0031 106 134 139 149
chair 0.0029 -6 146 67 281
chair 0.0029 279 142 310 163
chair 0.0028 76 152 95 167
chair 0.0028 -1 180 12 206
chair 0.0027 60 146 115 177
chair 0.0026 272 145 290 180
chair 0.0025 369 201 456 278
chair 0.0024 167 290 259 372
chair 0.0022 52 156 81 170
chair 0.0020 427 161 446 177
chair 0.0019 58 132 136 193
chair 0.0019 96 249 176 362
chair 0.0019 81 133 101 149
chair 0.0019 25 155 146 328
chair 0.0018 414 217 462 268
chair 0.0018 263 162 311 208
chair 0.0017 404 160 465 196
chair 0.0017 106 137 151 177
chair 0.0016 315 164 349 176
chair 0.0016 6 182 37 245
chair 0.0016 234 129 283 169
chair 0.0016 6 162 41 217
chair 0.0015 28 182 94 231
chair 0.0015 383 223 497 382
chair 0.0015 373 173 434 204
chair 0.0015 91 132 164 196
chair 0.0014 18 141 78 167
chair 0.0012 339 164 468 228
chair 0.0012 54 197 119 287
chair 0.0012 34 275 96 379
chair 0.0011 52 158 120 200
chair 0.0011 286 295 440 371
chair 0.0010 69 164 123 212
chair 0.0010 295 154 346 177
chair 0.0010 -1 191 11 221
chair 0.0010 62 211 117 333
diningtable 0.0929 96 177 481 375
diningtable 0.0129 16 138 152 248
diningtable 0.0074 236 216 480 386
diningtable 0.0050 132 228 363 368
motorbike 0.0058 419 14 457 52
motorbike 0.0055 422 6 467 40
motorbike 0.0024 446 4 504 66
motorbike 0.0021 457 14 496 54
motorbike 0.0019 409 7 474 60
person 0.8488 92 164 275 375
person 0.5744 192 124 314 242
person 0.3052 155 117 341 373
person 0.0365 455 3 496 38
person 0.0045 138 142 211 227
person 0.0042 198 135 460 248
person 0.0036 477 0 500 40
person 0.0025 58 128 217 314
person 0.0017 463 6 486 33
person 0.0012 94 104 258 281
person 0.0012 133 169 217 252
person 0.0011 0 1 10 72
person 0.0011 478 1 500 19
person 0.0010 165 203 255 277
person 0.0010 0 16 8 111
