person 0.9225 90 140 203 304
person 0.5315 244 203 296 392
person 0.3725 65 267 109 359
person 0.1998 208 238 241 354
person 0.1125 172 248 207 353
person 0.0398 294 313 333 393
person 0.0227 189 253 211 338
person 0.0182 79 214 206 368
person 0.0113 144 249 195 346
person 0.0104 169 254 193 340
person 0.0055 102 247 177 339
person 0.0052 95 253 140 346
person 0.0049 249 250 333 396
person 0.0034 78 276 150 355
person 0.0034 155 254 186 322
person 0.0031 115 231 263 400
person 0.0031 319 287 331 386
person 0.0029 70 268 99 327
person 0.0028 208 241 236 309
person 0.0024 103 257 130 323
person 0.0024 180 202 305 386
person 0.0024 299 298 329 367
person 0.0019 102 285 182 358
person 0.0015 151 297 186 353
person 0.0012 118 251 159 311
