car 0.0511 419 50 449 68
car 0.0419 424 48 470 77
car 0.0362 474 52 498 76
car 0.0155 460 50 495 84
car 0.0087 393 45 420 64
car 0.0081 478 47 498 63
car 0.0069 385 48 423 80
car 0.0048 427 48 465 63
car 0.0031 462 52 494 71
car 0.0030 387 37 414 72
car 0.0014 482 33 498 76
car 0.0012 440 45 462 81
car 0.0011 -3 -1 101 148
person 0.8788 155 39 358 391
person 0.3900 122 -3 216 140
person 0.2279 86 14 103 49
person 0.1125 282 -3 388 146
person 0.1092 2 232 40 376
person 0.0489 0 24 63 118
person 0.0346 210 -13 433 335
person 0.0249 198 20 217 59
person 0.0157 0 93 43 391
person 0.0142 300 7 365 124
person 0.0112 79 6 107 45
person 0.0108 168 6 334 268
person 0.0087 -1 233 99 368
person 0.0082 35 0 81 40
person 0.0077 0 1 59 81
person 0.0055 53 1 75 36
person 0.0055 1 154 32 334
person 0.0054 5 17 49 60
person 0.0050 0 261 14 359
person 0.0048 0 112 107 378
person 0.0047 390 45 410 79
person 0.0044 33 38 317 395
person 0.0036 0 25 15 74
person 0.0036 1 43 57 93
person 0.0035 3 -1 52 39
person 0.0034 191 24 223 66
person 0.0034 77 17 114 53
person 0.0033 0 -10 55 322
person 0.0030 178 15 232 124
person 0.0026 18 -3 91 48
person 0.0026 207 7 363 201
person 0.0026 106 0 303 193
person 0.0024 327 11 395 125
person 0.0024 212 31 231 67
person 0.0018 3 -1 97 203
person 0.0018 3 291 87 374
person 0.0017 0 290 11 382
person 0.0015 0 13 26 58
person 0.0014 257 16 329 124
person 0.0013 0 165 11 341
person 0.0010 3 269 33 336
person 0.0010 4 58 43 191
