bottle 0.0034 220 146 235 178
bottle 0.0013 227 143 241 176
chair 0.0064 273 129 378 360
chair 0.0054 289 205 368 286
chair 0.0044 338 151 374 263
chair 0.0039 333 118 377 231
chair 0.0031 257 99 357 175
chair 0.0026 0 55 90 225
chair 0.0024 288 156 368 256
chair 0.0023 341 174 372 237
chair 0.0022 300 222 359 270
chair 0.0018 336 85 378 192
chair 0.0010 341 140 373 203
chair 0.0010 113 109 202 179
person 0.6191 252 109 365 242
person 0.5813 49 179 161 373
person 0.0747 9 165 308 399
person 0.0540 112 152 378 345
person 0.0313 185 113 378 296
person 0.0064 237 153 365 422
person 0.0055 117 189 372 468
person 0.0027 12 235 194 497
person 0.0022 276 80 373 210
person 0.0021 0 42 39 153
person 0.0021 92 93 335 260
person 0.0018 111 166 257 251
person 0.0014 2 64 33 118
person 0.0012 214 239 329 328
person 0.0012 56 67 262 217
pottedplant 0.0941 293 48 359 126
pottedplant 0.0684 306 17 362 113
pottedplant 0.0281 302 66 350 112
pottedplant 0.0067 313 33 354 91
pottedplant 0.0062 287 27 375 159
pottedplant 0.0054 284 106 368 175
pottedplant 0.0024 300 110 356 161
pottedplant 0.0020 338 20 374 165
pottedplant 0.0011 283 89 361 126
sofa 0.7299 65 146 261 270
sofa 0.4258 36 153 288 341
sofa 0.0326 -8 233 323 504
sofa 0.0098 95 162 225 243
tvmonitor 0.1618 280 71 334 112
tvmonitor 0.0381 275 70 312 99
tvmonitor 0.0050 268 91 354 124
tvmonitor 0.0013 283 45 325 91
tvmonitor 0.0013 272 27 338 111
