bottle 0.0010 144 246 182 284
chair 0.0171 -5 274 129 375
chair 0.0061 -2 229 192 376
chair 0.0021 317 274 500 383
chair 0.0014 -2 192 121 359
chair 0.0012 61 266 226 376
person 0.9178 236 159 327 376
person 0.9113 104 192 210 371
person 0.0133 202 123 320 323
person 0.0110 221 137 297 225
person 0.0103 134 177 286 373
person 0.0080 263 168 364 376
person 0.0080 210 214 309 373
person 0.0045 184 83 322 238
person 0.0037 228 195 282 346
person 0.0031 335 145 378 231
person 0.0021 400 20 494 299
person 0.0017 440 9 498 250
person 0.0012 331 141 352 193
person 0.0011 442 55 503 380
person 0.0010 308 143 361 225
pottedplant 0.0045 -2 277 33 377
pottedplant 0.0037 0 284 15 361
pottedplant 0.0035 -1 294 23 351
pottedplant 0.0010 0 278 29 330
train 0.0010 166 66 333 211
