chair 0.0058 297 139 320 231
chair 0.0017 238 134 321 229
chair 0.0012 309 123 320 200
chair 0.0012 251 177 316 228
dog 0.0022 134 6 287 114
person 0.8132 160 71 311 227
person 0.0650 112 81 261 218
person 0.0378 232 66 320 230
person 0.0273 0 14 270 252
person 0.0151 168 23 302 174
person 0.0112 220 20 294 101
person 0.0105 233 28 284 86
person 0.0098 0 44 74 225
person 0.0075 0 37 35 230
person 0.0047 0 67 7 117
person 0.0046 286 16 318 211
person 0.0039 246 10 316 149
person 0.0035 142 164 318 230
person 0.0029 299 106 320 195
person 0.0029 39 101 230 227
person 0.0025 3 69 168 227
person 0.0024 0 60 21 132
person 0.0022 0 54 6 163
person 0.0017 78 2 295 156
person 0.0013 170 5 298 87
person 0.0010 38 16 223 142
tvmonitor 0.0309 37 36 137 157
tvmonitor 0.0117 2 44 123 221
tvmonitor 0.0087 86 46 137 107
tvmonitor 0.0043 0 80 75 217
tvmonitor 0.0025 58 62 117 128
