boat 0.1011 454 97 474 106
boat 0.0851 456 95 476 103
boat 0.0386 483 91 499 102
boat 0.0366 451 93 466 103
boat 0.0216 330 245 465 343
boat 0.0173 452 86 491 103
boat 0.0160 61 99 82 108
boat 0.0149 425 81 480 111
boat 0.0136 451 80 494 111
boat 0.0091 326 98 351 107
boat 0.0087 14 102 40 108
boat 0.0066 2 89 19 105
boat 0.0063 420 93 441 102
boat 0.0063 404 93 427 102
boat 0.0056 294 87 358 109
boat 0.0051 304 99 332 107
boat 0.0050 36 103 63 110
boat 0.0050 0 99 15 108
boat 0.0049 379 84 438 109
boat 0.0047 469 82 504 105
boat 0.0047 481 97 499 108
boat 0.0046 2 81 42 112
boat 0.0045 437 86 478 105
boat 0.0044 403 98 423 106
boat 0.0041 186 245 465 348
boat 0.0040 22 86 80 111
boat 0.0039 435 92 478 112
boat 0.0037 446 32 500 115
boat 0.0031 191 99 211 107
boat 0.0031 421 98 440 106
boat 0.0031 407 85 455 104
boat 0.0029 384 98 404 106
boat 0.0028 381 93 405 102
boat 0.0027 308 92 330 102
boat 0.0023 321 94 348 103
boat 0.0023 456 56 493 97
boat 0.0023 333 86 397 110
boat 0.0022 94 101 121 109
boat 0.0022 287 100 312 107
boat 0.0018 115 101 139 109
boat 0.0017 417 66 489 124
boat 0.0015 341 297 468 348
boat 0.0014 -4 29 46 119
boat 0.0014 285 95 353 111
boat 0.0013 172 100 197 108
boat 0.0013 1 95 59 111
boat 0.0012 401 92 462 113
boat 0.0011 361 308 448 337
boat 0.0011 260 86 325 110
boat 0.0011 485 75 500 91
boat 0.0010 306 283 501 367
boat 0.0010 368 86 422 105
boat 0.0010 -3 79 28 109
person 0.9443 340 221 411 334
person 0.7116 35 258 131 347
person 0.1521 342 255 457 334
person 0.0174 53 255 136 311
person 0.0169 348 240 398 304
person 0.0157 71 259 128 297
person 0.0120 368 247 425 299
person 0.0069 343 272 395 321
person 0.0059 369 274 433 319
person 0.0030 389 232 468 321
person 0.0029 356 226 396 277
person 0.0028 40 275 94 324
person 0.0028 104 258 140 296
person 0.0028 56 273 119 320
person 0.0021 381 266 477 333
person 0.0014 387 243 429 286
person 0.0011 35 264 86 295
