bicycle 0.0042 245 342 351 360
bottle 0.0029 191 80 209 121
bottle 0.0028 262 95 297 137
bottle 0.0019 277 95 310 117
bottle 0.0017 191 98 231 143
bottle 0.0017 273 98 312 132
bottle 0.0017 274 94 290 138
bottle 0.0014 189 91 207 140
bottle 0.0014 73 141 97 157
bottle 0.0012 174 96 194 136
bottle 0.0010 167 98 204 132
car 0.0015 0 321 33 359
chair 0.0018 175 82 235 164
diningtable 0.0013 80 204 496 363
person 0.7780 342 33 465 317
person 0.6547 115 61 224 229
person 0.5994 9 61 112 230
person 0.3126 253 24 355 221
person 0.1373 246 1 387 350
person 0.0667 105 38 244 369
person 0.0215 3 108 108 357
person 0.0152 -1 225 10 342
person 0.0117 0 108 52 362
person 0.0107 374 61 496 355
person 0.0072 2 213 27 368
person 0.0051 34 65 383 407
person 0.0046 0 107 37 248
person 0.0044 0 273 16 347
person 0.0041 0 51 64 249
person 0.0035 369 29 485 227
person 0.0033 148 94 433 376
person 0.0033 136 57 262 198
person 0.0027 0 170 39 296
person 0.0025 60 331 126 359
person 0.0024 22 42 139 309
person 0.0023 283 19 461 232
person 0.0021 0 110 12 265
person 0.0020 94 334 173 359
person 0.0018 262 100 474 364
person 0.0016 116 74 177 214
person 0.0015 15 123 98 226
person 0.0015 260 71 330 175
person 0.0011 446 52 512 303
person 0.0010 26 321 159 361
pottedplant 0.0045 455 151 495 259
pottedplant 0.0043 463 134 498 230
pottedplant 0.0019 464 158 496 206
pottedplant 0.0010 222 187 267 227
tvmonitor 0.0010 41 1 79 36
