bottle 0.0056 199 80 230 132
bottle 0.0033 207 72 238 122
bottle 0.0014 24 101 42 154
bottle 0.0014 55 136 71 155
bottle 0.0012 23 123 41 152
car 0.0028 0 178 38 311
car 0.0023 2 179 38 237
car 0.0011 2 214 34 270
chair 0.0012 4 170 70 253
person 0.9713 112 -8 261 424
person 0.2363 24 48 303 526
person 0.0910 141 153 278 480
person 0.0336 2 62 27 202
person 0.0157 1 117 34 238
person 0.0082 0 83 12 161
person 0.0078 3 94 25 163
person 0.0048 0 154 41 267
person 0.0047 0 151 13 218
person 0.0047 0 111 11 222
person 0.0028 3 149 32 208
person 0.0022 315 148 370 280
person 0.0017 2 74 25 139
person 0.0017 304 202 375 297
person 0.0015 365 162 378 243
person 0.0013 0 162 16 199
person 0.0011 -4 45 41 297
person 0.0010 293 154 378 339
pottedplant 0.0738 335 121 373 228
pottedplant 0.0233 336 137 371 189
pottedplant 0.0144 354 142 379 187
pottedplant 0.0079 361 154 378 182
pottedplant 0.0062 332 129 357 192
pottedplant 0.0036 343 142 358 185
pottedplant 0.0028 269 345 336 373
pottedplant 0.0026 363 130 377 196
pottedplant 0.0019 344 111 372 174
pottedplant 0.0015 355 116 379 176
pottedplant 0.0015 354 164 380 240
pottedplant 0.0014 334 155 377 263
train 0.0018 3 54 143 372
tvmonitor 0.0202 28 101 69 148
tvmonitor 0.0084 21 91 75 167
tvmonitor 0.0075 17 104 52 148
tvmonitor 0.0070 37 101 92 140
