bottle 0.8374 205 19 314 232
bottle 0.4936 443 67 506 310
bottle 0.3903 319 123 426 316
bottle 0.3683 335 151 409 280
bottle 0.2193 362 137 416 235
bottle 0.0499 245 3 309 89
bottle 0.0266 249 -1 318 28
bottle 0.0264 240 17 309 177
bottle 0.0221 217 130 440 365
bottle 0.0215 399 5 507 312
bottle 0.0202 177 -4 380 314
bottle 0.0185 457 40 498 221
bottle 0.0167 373 151 410 211
bottle 0.0136 354 184 436 289
bottle 0.0104 213 -1 292 25
bottle 0.0080 229 0 336 37
bottle 0.0067 120 15 289 246
bottle 0.0064 226 0 258 14
bottle 0.0057 289 168 367 263
bottle 0.0056 423 123 475 246
bottle 0.0052 173 1 337 102
bottle 0.0050 302 83 365 180
bottle 0.0046 233 2 426 256
bottle 0.0039 367 143 407 187
bottle 0.0036 258 15 303 68
bottle 0.0033 252 0 295 43
bottle 0.0029 205 -2 274 16
bottle 0.0027 456 147 498 333
bottle 0.0027 342 122 405 202
bottle 0.0025 220 127 286 244
bottle 0.0022 224 51 296 197
bottle 0.0022 201 0 239 15
bottle 0.0020 280 213 351 341
bottle 0.0019 143 2 179 12
bottle 0.0017 380 158 400 228
bottle 0.0016 285 0 375 25
bottle 0.0013 238 15 283 65
bottle 0.0013 261 245 341 356
bottle 0.0013 231 -5 251 19
bottle 0.0012 413 149 470 278
bottle 0.0011 160 1 204 11
bottle 0.0011 252 192 328 293
bottle 0.0010 278 6 379 69
bottle 0.0010 241 0 277 11
bottle 0.0010 185 0 221 12
car 0.0013 376 0 414 7
chair 0.0014 389 331 500 376
diningtable 0.1016 -51 106 469 387
diningtable 0.0967 124 180 465 376
diningtable 0.0373 46 85 372 340
diningtable 0.0353 10 166 329 383
diningtable 0.0294 236 218 402 374
diningtable 0.0215 166 43 337 325
diningtable 0.0092 -1 109 189 384
diningtable 0.0090 318 168 481 372
diningtable 0.0067 129 -1 217 21
diningtable 0.0056 0 277 418 377
diningtable 0.0031 168 0 256 22
diningtable 0.0026 104 -2 243 32
diningtable 0.0023 87 -6 343 98
diningtable 0.0018 165 6 261 73
diningtable 0.0016 -11 269 199 382
diningtable 0.0012 445 155 501 375
person 0.4084 -2 -2 200 254
person 0.0477 443 8 504 257
person 0.0044 -1 61 113 367
person 0.0024 0 -8 57 268
person 0.0020 36 99 221 332
person 0.0015 390 -9 502 217
person 0.0012 59 1 281 201
person 0.0010 -3 109 59 378
pottedplant 0.2343 110 92 245 275
pottedplant 0.1930 150 124 210 241
pottedplant 0.0289 80 24 267 241
pottedplant 0.0237 165 113 227 215
pottedplant 0.0115 179 158 220 213
pottedplant 0.0101 142 99 216 176
pottedplant 0.0050 39 81 227 295
pottedplant 0.0048 171 161 237 260
pottedplant 0.0042 158 158 199 212
pottedplant 0.0040 154 127 204 183
pottedplant 0.0021 88 164 171 255
pottedplant 0.0021 164 156 234 198
pottedplant 0.0014 152 107 203 160
