car 0.1577 462 149 500 230
car 0.0679 229 47 495 295
car 0.0156 470 158 497 212
car 0.0083 481 145 499 204
car 0.0062 484 156 500 169
car 0.0058 374 111 502 269
car 0.0054 481 166 501 229
car 0.0029 473 186 498 231
car 0.0029 457 155 496 191
car 0.0029 210 213 239 224
car 0.0025 403 149 496 230
car 0.0017 488 128 499 192
car 0.0016 476 159 499 179
car 0.0015 205 210 231 221
car 0.0010 210 202 271 225
chair 0.0014 445 102 499 184
motorbike 0.7463 5 2 495 331
motorbike 0.1951 80 -3 413 236
motorbike 0.0104 27 51 326 277
motorbike 0.0048 225 9 496 285
motorbike 0.0031 180 103 481 321
motorbike 0.0010 40 112 233 263
person 0.0064 4 -4 118 89
person 0.0025 222 107 500 324
person 0.0017 379 10 415 125
pottedplant 0.0021 414 70 485 155
pottedplant 0.0012 422 73 465 113
