bicycle 0.0075 359 291 399 341
bottle 0.0020 274 451 318 493
bottle 0.0010 307 148 325 165
car 0.1155 302 242 325 254
car 0.0221 322 242 347 285
car 0.0109 320 239 341 252
car 0.0092 325 241 345 268
car 0.0083 387 229 400 250
car 0.0032 289 239 317 253
car 0.0031 332 231 374 283
car 0.0026 298 232 328 255
car 0.0024 327 237 360 291
car 0.0021 257 236 277 254
car 0.0019 296 245 315 257
car 0.0015 1 221 32 260
car 0.0012 314 232 349 257
car 0.0010 266 237 299 252
person 0.9132 176 211 296 470
person 0.7773 336 232 371 336
person 0.6861 80 212 111 306
person 0.2894 162 224 188 294
person 0.2132 358 239 392 333
person 0.0177 363 234 389 289
person 0.0168 324 241 346 302
person 0.0139 347 239 366 321
person 0.0120 74 215 104 280
person 0.0040 388 236 399 320
person 0.0032 367 239 388 271
person 0.0029 17 213 33 264
person 0.0028 338 242 356 315
person 0.0026 340 236 371 289
person 0.0020 385 261 399 338
person 0.0020 315 236 354 325
person 0.0019 372 268 401 331
person 0.0019 326 222 382 307
person 0.0017 342 290 375 336
person 0.0017 85 246 113 299
person 0.0014 367 232 387 253
person 0.0013 351 233 368 252
person 0.0011 374 238 400 316
person 0.0010 241 224 262 255
