bottle 0.0103 342 222 361 255
bottle 0.0049 333 221 351 257
bottle 0.0045 366 231 388 255
bottle 0.0032 339 213 363 232
bottle 0.0011 332 212 352 232
bottle 0.0011 233 277 271 319
bottle 0.0010 319 219 360 256
chair 0.1343 405 290 494 374
chair 0.0081 385 240 500 371
chair 0.0047 423 307 475 355
chair 0.0042 321 276 500 377
chair 0.0025 358 290 462 375
chair 0.0017 446 267 504 349
chair 0.0011 458 283 499 324
chair 0.0010 448 304 492 352
diningtable 0.0039 51 282 445 372
diningtable 0.0029 180 230 475 371
person 0.8997 6 56 178 322
person 0.4424 425 71 460 116
person 0.3517 5 123 253 360
person 0.0265 393 72 493 251
person 0.0222 434 79 457 111
person 0.0198 416 75 474 172
person 0.0113 103 50 145 103
person 0.0077 118 54 161 104
person 0.0060 0 28 119 249
person 0.0045 373 66 454 139
person 0.0034 52 242 366 367
person 0.0032 1 165 120 370
person 0.0031 425 84 449 122
person 0.0029 267 65 464 253
person 0.0021 333 61 477 206
person 0.0018 359 81 451 168
person 0.0018 108 57 132 97
person 0.0017 350 0 397 35
person 0.0016 435 74 460 94
person 0.0012 388 79 439 122
person 0.0012 448 78 490 120
person 0.0012 2 43 62 387
person 0.0011 -4 216 204 374
person 0.0011 427 96 465 143
pottedplant 0.0062 7 38 103 114
pottedplant 0.0013 103 53 122 102
pottedplant 0.0012 102 49 124 75
tvmonitor 0.5641 18 88 232 285
tvmonitor 0.3328 78 132 165 196
tvmonitor 0.0128 93 141 154 184
tvmonitor 0.0106 335 96 407 160
tvmonitor 0.0103 339 108 398 147
tvmonitor 0.0101 81 140 131 182
tvmonitor 0.0075 102 159 154 199
tvmonitor 0.0059 162 51 424 264
tvmonitor 0.0059 64 142 136 220
tvmonitor 0.0028 171 157 245 221
tvmonitor 0.0023 443 85 498 170
tvmonitor 0.0014 333 118 386 152
tvmonitor 0.0014 80 158 129 198
tvmonitor 0.0011 174 135 246 199
