bottle 0.6295 89 340 115 411
bottle 0.1939 79 337 119 450
bottle 0.0247 86 339 112 384
bottle 0.0046 46 320 153 491
bottle 0.0037 53 398 146 495
bottle 0.0023 91 351 173 462
bottle 0.0015 64 352 101 399
bottle 0.0014 84 356 111 393
bottle 0.0012 91 324 164 418
bottle 0.0012 89 361 107 412
bus 0.0313 30 -10 347 436
bus 0.0046 228 67 374 508
bus 0.0020 287 -3 377 429
chair 0.0050 228 151 375 490
chair 0.0028 -1 304 28 499
person 0.9035 186 62 265 188
person 0.8063 88 342 241 490
person 0.1864 247 3 287 92
person 0.0451 27 41 399 534
person 0.0393 98 6 334 418
person 0.0239 11 369 194 505
person 0.0238 118 453 255 498
person 0.0189 173 50 271 283
person 0.0153 257 -2 293 61
person 0.0150 245 67 278 114
person 0.0149 5 424 255 516
person 0.0123 238 49 289 152
person 0.0092 214 76 267 126
person 0.0085 191 102 252 214
person 0.0053 37 441 221 502
person 0.0052 209 66 265 106
person 0.0044 118 348 206 472
person 0.0042 165 72 217 195
person 0.0040 148 462 227 500
person 0.0035 214 5 281 112
person 0.0035 79 404 185 485
person 0.0033 199 71 247 126
person 0.0030 41 247 280 498
person 0.0029 230 70 278 130
person 0.0019 268 4 329 100
person 0.0017 199 39 331 218
person 0.0017 183 -15 302 147
person 0.0017 2 445 141 500
person 0.0017 251 0 287 31
person 0.0015 268 0 289 21
person 0.0015 212 88 261 157
person 0.0015 245 71 266 104
person 0.0014 257 5 279 60
person 0.0013 20 461 70 500
person 0.0013 167 467 254 501
person 0.0012 183 40 363 458
person 0.0010 134 391 235 487
train 0.0691 -2 -23 326 447
train 0.0024 75 28 300 319
