aeroplane 0.0068 1 0 53 34
car 0.0322 0 0 53 31
car 0.0042 0 1 27 12
car 0.0027 17 0 79 25
car 0.0019 -10 -1 39 21
car 0.0017 0 10 24 28
chair 0.0407 4 71 117 363
chair 0.0078 275 90 458 181
chair 0.0036 215 244 291 352
chair 0.0033 0 220 116 371
chair 0.0027 -8 157 212 370
chair 0.0019 15 162 86 261
chair 0.0014 250 117 320 191
chair 0.0013 6 284 105 370
chair 0.0012 38 219 245 363
chair 0.0010 -6 1 121 149
diningtable 0.0026 78 113 500 378
person 0.9707 43 30 215 348
person 0.0396 0 113 32 265
person 0.0287 -2 127 46 352
person 0.0233 8 36 125 338
person 0.0146 80 150 242 372
person 0.0097 0 23 46 294
person 0.0056 0 143 15 267
person 0.0028 10 1 45 13
person 0.0024 16 -2 76 21
person 0.0023 31 1 63 16
person 0.0022 -1 188 31 344
person 0.0021 12 46 194 229
person 0.0018 73 33 265 226
person 0.0015 15 0 39 36
person 0.0013 211 95 234 111
person 0.0013 4 28 113 179
tvmonitor 0.0608 100 15 264 133
tvmonitor 0.0109 303 116 425 179
tvmonitor 0.0020 254 99 317 165
tvmonitor 0.0018 265 106 311 144
tvmonitor 0.0015 283 117 376 184
tvmonitor 0.0011 132 31 228 116
