bicycle 0.0052 7 273 43 317
bicycle 0.0045 0 281 17 302
bicycle 0.0040 0 268 15 316
bicycle 0.0039 -2 275 25 308
bus 0.0060 365 16 510 355
bus 0.0017 382 161 502 331
bus 0.0013 440 23 507 351
car 0.0016 0 271 18 297
car 0.0011 243 343 324 374
person 0.5507 191 221 227 306
person 0.2822 271 231 292 271
person 0.1489 88 224 122 302
person 0.1278 243 236 262 274
person 0.1060 9 225 47 317
person 0.0858 114 227 153 300
person 0.0475 228 234 247 270
person 0.0349 219 231 238 276
person 0.0306 216 238 234 291
person 0.0260 100 229 124 282
person 0.0171 109 230 128 276
person 0.0119 237 228 269 278
person 0.0100 349 251 366 285
person 0.0082 207 235 231 294
person 0.0073 368 257 391 283
person 0.0072 -1 259 16 306
person 0.0070 0 104 14 165
person 0.0051 208 256 227 303
person 0.0049 194 235 217 299
person 0.0043 346 -2 465 155
person 0.0038 0 213 12 289
person 0.0033 328 234 344 271
person 0.0026 233 245 249 277
person 0.0025 170 226 190 282
person 0.0025 225 229 245 248
person 0.0021 12 219 45 277
person 0.0020 361 1 450 86
person 0.0020 108 226 128 253
person 0.0019 -1 73 10 145
person 0.0018 128 234 159 276
person 0.0017 354 254 393 289
person 0.0016 160 200 261 332
person 0.0014 286 230 301 271
person 0.0013 103 228 137 300
person 0.0012 378 257 396 283
person 0.0012 78 247 98 288
person 0.0012 112 232 131 261
person 0.0011 24 228 66 312
person 0.0011 156 230 175 278
person 0.0011 267 224 295 262
person 0.0011 268 -2 388 210
person 0.0010 352 -2 460 47
person 0.0010 0 121 10 208
pottedplant 0.0164 46 131 76 168
pottedplant 0.0140 30 120 64 159
pottedplant 0.0127 32 125 52 153
pottedplant 0.0102 14 113 46 159
pottedplant 0.0077 41 252 58 278
pottedplant 0.0072 19 140 39 164
pottedplant 0.0066 13 129 44 172
pottedplant 0.0065 40 242 59 293
pottedplant 0.0043 11 222 49 258
pottedplant 0.0043 38 132 57 159
pottedplant 0.0039 37 269 53 292
pottedplant 0.0036 2 110 38 154
pottedplant 0.0035 28 132 71 175
pottedplant 0.0029 15 150 39 170
pottedplant 0.0029 6 144 47 180
pottedplant 0.0026 0 106 45 207
pottedplant 0.0026 51 130 74 152
pottedplant 0.0023 37 255 54 300
pottedplant 0.0020 18 121 74 191
pottedplant 0.0016 39 221 57 281
pottedplant 0.0015 46 139 80 185
pottedplant 0.0014 40 241 55 261
pottedplant 0.0014 18 113 41 137
