bottle 0.0013 109 90 148 127
bottle 0.0011 116 81 140 102
car 0.0056 340 82 415 104
chair 0.0105 357 44 391 89
chair 0.0077 346 40 381 83
chair 0.0076 463 71 496 111
chair 0.0019 479 76 501 103
dog 0.0025 67 148 105 182
person 0.8366 91 51 245 379
person 0.7609 282 84 391 334
person 0.6854 4 13 137 237
person 0.3653 405 39 495 338
person 0.3469 458 38 487 102
person 0.2008 480 61 498 104
person 0.1473 455 34 475 99
person 0.0901 353 40 384 84
person 0.0493 447 91 502 390
person 0.0253 67 26 206 243
person 0.0180 -2 31 180 350
person 0.0160 314 48 494 334
person 0.0158 450 30 482 76
person 0.0112 110 52 158 138
person 0.0061 430 21 469 63
person 0.0055 177 88 405 344
person 0.0043 114 65 148 122
person 0.0043 115 49 151 98
person 0.0037 464 209 498 390
person 0.0037 454 59 497 124
person 0.0034 -2 8 61 245
person 0.0033 481 60 499 76
person 0.0028 444 15 490 92
person 0.0024 422 11 476 81
person 0.0024 456 34 479 60
person 0.0021 -2 9 35 135
person 0.0020 488 252 500 365
person 0.0017 434 50 472 90
person 0.0017 130 57 152 102
person 0.0016 459 32 478 47
person 0.0015 0 64 11 153
person 0.0014 457 47 477 77
person 0.0014 481 43 498 93
person 0.0014 441 28 460 74
person 0.0013 445 35 463 93
person 0.0013 423 42 508 232
person 0.0011 48 4 95 43
person 0.0011 440 24 459 47
pottedplant 0.0041 231 56 256 75
pottedplant 0.0015 221 58 261 96
pottedplant 0.0012 230 65 252 83
