bicycle 0.0428 376 230 489 371
bicycle 0.0275 449 251 497 363
bicycle 0.0077 393 288 491 372
bicycle 0.0015 455 280 497 330
boat 0.0030 51 59 382 202
bus 0.0021 60 57 516 254
car 0.0028 141 130 157 141
car 0.0015 71 131 90 146
person 0.6094 165 237 236 376
person 0.2426 365 221 460 368
person 0.1142 302 231 378 375
person 0.0832 461 186 499 300
person 0.0809 0 225 44 327
person 0.0714 141 202 198 284
person 0.0513 74 205 125 279
person 0.0281 155 132 169 146
person 0.0186 263 204 308 287
person 0.0162 7 214 42 262
person 0.0099 357 214 390 258
person 0.0098 133 203 223 355
person 0.0097 71 210 110 263
person 0.0078 137 200 156 223
person 0.0069 146 212 201 332
person 0.0068 110 201 159 278
person 0.0067 487 194 500 281
person 0.0062 485 212 500 321
person 0.0056 36 212 70 263
person 0.0046 0 218 19 256
person 0.0045 -1 226 13 337
person 0.0043 118 200 156 249
person 0.0043 321 274 383 374
person 0.0039 449 186 501 359
person 0.0033 39 204 59 222
person 0.0031 362 221 383 254
person 0.0030 331 222 386 332
person 0.0028 197 196 215 231
person 0.0027 71 223 121 319
person 0.0027 -2 209 15 246
person 0.0025 403 227 473 323
person 0.0024 92 220 112 257
person 0.0023 137 101 151 120
person 0.0022 254 187 273 207
person 0.0021 34 218 59 259
person 0.0019 346 188 366 235
person 0.0018 232 182 253 203
person 0.0018 28 232 79 320
person 0.0018 423 174 446 190
person 0.0017 375 181 415 233
person 0.0016 194 218 229 265
person 0.0014 135 205 156 244
person 0.0014 0 206 30 248
person 0.0014 118 202 141 220
person 0.0014 36 206 61 246
person 0.0014 36 179 162 358
person 0.0013 115 213 138 257
person 0.0013 466 208 497 274
person 0.0012 348 187 383 242
person 0.0012 342 196 362 245
person 0.0012 114 277 158 320
person 0.0012 202 195 236 240
person 0.0011 345 148 468 357
person 0.0011 484 244 499 376
person 0.0011 15 211 39 244
person 0.0011 107 264 165 334
person 0.0010 327 190 347 234
person 0.0010 271 224 290 277
