bicycle 0.0016 372 146 489 334
bottle 0.0166 436 258 474 291
bottle 0.0027 410 231 468 311
bottle 0.0014 426 251 464 291
motorbike 0.1958 27 197 406 336
motorbike 0.0800 119 93 442 328
motorbike 0.0030 273 145 448 325
motorbike 0.0020 169 191 483 334
motorbike 0.0011 44 194 241 332
person 0.9832 113 41 382 338
person 0.7836 331 28 452 305
person 0.0860 216 9 434 328
person 0.0122 39 7 325 283
person 0.0060 372 40 486 342
person 0.0029 297 -3 447 197
person 0.0026 155 20 336 231
person 0.0021 351 149 467 325
person 0.0012 362 110 436 218
tvmonitor 0.0112 -6 15 116 167
tvmonitor 0.0021 -1 36 41 138
