person 0.1154 376 60 450 132
person 0.0271 0 39 44 159
person 0.0246 3 0 39 37
person 0.0128 380 44 494 151
person 0.0104 388 66 430 115
person 0.0098 -5 1 57 200
person 0.0093 -2 14 114 178
person 0.0088 -13 34 510 396
person 0.0086 11 50 87 139
person 0.0075 4 12 38 59
person 0.0071 28 -1 88 28
person 0.0069 396 34 482 116
person 0.0055 19 6 98 73
person 0.0054 0 1 41 78
person 0.0051 6 -3 181 142
person 0.0029 56 0 110 37
person 0.0025 12 -1 106 41
person 0.0025 32 16 84 55
person 0.0022 455 24 500 125
person 0.0020 0 40 12 145
person 0.0020 330 22 407 114
person 0.0015 333 8 487 139
person 0.0014 62 -2 127 27
person 0.0014 398 5 486 82
person 0.0010 0 96 41 213
person 0.0010 -13 -7 439 151
