bicycle 0.0176 -4 205 122 327
bicycle 0.0047 10 256 95 332
bicycle 0.0045 -9 244 193 330
bicycle 0.0026 65 203 277 327
bicycle 0.0024 150 198 200 285
bicycle 0.0010 -3 179 30 306
car 0.0168 -2 116 37 212
car 0.0141 -2 144 31 182
car 0.0124 17 101 99 181
car 0.0110 2 122 34 164
car 0.0070 6 143 41 172
car 0.0065 -4 146 32 283
car 0.0018 -4 169 31 215
car 0.0018 0 156 25 168
car 0.0013 0 137 16 208
car 0.0012 0 79 56 258
dog 0.0204 230 244 427 329
motorbike 0.0064 2 133 120 337
motorbike 0.0013 -2 136 54 340
person 0.9010 193 50 304 338
person 0.8384 10 92 120 329
person 0.0215 -2 108 52 321
person 0.0083 61 205 190 328
person 0.0072 111 58 239 326
person 0.0052 2 81 115 218
person 0.0050 90 211 156 321
person 0.0048 68 76 201 311
person 0.0041 152 186 170 235
person 0.0032 0 135 13 235
person 0.0026 357 113 396 218
person 0.0022 162 28 280 271
person 0.0017 1 103 14 164
person 0.0011 113 141 168 242
person 0.0011 151 173 196 265
person 0.0010 0 143 10 303
pottedplant 0.0080 -1 249 52 334
pottedplant 0.0030 -3 219 38 321
