cow 0.0031 -4 118 31 298
cow 0.0015 9 181 70 310
dog 0.0026 178 85 372 426
horse 0.2298 27 64 236 509
horse 0.1264 6 50 79 366
horse 0.0659 111 101 383 481
horse 0.0159 230 176 370 477
horse 0.0132 -2 53 46 366
horse 0.0125 -1 27 144 470
horse 0.0016 19 226 356 492
horse 0.0013 12 131 70 285
person 0.9034 143 36 250 327
person 0.0434 55 33 382 466
person 0.0194 9 54 76 301
person 0.0061 356 211 381 446
person 0.0061 286 186 380 477
person 0.0054 155 39 226 143
person 0.0037 123 19 255 191
person 0.0034 -1 86 30 257
person 0.0024 68 34 259 246
person 0.0020 341 223 381 496
person 0.0019 164 131 222 282
person 0.0017 -1 166 38 335
person 0.0015 -1 43 45 311
person 0.0013 365 242 378 431
person 0.0012 344 80 380 421
