bicycle 0.0080 449 299 494 331
bicycle 0.0042 444 313 500 333
bicycle 0.0032 446 279 491 325
bicycle 0.0026 29 179 250 317
bicycle 0.0021 467 296 501 333
bicycle 0.0014 485 291 499 337
boat 0.0071 335 157 461 279
boat 0.0060 7 53 262 279
boat 0.0043 364 179 442 259
boat 0.0027 28 157 398 334
boat 0.0022 0 228 48 321
boat 0.0015 44 136 239 298
boat 0.0013 148 154 196 186
boat 0.0012 349 155 435 227
boat 0.0012 124 52 316 277
boat 0.0011 138 141 206 197
boat 0.0010 -36 8 154 224
bottle 0.0023 271 89 287 106
bottle 0.0015 445 263 467 318
car 0.0012 37 131 56 143
chair 0.0114 381 91 494 143
chair 0.0072 342 87 459 145
chair 0.0039 455 73 490 112
chair 0.0025 458 97 493 137
chair 0.0018 483 75 501 117
chair 0.0017 353 91 393 142
chair 0.0014 408 101 474 137
chair 0.0014 450 59 492 127
chair 0.0012 482 86 500 108
chair 0.0011 410 120 476 144
chair 0.0010 209 134 291 203
chair 0.0010 383 199 433 242
motorbike 0.0013 0 208 114 334
person 0.7627 198 7 297 188
person 0.4450 441 255 494 330
person 0.0254 344 77 404 151
person 0.0160 24 306 78 334
person 0.0138 299 194 342 285
person 0.0119 405 212 430 258
person 0.0102 368 65 406 101
person 0.0095 71 302 122 332
person 0.0073 191 61 311 264
person 0.0065 307 173 349 263
person 0.0055 140 238 156 254
person 0.0054 350 76 407 110
person 0.0052 10 254 89 333
person 0.0046 211 187 234 235
person 0.0045 353 185 367 208
person 0.0038 321 178 353 215
person 0.0036 418 213 436 230
person 0.0035 103 214 142 253
person 0.0031 2 313 64 334
person 0.0031 302 216 339 261
person 0.0030 406 212 427 234
person 0.0026 314 191 345 243
person 0.0024 451 86 497 143
person 0.0022 11 294 91 335
person 0.0019 422 204 441 222
person 0.0018 352 61 405 127
person 0.0017 446 79 469 93
person 0.0016 61 264 135 331
person 0.0016 484 62 500 109
person 0.0016 433 213 507 333
person 0.0015 447 256 490 296
person 0.0015 406 207 426 223
person 0.0014 0 292 10 336
person 0.0014 0 237 10 313
person 0.0013 21 320 65 334
person 0.0013 368 154 416 191
person 0.0013 420 229 477 322
person 0.0012 105 232 145 267
person 0.0011 379 68 401 99
person 0.0011 324 181 348 239
person 0.0011 409 217 453 261
person 0.0010 199 177 239 258
person 0.0010 352 188 368 232
person 0.0010 392 213 404 231
person 0.0010 399 207 462 276
person 0.0010 436 77 474 111
pottedplant 0.0519 348 216 392 323
pottedplant 0.0403 359 229 389 267
pottedplant 0.0380 347 223 383 260
pottedplant 0.0226 436 261 479 326
pottedplant 0.0224 375 258 418 330
pottedplant 0.0111 396 217 434 259
pottedplant 0.0096 339 230 373 263
pottedplant 0.0096 353 244 389 292
pottedplant 0.0087 377 224 426 319
pottedplant 0.0073 442 279 471 323
pottedplant 0.0054 368 234 390 260
pottedplant 0.0041 387 247 421 292
pottedplant 0.0040 437 295 473 329
pottedplant 0.0034 343 234 361 260
pottedplant 0.0024 342 212 387 276
pottedplant 0.0023 379 302 422 333
pottedplant 0.0023 364 228 389 248
pottedplant 0.0021 345 225 364 252
pottedplant 0.0017 374 283 408 324
pottedplant 0.0016 437 239 455 259
pottedplant 0.0015 310 201 421 336
pottedplant 0.0014 443 299 460 324
pottedplant 0.0012 364 233 387 286
pottedplant 0.0012 405 214 452 259
pottedplant 0.0012 422 241 438 259
pottedplant 0.0011 373 256 407 296
pottedplant 0.0010 333 235 350 257
pottedplant 0.0010 384 207 439 271
