bottle 0.0016 334 366 379 375
bottle 0.0013 361 345 384 362
bottle 0.0012 343 343 369 361
bottle 0.0011 324 330 348 345
bottle 0.0010 321 342 348 360
bus 0.0024 4 94 51 172
car 0.0468 298 152 360 212
car 0.0088 296 178 333 213
car 0.0078 401 147 432 181
car 0.0060 368 366 417 375
car 0.0051 318 173 357 215
car 0.0043 402 146 431 165
car 0.0037 410 145 466 181
car 0.0025 402 132 478 196
car 0.0020 382 133 442 196
car 0.0017 487 123 500 208
car 0.0016 351 366 401 375
car 0.0014 450 146 492 186
car 0.0012 405 141 455 169
car 0.0011 438 328 470 341
car 0.0010 425 140 481 168
car 0.0010 291 158 336 207
chair 0.0085 360 351 442 375
chair 0.0080 381 359 482 376
chair 0.0070 347 361 436 376
chair 0.0064 410 367 451 375
chair 0.0039 393 367 430 375
chair 0.0023 430 366 471 375
chair 0.0023 323 351 413 374
chair 0.0016 399 346 423 362
chair 0.0014 453 363 488 375
chair 0.0013 342 340 408 370
chair 0.0012 403 348 480 374
chair 0.0012 382 339 443 370
chair 0.0011 435 354 506 376
diningtable 0.0015 334 338 470 376
diningtable 0.0010 314 281 504 376
person 0.8643 10 129 57 225
person 0.7160 239 114 308 340
person 0.4214 156 127 200 290
person 0.0149 239 115 282 159
person 0.0119 244 129 311 242
person 0.0099 236 139 289 294
person 0.0075 232 113 292 197
person 0.0057 161 125 253 313
person 0.0037 -6 119 70 238
person 0.0032 287 151 306 208
person 0.0029 209 136 227 161
person 0.0022 304 177 325 213
person 0.0021 162 127 204 208
person 0.0016 175 129 228 243
person 0.0010 25 149 58 213
