bottle 0.0027 15 296 34 322
bus 0.1448 115 5 377 315
car 0.0018 455 229 494 269
car 0.0015 457 248 499 285
chair 0.0075 455 290 498 368
chair 0.0033 2 295 97 363
chair 0.0010 442 316 499 360
person 0.9655 76 240 121 379
person 0.8828 403 249 448 377
person 0.8683 342 236 403 382
person 0.0173 384 254 401 276
person 0.0158 357 243 444 376
person 0.0117 400 259 417 296
person 0.0116 -1 295 12 353
person 0.0100 8 307 36 358
person 0.0096 4 291 43 367
person 0.0048 390 258 409 298
person 0.0024 410 266 445 342
person 0.0023 -1 259 7 336
person 0.0022 488 283 500 366
person 0.0021 81 266 118 341
person 0.0019 54 231 189 374
person 0.0015 377 248 412 288
person 0.0015 396 254 424 299
person 0.0014 78 295 115 362
person 0.0014 402 262 419 327
person 0.0014 0 296 24 352
person 0.0013 485 242 500 288
person 0.0013 390 272 408 346
person 0.0013 420 246 439 264
person 0.0012 257 236 418 376
person 0.0011 411 250 452 294
person 0.0010 405 242 459 315
pottedplant 0.0037 34 296 52 321
pottedplant 0.0026 20 299 75 345
pottedplant 0.0023 12 270 92 348
pottedplant 0.0016 61 298 81 320
pottedplant 0.0013 -19 78 124 354
pottedplant 0.0013 22 289 72 327
train 0.0028 463 90 501 178
train 0.0024 380 46 500 275
train 0.0015 397 96 490 168
train 0.0012 467 116 503 158
tvmonitor 0.1553 116 54 370 321
