bicycle 0.0083 253 305 323 376
bicycle 0.0040 271 306 370 376
bicycle 0.0013 220 294 428 373
bottle 0.0455 298 338 353 374
bottle 0.0243 313 332 331 370
bottle 0.0037 321 333 335 368
bottle 0.0030 310 327 330 353
bottle 0.0016 303 322 338 365
bottle 0.0012 303 357 328 373
bottle 0.0012 75 303 91 345
bottle 0.0012 256 334 323 372
bottle 0.0010 259 310 301 366
bottle 0.0010 69 302 104 345
bus 0.0034 94 49 400 273
chair 0.0365 330 345 408 373
chair 0.0260 318 306 411 371
chair 0.0100 335 318 396 359
chair 0.0028 310 358 402 376
chair 0.0026 357 345 436 372
chair 0.0016 281 287 451 374
chair 0.0013 357 300 440 373
chair 0.0012 402 203 438 240
diningtable 0.0171 296 338 439 373
diningtable 0.0136 265 331 383 372
diningtable 0.0059 406 169 487 255
diningtable 0.0024 230 327 349 372
diningtable 0.0013 200 324 450 387
diningtable 0.0012 418 188 471 234
diningtable 0.0010 248 351 342 374
person 0.9073 400 163 496 378
person 0.9048 4 169 175 373
person 0.7853 125 197 243 366
person 0.3449 116 193 155 244
person 0.2175 169 102 227 226
person 0.1782 134 74 271 256
person 0.0588 104 192 143 248
person 0.0483 -3 193 31 358
person 0.0382 324 154 355 208
person 0.0213 143 190 207 249
person 0.0169 360 66 435 244
person 0.0132 366 77 433 176
person 0.0130 341 148 483 359
person 0.0115 373 149 422 233
person 0.0114 0 209 10 323
person 0.0099 311 150 357 222
person 0.0091 58 171 143 256
person 0.0088 18 144 168 294
person 0.0079 341 159 361 203
person 0.0079 107 200 170 273
person 0.0070 155 122 214 244
person 0.0068 120 212 159 255
person 0.0065 20 168 96 257
person 0.0049 0 206 15 268
person 0.0037 172 97 236 168
person 0.0033 183 105 225 150
person 0.0027 339 150 397 229
person 0.0027 317 45 431 265
person 0.0025 232 102 275 144
person 0.0025 1 217 31 265
person 0.0024 370 167 404 220
person 0.0023 -3 269 31 387
person 0.0022 308 166 331 221
person 0.0020 140 197 181 242
person 0.0020 -4 143 52 357
person 0.0019 304 155 336 208
person 0.0018 268 185 463 363
person 0.0016 378 232 430 320
person 0.0016 45 202 150 283
person 0.0015 82 190 125 236
person 0.0015 138 197 226 292
person 0.0015 239 199 285 248
person 0.0014 158 199 203 240
person 0.0014 389 183 421 234
person 0.0014 1 170 35 268
person 0.0013 114 193 137 234
person 0.0013 383 254 508 387
person 0.0012 370 79 414 131
person 0.0011 100 213 150 254
person 0.0011 222 95 286 157
person 0.0011 329 162 353 192
person 0.0010 218 361 252 375
tvmonitor 0.0041 461 142 497 240
tvmonitor 0.0030 225 189 298 249
tvmonitor 0.0029 410 160 486 231
tvmonitor 0.0017 0 60 45 199
tvmonitor 0.0016 421 169 473 216
tvmonitor 0.0016 465 160 494 217
tvmonitor 0.0012 35 86 93 172
tvmonitor 0.0010 161 75 403 298
