chair 0.0020 353 215 405 384
chair 0.0017 353 202 405 290
chair 0.0013 311 66 409 366
chair 0.0012 252 30 402 283
person 0.9657 54 46 346 388
person 0.0500 1 169 97 375
person 0.0299 246 3 405 80
person 0.0197 -2 -7 100 325
person 0.0092 1 220 38 327
person 0.0071 0 164 47 384
person 0.0071 300 0 407 46
person 0.0057 362 -1 404 86
person 0.0056 2 35 220 405
person 0.0054 0 39 41 338
person 0.0043 0 155 28 285
person 0.0031 125 -1 408 89
person 0.0029 7 8 131 198
person 0.0023 56 351 107 379
person 0.0021 128 116 391 366
person 0.0019 317 -1 393 29
person 0.0015 166 3 423 315
person 0.0014 28 162 192 374
person 0.0013 -2 47 41 155
person 0.0011 6 233 79 315
person 0.0011 350 84 407 350
person 0.0010 0 84 33 236
person 0.0010 244 18 404 244
