bicycle 0.0782 385 18 480 105
bicycle 0.0266 22 15 106 106
bicycle 0.0045 20 -12 148 116
bicycle 0.0032 247 6 494 114
bicycle 0.0029 386 35 432 101
bicycle 0.0015 442 8 505 109
car 0.0147 484 11 500 28
car 0.0132 481 16 500 23
car 0.0094 475 14 498 26
car 0.0068 482 14 500 20
car 0.0030 466 3 497 44
car 0.0025 477 9 498 22
car 0.0024 419 15 463 27
car 0.0021 467 7 496 21
car 0.0018 431 19 472 29
car 0.0014 472 17 498 31
car 0.0010 414 9 471 35
chair 0.0083 464 21 500 59
chair 0.0021 411 2 474 25
chair 0.0012 421 7 463 21
dog 0.0089 196 50 287 101
dog 0.0044 25 46 100 104
dog 0.0016 260 24 291 35
dog 0.0013 189 38 230 99
motorbike 0.0016 376 44 450 106
person 0.1377 229 0 272 30
person 0.1290 364 18 461 105
person 0.1288 175 18 253 104
person 0.0522 188 36 294 102
person 0.0277 178 0 220 32
person 0.0231 463 11 498 57
person 0.0210 214 55 274 97
person 0.0163 119 -1 163 29
person 0.0157 8 4 40 41
person 0.0156 252 0 319 30
person 0.0147 30 3 69 40
person 0.0124 167 0 203 30
person 0.0077 91 -13 258 116
person 0.0060 69 3 109 40
person 0.0053 0 8 12 51
person 0.0049 483 10 500 37
person 0.0042 0 2 15 30
person 0.0041 386 31 433 89
person 0.0040 235 3 268 23
person 0.0039 195 5 213 27
person 0.0038 153 -13 335 117
person 0.0033 38 9 58 32
person 0.0031 488 2 500 20
person 0.0025 410 30 459 90
person 0.0024 229 0 268 13
person 0.0023 272 -6 464 108
person 0.0022 450 1 502 63
person 0.0022 175 4 194 28
person 0.0021 232 1 252 21
person 0.0020 340 0 376 12
person 0.0019 220 -2 276 18
person 0.0018 305 0 332 5
person 0.0017 184 4 216 24
person 0.0017 189 5 218 58
person 0.0016 227 0 346 32
person 0.0015 77 7 96 34
person 0.0015 -8 -13 61 114
person 0.0012 55 8 72 33
person 0.0012 343 0 370 5
person 0.0012 320 0 345 5
person 0.0011 260 0 322 9
person 0.0010 18 6 36 27
