bicycle 0.0075 219 220 380 365
bicycle 0.0035 164 280 420 373
bicycle 0.0024 166 213 266 372
bicycle 0.0010 243 292 325 378
boat 0.0014 157 228 339 367
bottle 0.3041 128 233 141 271
bottle 0.0281 158 259 174 279
bottle 0.0241 120 232 145 269
bottle 0.0189 128 252 143 274
bottle 0.0180 122 229 143 254
bottle 0.0085 155 231 168 274
bottle 0.0042 209 262 228 280
bottle 0.0034 156 217 171 262
bottle 0.0034 205 265 229 288
bottle 0.0019 108 217 156 282
bottle 0.0017 126 243 140 283
bottle 0.0016 153 227 169 249
bottle 0.0012 196 264 239 292
bottle 0.0012 124 248 151 280
car 0.1901 166 120 186 135
car 0.1350 179 118 239 145
car 0.0550 161 116 202 144
car 0.0129 220 120 254 149
car 0.0094 224 129 249 147
car 0.0075 10 0 49 10
car 0.0054 190 117 219 133
car 0.0044 101 343 160 373
car 0.0039 167 111 253 154
car 0.0037 169 112 187 139
car 0.0036 31 1 65 10
car 0.0032 50 135 89 168
car 0.0031 206 114 225 132
car 0.0030 187 124 218 141
car 0.0025 113 112 152 143
car 0.0024 207 124 236 146
car 0.0023 81 332 176 373
car 0.0022 0 -1 59 15
car 0.0021 217 109 262 145
car 0.0018 120 129 137 144
car 0.0018 53 130 74 147
car 0.0018 160 124 180 139
car 0.0017 69 140 95 160
car 0.0016 246 128 271 146
car 0.0013 23 350 94 376
car 0.0012 56 346 140 373
car 0.0012 210 114 231 155
chair 0.0102 233 221 396 368
motorbike 0.1200 92 280 158 372
motorbike 0.0237 41 244 168 371
motorbike 0.0134 71 259 143 358
motorbike 0.0039 74 192 188 361
motorbike 0.0016 98 230 158 317
motorbike 0.0011 84 281 128 325
motorbike 0.0011 -2 273 130 374
motorbike 0.0010 108 301 150 357
person 0.9842 240 158 362 370
person 0.9511 176 162 252 368
person 0.0765 186 158 305 374
person 0.0260 113 1 132 15
person 0.0197 92 0 117 18
person 0.0152 63 0 113 23
person 0.0103 75 0 105 20
person 0.0086 79 8 101 25
person 0.0083 55 0 85 14
person 0.0078 35 -1 104 21
person 0.0062 91 8 111 24
person 0.0044 134 2 156 12
person 0.0033 119 147 244 361
person 0.0026 153 2 178 10
person 0.0022 -1 -2 11 44
person 0.0017 171 1 194 8
person 0.0016 0 1 18 15
person 0.0014 293 188 353 303
person 0.0012 179 161 247 276
person 0.0012 114 10 132 23
person 0.0010 61 10 83 25
person 0.0010 191 1 216 8
person 0.0010 0 8 13 27
pottedplant 0.0108 217 115 266 147
pottedplant 0.0053 235 117 277 151
pottedplant 0.0011 205 106 278 157
tvmonitor 0.0012 321 97 485 270
