car 0.6956 2 134 36 175
car 0.0333 345 122 407 153
car 0.0252 -2 139 29 163
car 0.0129 2 139 21 181
car 0.0103 28 137 75 172
car 0.0051 350 115 434 157
car 0.0047 48 134 88 170
car 0.0044 57 155 76 169
car 0.0043 1 120 35 161
car 0.0032 55 143 76 164
car 0.0030 485 186 500 207
car 0.0028 18 126 92 186
car 0.0020 -1 150 25 173
car 0.0019 9 139 37 161
car 0.0015 343 131 399 165
car 0.0012 0 98 39 180
car 0.0010 12 141 32 180
horse 0.1359 23 69 397 367
horse 0.0402 156 117 488 375
horse 0.0032 45 85 242 295
horse 0.0019 61 130 110 170
horse 0.0010 79 125 125 171
person 0.9963 243 41 342 257
person 0.0079 487 172 499 241
person 0.0035 293 123 359 251
person 0.0035 181 160 328 375
person 0.0035 32 39 394 286
person 0.0024 250 76 387 301
person 0.0015 184 196 246 294
person 0.0014 470 149 498 277
person 0.0011 484 193 500 215
person 0.0010 490 132 500 229
