bottle 0.0080 236 91 253 128
bottle 0.0047 481 208 499 294
bottle 0.0037 227 91 263 126
bottle 0.0030 233 100 275 142
bottle 0.0030 292 259 334 298
bottle 0.0025 233 88 257 107
bottle 0.0019 462 239 486 260
bottle 0.0017 245 91 263 128
bottle 0.0016 273 112 293 134
bottle 0.0015 464 226 485 276
bottle 0.0011 480 225 499 250
bottle 0.0010 303 251 348 294
bottle 0.0010 477 238 498 262
chair 0.1274 212 147 435 381
chair 0.0051 21 222 159 368
chair 0.0042 314 176 487 366
chair 0.0038 464 154 500 283
chair 0.0037 484 197 500 277
chair 0.0022 259 227 462 361
chair 0.0020 455 230 496 272
chair 0.0016 470 214 502 260
chair 0.0010 486 161 500 258
chair 0.0010 107 218 407 375
person 0.9356 220 119 431 376
person 0.5535 17 163 176 368
person 0.2613 94 127 255 371
person 0.2354 150 136 222 231
person 0.1676 316 82 492 348
person 0.0800 296 100 446 272
person 0.0228 146 64 439 322
person 0.0120 113 111 251 269
person 0.0091 316 115 413 197
person 0.0064 168 150 231 267
person 0.0044 177 155 220 209
person 0.0043 34 137 217 307
person 0.0040 330 94 410 176
person 0.0036 299 123 366 204
person 0.0036 168 130 238 208
person 0.0030 300 349 361 376
person 0.0023 211 110 277 211
person 0.0021 78 64 340 267
person 0.0018 0 169 59 371
person 0.0014 55 239 119 366
person 0.0013 284 56 447 211
person 0.0013 156 154 210 213
person 0.0013 487 -2 500 103
person 0.0013 105 215 307 373
person 0.0012 312 130 352 169
person 0.0010 0 135 8 224
person 0.0010 460 17 498 132
person 0.0010 449 97 498 330
pottedplant 0.3238 407 71 498 191
pottedplant 0.0108 392 88 425 127
pottedplant 0.0096 443 80 499 218
pottedplant 0.0065 453 50 498 164
pottedplant 0.0035 387 80 503 290
pottedplant 0.0034 327 60 492 202
pottedplant 0.0033 371 86 444 169
pottedplant 0.0031 381 73 436 140
sofa 0.0351 137 103 380 337
