bicycle 0.8460 111 9 375 312
bicycle 0.2246 61 49 495 381
bicycle 0.1026 150 6 339 201
bicycle 0.0153 83 29 280 229
bottle 0.0027 284 157 299 180
car 0.0057 -3 -1 59 48
car 0.0013 361 9 385 25
car 0.0010 206 0 309 15
chair 0.0341 -2 1 47 41
chair 0.0035 20 0 89 47
chair 0.0032 1 -1 21 45
chair 0.0017 0 13 44 52
chair 0.0014 32 12 80 52
chair 0.0012 12 9 41 32
chair 0.0011 0 10 23 33
person 0.0109 32 0 79 41
person 0.0074 39 2 66 17
person 0.0073 387 0 443 35
person 0.0049 422 0 445 19
person 0.0038 406 -1 459 31
person 0.0029 28 0 77 22
person 0.0028 490 103 500 197
person 0.0027 53 0 82 18
person 0.0027 239 1 278 9
person 0.0019 362 1 386 18
person 0.0016 324 0 395 76
person 0.0014 356 0 457 40
person 0.0014 402 0 427 14
person 0.0013 379 0 405 17
person 0.0010 223 0 262 8
person 0.0010 264 0 293 9
pottedplant 0.0143 273 121 314 148
pottedplant 0.0019 288 119 313 136
pottedplant 0.0012 268 127 295 148
pottedplant 0.0012 288 118 308 152
tvmonitor 0.0010 205 0 302 20
