bus 0.0088 -4 191 19 252
bus 0.0072 0 183 11 260
bus 0.0021 0 212 13 237
bus 0.0015 -2 156 20 212
bus 0.0012 0 139 12 229
car 0.7357 204 209 332 352
car 0.1192 27 223 67 269
car 0.0594 304 209 336 261
car 0.0503 176 214 209 260
car 0.0477 80 205 133 305
car 0.0066 202 207 287 294
car 0.0046 166 206 207 248
car 0.0040 83 197 206 325
car 0.0035 0 226 12 251
car 0.0032 121 202 213 291
car 0.0026 100 203 177 302
car 0.0021 320 196 332 259
car 0.0020 91 216 124 286
car 0.0016 60 202 161 316
car 0.0015 251 210 338 286
car 0.0014 300 223 335 359
car 0.0012 134 183 205 257
car 0.0012 148 197 193 242
car 0.0011 0 245 12 266
person 0.9611 117 202 211 453
person 0.0023 36 188 202 467
person 0.0019 112 186 215 337
person 0.0014 172 237 213 411
person 0.0013 127 282 168 441
person 0.0011 134 255 194 395
