bottle 0.0014 481 268 499 325
car 0.0047 0 94 22 110
car 0.0030 0 82 34 112
car 0.0010 18 89 41 107
chair 0.0478 122 230 310 374
chair 0.0347 388 21 504 175
chair 0.0208 414 40 490 154
chair 0.0101 396 247 482 309
chair 0.0033 162 249 258 360
chair 0.0031 436 26 501 130
chair 0.0015 318 -12 498 163
chair 0.0013 407 254 470 296
chair 0.0011 374 209 504 344
diningtable 0.0060 358 281 509 375
person 0.6600 178 108 384 369
person 0.3375 188 110 318 267
person 0.1723 133 82 295 344
person 0.1074 265 97 377 331
person 0.0843 1 181 177 374
person 0.0132 209 124 288 240
person 0.0094 -8 56 124 379
person 0.0080 131 73 236 261
person 0.0056 457 230 503 325
person 0.0047 214 82 363 251
person 0.0038 292 115 355 253
person 0.0036 346 118 361 155
person 0.0024 -1 55 57 379
person 0.0021 0 212 7 348
person 0.0019 287 99 355 170
person 0.0015 463 196 503 300
person 0.0015 444 144 507 346
person 0.0013 0 209 40 335
person 0.0012 -8 268 148 376
person 0.0011 13 231 90 312
person 0.0011 25 114 242 373
person 0.0010 376 156 509 336
pottedplant 0.0106 455 295 499 379
pottedplant 0.0027 455 332 499 372
pottedplant 0.0010 473 285 499 329
