chair 0.0160 -1 299 82 485
chair 0.0097 2 321 40 480
chair 0.0051 20 306 297 484
chair 0.0032 -1 383 36 508
chair 0.0020 3 273 125 462
chair 0.0016 329 310 379 360
chair 0.0016 294 82 377 333
chair 0.0013 123 349 182 451
chair 0.0011 0 447 36 501
diningtable 0.0153 29 446 345 500
diningtable 0.0111 -18 388 341 500
diningtable 0.0022 -1 444 38 502
person 0.9921 128 85 304 499
person 0.1220 0 256 75 470
person 0.0375 112 224 369 486
person 0.0083 0 220 28 352
person 0.0074 2 261 40 464
person 0.0038 184 295 238 337
person 0.0034 2 128 35 296
person 0.0033 0 250 10 311
person 0.0020 0 66 39 357
person 0.0012 0 250 23 318
pottedplant 0.0023 182 65 231 102
tvmonitor 0.0051 173 47 219 87
tvmonitor 0.0049 7 157 62 267
