bus 0.0013 5 449 138 501
car 0.0137 0 209 12 237
car 0.0078 0 191 9 248
car 0.0075 0 185 11 215
car 0.0043 224 191 264 225
car 0.0036 0 175 13 196
car 0.0032 21 218 355 426
car 0.0021 0 195 16 244
car 0.0015 312 193 359 236
car 0.0013 252 196 296 226
car 0.0012 280 194 322 228
car 0.0012 95 123 127 168
car 0.0010 252 204 309 233
person 0.9403 77 182 127 328
person 0.0066 94 190 146 307
person 0.0023 55 142 146 307
person 0.0018 85 245 117 318
person 0.0012 84 206 120 290
person 0.0010 107 212 138 274
pottedplant 0.0094 300 216 376 285
pottedplant 0.0066 1 253 27 310
pottedplant 0.0056 300 245 374 314
pottedplant 0.0043 308 229 363 269
pottedplant 0.0040 309 261 363 303
pottedplant 0.0037 0 229 27 332
pottedplant 0.0028 331 192 376 305
pottedplant 0.0022 0 282 14 308
pottedplant 0.0022 1 241 13 313
pottedplant 0.0017 0 262 17 293
pottedplant 0.0017 74 126 130 222
pottedplant 0.0015 285 165 384 333
pottedplant 0.0014 0 224 27 278
pottedplant 0.0014 304 172 373 253
pottedplant 0.0013 220 159 261 203
pottedplant 0.0013 338 260 374 308
pottedplant 0.0012 208 135 273 222
pottedplant 0.0011 -2 268 21 322
pottedplant 0.0011 89 138 127 186
pottedplant 0.0010 150 120 177 162
pottedplant 0.0010 0 261 10 328
train 0.0247 48 183 382 395
tvmonitor 0.0021 336 159 375 260
tvmonitor 0.0012 342 185 373 233
