bottle 0.0023 466 164 498 291
bottle 0.0021 484 216 500 278
bottle 0.0018 469 230 496 277
chair 0.0776 129 35 287 280
chair 0.0202 385 96 500 302
chair 0.0064 138 119 208 195
chair 0.0051 61 94 200 311
chair 0.0046 137 150 296 303
chair 0.0044 261 111 320 202
chair 0.0038 465 124 499 282
chair 0.0032 445 94 506 305
chair 0.0024 445 18 499 101
chair 0.0021 213 87 372 317
chair 0.0018 483 37 499 93
chair 0.0014 291 129 351 231
chair 0.0011 269 182 317 275
chair 0.0011 169 81 250 179
diningtable 0.0022 268 90 392 315
diningtable 0.0018 297 159 438 295
person 0.8178 24 32 158 323
person 0.8131 392 27 491 288
person 0.4159 270 6 382 252
person 0.3985 7 35 109 283
person 0.2797 134 43 287 318
person 0.2675 69 43 194 314
person 0.1268 443 41 500 315
person 0.1242 194 21 391 289
person 0.0755 1 36 56 326
person 0.0580 68 37 179 187
person 0.0245 83 23 267 245
person 0.0207 288 36 437 325
person 0.0061 9 46 85 116
person 0.0058 0 107 9 264
person 0.0058 417 12 481 106
person 0.0053 70 45 143 118
person 0.0051 2 142 93 301
person 0.0047 401 5 496 174
person 0.0044 -2 112 36 248
person 0.0034 351 14 477 208
person 0.0021 463 92 497 267
person 0.0020 131 0 364 222
person 0.0019 93 50 159 161
person 0.0018 69 29 135 91
person 0.0017 291 74 360 185
person 0.0014 489 43 500 209
person 0.0014 65 62 147 149
person 0.0013 383 82 441 180
person 0.0010 418 -1 469 26
person 0.0010 4 154 41 297
person 0.0010 1 32 102 145
pottedplant 0.0013 286 242 316 271
