bicycle 0.0031 292 162 364 265
bicycle 0.0029 232 108 381 319
bottle 0.0054 240 286 298 387
bottle 0.0043 251 309 287 364
bottle 0.0025 363 74 373 139
bottle 0.0023 234 307 270 359
bottle 0.0018 249 333 287 380
bottle 0.0013 360 93 374 125
car 0.0058 1 178 38 228
car 0.0019 9 186 64 224
chair 0.0041 22 350 76 395
chair 0.0035 2 380 29 509
chair 0.0028 277 365 379 500
chair 0.0026 24 374 63 416
chair 0.0022 2 409 27 481
chair 0.0017 9 398 76 498
chair 0.0012 12 357 74 447
chair 0.0012 0 378 13 408
chair 0.0011 45 377 98 411
chair 0.0011 341 382 376 502
chair 0.0011 0 378 11 487
chair 0.0010 4 366 25 433
person 0.8752 128 58 240 371
person 0.0504 2 195 77 379
person 0.0405 287 206 371 454
person 0.0180 346 234 376 419
person 0.0179 68 123 255 445
person 0.0173 282 261 337 388
person 0.0129 350 233 376 286
person 0.0101 200 169 349 409
person 0.0100 339 1 375 102
person 0.0093 10 343 36 401
person 0.0076 14 348 56 397
person 0.0062 145 43 228 145
person 0.0054 330 224 375 492
person 0.0051 0 143 7 218
person 0.0049 358 246 376 278
person 0.0039 19 341 63 382
person 0.0038 143 202 236 441
person 0.0038 351 251 374 320
person 0.0037 45 56 227 306
person 0.0029 347 191 376 313
person 0.0027 361 238 375 317
person 0.0026 16 337 33 361
person 0.0025 2 306 31 423
person 0.0024 296 184 362 305
person 0.0024 0 170 9 314
person 0.0021 279 131 375 370
person 0.0019 10 332 37 376
person 0.0019 1 326 27 486
person 0.0019 0 327 10 421
person 0.0018 285 306 373 494
person 0.0018 352 209 377 270
person 0.0017 1 171 40 331
person 0.0015 159 64 332 366
person 0.0014 11 333 72 400
person 0.0013 362 243 375 388
person 0.0013 362 10 375 85
person 0.0012 360 201 375 281
person 0.0012 294 218 361 358
person 0.0012 347 84 377 264
person 0.0011 332 42 378 308
person 0.0010 0 407 11 495
person 0.0010 26 338 47 362
person 0.0010 364 33 375 143
pottedplant 0.0015 86 119 123 162
train 0.0040 0 160 80 361
tvmonitor 0.0021 4 328 29 390
tvmonitor 0.0010 -1 321 19 384
