bicycle 0.0094 0 68 57 135
bicycle 0.0051 -1 77 51 175
bicycle 0.0035 4 78 49 121
bicycle 0.0018 -11 52 64 209
car 0.0035 0 68 23 82
chair 0.0468 449 85 499 184
chair 0.0447 1 131 99 359
chair 0.0380 456 229 500 375
chair 0.0174 380 53 505 262
chair 0.0158 412 88 492 172
chair 0.0052 444 49 501 267
chair 0.0044 0 157 53 373
chair 0.0035 398 108 491 204
chair 0.0033 454 106 497 156
chair 0.0033 18 185 89 301
chair 0.0031 381 225 501 370
chair 0.0029 449 119 499 368
chair 0.0028 117 144 207 222
chair 0.0027 111 130 182 199
chair 0.0024 460 119 498 252
chair 0.0021 461 165 497 328
chair 0.0020 460 308 495 361
chair 0.0019 109 102 181 159
chair 0.0019 439 14 505 184
chair 0.0019 378 -2 506 152
chair 0.0017 423 104 479 147
chair 0.0016 396 286 492 376
chair 0.0015 478 96 499 180
chair 0.0014 74 151 111 202
chair 0.0013 466 120 503 178
chair 0.0010 462 272 497 333
person 0.8210 107 139 302 357
person 0.4595 255 68 462 369
person 0.4226 143 122 437 373
person 0.0644 68 121 118 205
person 0.0240 -2 47 55 385
person 0.0225 -2 91 109 343
person 0.0134 89 61 395 320
person 0.0109 389 65 499 366
person 0.0057 445 54 500 376
person 0.0051 223 2 275 36
person 0.0038 2 118 40 246
person 0.0028 82 105 249 270
person 0.0025 83 134 117 193
person 0.0021 79 138 101 193
person 0.0020 459 338 500 372
person 0.0019 244 5 268 39
person 0.0017 36 106 153 325
person 0.0013 34 119 98 202
person 0.0012 207 142 280 232
person 0.0012 115 144 133 184
person 0.0011 -2 141 37 344
person 0.0011 41 184 226 365
pottedplant 0.0051 12 70 78 134
pottedplant 0.0029 26 79 70 122
pottedplant 0.0019 7 31 81 118
pottedplant 0.0016 2 56 46 93
tvmonitor 0.0032 25 92 72 124
tvmonitor 0.0015 329 7 404 79
tvmonitor 0.0014 46 158 88 197
tvmonitor 0.0010 29 98 72 140
