chair 0.2721 0 290 49 377
chair 0.0372 48 287 137 375
chair 0.0184 12 288 86 377
chair 0.0121 0 208 39 343
chair 0.0048 385 287 498 376
chair 0.0046 447 240 497 360
chair 0.0033 76 287 184 371
chair 0.0033 140 345 275 375
chair 0.0031 -11 271 62 386
chair 0.0027 378 330 506 375
chair 0.0026 4 278 40 333
chair 0.0024 118 341 372 374
chair 0.0019 439 280 500 381
chair 0.0018 144 217 182 262
chair 0.0018 -1 224 31 267
chair 0.0018 90 257 173 357
chair 0.0017 2 332 49 373
chair 0.0016 154 304 265 372
chair 0.0015 182 348 311 373
chair 0.0013 87 350 237 377
chair 0.0013 276 290 378 371
chair 0.0013 68 308 116 358
chair 0.0013 29 307 72 360
chair 0.0013 3 239 106 372
chair 0.0012 4 245 38 297
chair 0.0010 13 235 88 317
diningtable 0.6792 32 225 387 377
diningtable 0.0958 -9 275 274 374
diningtable 0.0433 100 273 481 380
diningtable 0.0140 36 241 170 373
diningtable 0.0082 168 260 255 347
diningtable 0.0030 137 259 214 352
diningtable 0.0025 75 194 266 373
diningtable 0.0013 122 296 233 373
diningtable 0.0012 200 260 297 345
person 0.6827 112 188 168 267
person 0.6405 374 176 443 267
person 0.5647 304 193 360 261
person 0.4472 252 197 304 256
person 0.2349 382 225 501 374
person 0.1845 196 203 251 267
person 0.1416 440 187 475 234
person 0.0814 416 186 480 250
person 0.0593 451 183 497 305
person 0.0543 393 185 495 319
person 0.0539 108 337 304 375
person 0.0391 456 187 492 237
person 0.0219 209 204 283 269
person 0.0180 83 184 176 304
person 0.0168 469 186 501 227
person 0.0164 394 180 438 231
person 0.0097 301 202 341 246
person 0.0054 130 201 193 273
person 0.0054 476 192 500 253
person 0.0047 38 169 167 322
person 0.0043 463 174 498 218
person 0.0034 -5 178 47 374
person 0.0031 457 192 477 227
person 0.0031 324 181 392 265
person 0.0031 266 202 289 243
person 0.0030 323 203 344 248
person 0.0029 483 201 500 300
person 0.0025 128 171 370 324
person 0.0025 349 192 479 355
person 0.0023 422 177 465 218
person 0.0021 248 180 398 308
person 0.0020 233 200 280 249
person 0.0020 461 210 495 263
person 0.0019 222 214 272 261
person 0.0019 213 201 256 243
person 0.0018 63 199 144 282
person 0.0018 -3 203 32 288
person 0.0015 120 190 161 236
person 0.0014 475 187 501 209
person 0.0013 5 193 106 361
person 0.0012 478 176 500 221
person 0.0011 443 193 470 222
person 0.0011 265 117 283 149
person 0.0010 315 233 357 266
person 0.0010 443 200 467 237
pottedplant 0.0010 304 85 324 105
sofa 0.0266 133 198 446 362
