bottle 0.0030 273 -2 322 113
diningtable 0.0372 33 233 348 490
diningtable 0.0086 -32 359 316 508
diningtable 0.0030 298 130 334 290
diningtable 0.0023 146 321 342 480
diningtable 0.0016 266 121 333 223
diningtable 0.0016 291 72 333 354
diningtable 0.0015 292 152 336 209
person 0.9811 -7 -25 289 448
person 0.6134 104 34 326 385
person 0.1617 31 161 346 479
person 0.0340 -1 0 233 286
person 0.0178 0 40 125 449
person 0.0083 22 287 309 507
person 0.0060 254 106 332 383
person 0.0055 75 25 109 77
person 0.0044 68 15 117 88
person 0.0035 293 87 335 403
person 0.0022 4 224 70 500
person 0.0019 -1 91 40 481
person 0.0016 47 0 340 202
person 0.0015 199 61 328 362
person 0.0011 24 1 255 128
person 0.0010 70 34 100 87
pottedplant 0.0010 299 0 332 115
sofa 0.0338 -24 144 310 495
tvmonitor 0.0051 0 36 33 157
tvmonitor 0.0034 -2 0 74 125
tvmonitor 0.0015 1 69 29 128
tvmonitor 0.0013 2 42 63 142
