car 0.9568 0 150 99 286
car 0.8488 218 114 296 333
car 0.6863 240 100 357 144
car 0.6218 192 110 360 333
car 0.5710 331 117 502 261
car 0.1762 82 128 281 308
car 0.0621 367 112 510 161
car 0.0614 254 97 338 127
car 0.0593 331 122 493 181
car 0.0560 310 104 354 138
car 0.0446 243 102 320 135
car 0.0277 -13 139 180 298
car 0.0238 368 118 446 153
car 0.0133 394 112 487 146
car 0.0123 338 111 392 147
car 0.0091 236 107 287 144
car 0.0084 430 112 507 138
car 0.0071 219 99 304 160
car 0.0066 -3 77 105 255
car 0.0053 309 107 422 157
car 0.0042 238 114 329 188
car 0.0041 330 102 370 139
car 0.0035 0 136 94 194
car 0.0033 349 132 401 166
car 0.0031 242 116 281 156
car 0.0030 431 105 510 158
car 0.0024 355 130 438 168
car 0.0023 150 78 355 256
car 0.0023 -4 134 66 244
car 0.0022 344 119 404 156
car 0.0014 203 85 385 175
car 0.0014 363 38 502 159
car 0.0013 242 96 283 126
car 0.0013 0 139 50 177
car 0.0012 275 111 359 152
car 0.0011 338 134 373 165
car 0.0011 3 154 52 326
car 0.0011 348 107 399 138
person 0.0427 225 124 286 307
person 0.0273 223 113 291 209
person 0.0012 233 130 279 187
person 0.0010 135 -1 201 28
