chair 0.0848 87 187 347 457
chair 0.0595 292 239 367 343
chair 0.0109 339 217 370 354
chair 0.0075 165 248 376 480
chair 0.0065 174 126 365 375
chair 0.0048 362 240 374 319
chair 0.0044 303 262 355 318
chair 0.0041 228 130 312 224
chair 0.0036 352 248 375 309
chair 0.0030 292 198 372 306
chair 0.0028 344 256 369 318
chair 0.0027 222 178 317 246
chair 0.0025 247 191 367 390
chair 0.0020 343 211 371 281
chair 0.0017 240 193 299 234
chair 0.0017 219 198 276 237
chair 0.0017 360 261 373 298
chair 0.0014 205 257 280 392
chair 0.0014 0 63 90 426
chair 0.0013 255 172 350 250
chair 0.0010 327 252 377 307
diningtable 0.0073 119 380 374 495
diningtable 0.0031 24 302 409 498
person 0.9332 11 16 299 480
person 0.6441 330 151 374 261
person 0.1892 129 29 349 394
person 0.1138 283 212 368 435
person 0.0565 328 138 376 351
person 0.0245 -1 141 209 492
person 0.0174 338 166 372 232
person 0.0155 182 64 360 279
person 0.0069 27 -2 279 284
person 0.0053 293 128 374 305
person 0.0048 241 152 369 350
person 0.0035 348 146 374 221
person 0.0032 55 -5 250 134
person 0.0026 360 152 372 215
person 0.0018 322 195 372 454
person 0.0013 360 172 372 264
pottedplant 0.0010 331 39 372 152
