car 0.1000 223 250 298 275
car 0.0075 206 247 309 287
car 0.0075 212 248 273 280
car 0.0053 257 250 326 273
car 0.0015 266 255 298 270
car 0.0011 201 269 313 324
car 0.0010 237 256 285 271
person 0.8377 187 179 234 291
person 0.8243 357 175 405 297
person 0.4613 139 182 175 287
person 0.4312 75 181 137 305
person 0.4302 34 180 70 275
person 0.3562 416 195 451 280
person 0.3363 461 190 495 281
person 0.0546 116 178 169 303
person 0.0452 296 247 334 274
person 0.0077 41 191 63 262
person 0.0077 488 200 500 275
person 0.0068 423 210 446 268
person 0.0058 57 193 77 254
person 0.0055 150 161 269 294
person 0.0033 131 298 152 324
person 0.0026 326 167 421 289
person 0.0025 170 265 184 300
person 0.0022 66 254 102 305
person 0.0022 165 261 195 300
person 0.0022 48 156 158 296
person 0.0018 149 196 171 277
person 0.0017 -1 222 9 279
person 0.0017 54 190 73 230
person 0.0016 208 260 227 297
person 0.0014 19 171 100 305
person 0.0013 201 254 232 301
person 0.0013 362 200 397 278
person 0.0013 289 253 316 271
person 0.0013 375 202 411 276
person 0.0012 51 186 72 207
person 0.0012 487 176 499 244
person 0.0011 284 223 348 279
person 0.0010 40 275 71 319
person 0.0010 319 253 339 271
person 0.0010 138 240 157 285
train 0.0022 -22 21 444 299
