chair 0.0020 460 235 500 374
chair 0.0019 134 220 305 372
person 0.8695 311 66 490 362
person 0.8625 177 107 314 367
person 0.7943 11 50 160 385
person 0.3287 0 89 47 171
person 0.2716 135 137 222 358
person 0.1304 -1 69 50 364
person 0.1107 144 139 202 236
person 0.0867 411 84 444 127
person 0.0813 274 118 322 194
person 0.0587 154 128 195 172
person 0.0559 418 76 462 122
person 0.0543 179 108 244 195
person 0.0535 410 68 478 132
person 0.0532 143 123 206 190
person 0.0521 419 92 440 123
person 0.0485 262 80 399 354
person 0.0439 384 49 494 328
person 0.0401 182 110 217 158
person 0.0370 164 118 207 155
person 0.0316 0 86 34 284
person 0.0205 140 126 179 169
person 0.0193 146 103 212 165
person 0.0190 171 76 320 254
person 0.0168 6 87 43 133
person 0.0150 45 120 205 368
person 0.0142 285 113 348 205
person 0.0133 25 34 151 234
person 0.0124 442 46 497 329
person 0.0113 444 49 495 144
person 0.0108 29 82 69 126
person 0.0102 101 80 245 302
person 0.0093 152 161 204 327
person 0.0082 0 107 11 223
person 0.0075 372 55 436 135
person 0.0073 298 112 341 154
person 0.0060 490 72 500 170
person 0.0058 203 106 285 204
person 0.0055 295 34 440 246
person 0.0049 21 67 83 137
person 0.0049 152 155 195 209
person 0.0047 424 80 445 115
person 0.0047 388 71 426 122
person 0.0046 189 121 227 178
person 0.0044 259 99 328 174
person 0.0042 115 114 175 200
person 0.0039 205 72 364 311
person 0.0039 269 126 289 176
person 0.0038 151 126 176 154
person 0.0036 126 131 166 179
person 0.0035 13 88 85 165
person 0.0034 488 63 500 125
person 0.0033 18 102 39 142
person 0.0032 148 131 169 167
person 0.0032 158 144 204 187
person 0.0031 30 100 68 138
person 0.0030 290 102 356 169
person 0.0027 0 95 15 151
person 0.0026 295 128 335 178
person 0.0025 40 106 64 129
person 0.0025 192 108 215 144
person 0.0024 -2 103 32 162
person 0.0023 280 115 321 158
person 0.0022 143 137 182 189
person 0.0021 411 89 429 125
person 0.0021 6 122 40 182
person 0.0020 157 86 208 129
person 0.0020 125 109 164 153
person 0.0020 171 122 196 153
person 0.0020 262 114 295 159
person 0.0019 42 83 82 129
person 0.0018 453 69 491 124
person 0.0018 418 99 461 142
person 0.0017 191 120 214 153
person 0.0017 56 89 73 125
person 0.0016 40 90 63 126
person 0.0015 269 121 291 151
person 0.0014 -1 83 9 304
person 0.0013 36 33 224 291
person 0.0013 417 100 437 135
person 0.0013 180 87 222 128
person 0.0012 302 122 334 150
person 0.0012 142 84 186 130
person 0.0011 153 89 173 128
person 0.0011 284 128 305 175
person 0.0011 140 67 212 142
person 0.0010 194 276 248 311
person 0.0010 463 89 498 283
