bus 0.9133 -13 61 291 365
bus 0.1954 -1 112 73 321
bus 0.0949 0 159 38 324
bus 0.0923 40 135 340 434
bus 0.0841 -8 170 234 416
bus 0.0423 10 81 176 338
bus 0.0056 253 197 284 239
bus 0.0025 162 79 309 348
bus 0.0022 257 193 272 251
bus 0.0016 252 220 286 263
bus 0.0014 274 189 320 306
bus 0.0013 257 96 333 400
bus 0.0012 249 176 293 256
bus 0.0012 209 176 276 251
car 0.3261 21 234 194 446
car 0.0391 -35 227 322 429
car 0.0043 255 204 273 232
car 0.0011 254 197 273 219
person 0.9560 49 251 127 454
person 0.0387 150 195 179 240
person 0.0156 193 194 237 233
person 0.0151 172 194 215 235
person 0.0065 185 203 235 246
person 0.0055 144 209 176 256
person 0.0051 223 194 264 235
person 0.0050 206 178 238 217
person 0.0044 157 181 230 244
person 0.0043 149 206 191 246
person 0.0032 79 164 115 204
person 0.0032 165 209 203 245
person 0.0030 88 173 108 201
person 0.0023 97 176 116 199
person 0.0023 98 186 116 203
person 0.0019 88 186 105 203
person 0.0017 151 226 168 250
person 0.0013 170 214 226 254
person 0.0012 73 176 118 220
person 0.0012 211 184 233 210
person 0.0011 204 187 224 210
person 0.0010 150 207 171 238
