bottle 0.0062 105 232 117 280
bottle 0.0018 97 232 124 280
bottle 0.0013 102 227 122 257
chair 0.0446 0 252 28 399
chair 0.0359 244 200 287 290
chair 0.0333 71 204 99 243
chair 0.0163 7 247 129 478
chair 0.0112 251 214 282 272
chair 0.0100 6 270 56 384
chair 0.0088 11 233 55 351
chair 0.0085 0 190 35 460
chair 0.0075 0 200 75 453
chair 0.0069 81 223 104 248
chair 0.0067 82 215 102 238
chair 0.0065 1 286 32 344
chair 0.0049 5 273 35 327
chair 0.0041 240 235 292 342
chair 0.0041 19 263 50 317
chair 0.0041 2 255 23 327
chair 0.0040 72 225 99 249
chair 0.0038 50 179 79 233
chair 0.0037 149 188 181 236
chair 0.0036 4 302 61 420
chair 0.0035 66 210 81 235
chair 0.0034 60 203 87 245
chair 0.0030 232 194 263 245
chair 0.0027 245 196 279 246
chair 0.0027 -1 320 28 480
chair 0.0025 50 281 327 502
chair 0.0024 0 274 9 396
chair 0.0023 61 227 82 248
chair 0.0023 238 264 294 388
chair 0.0022 118 194 145 237
chair 0.0022 37 202 92 298
chair 0.0021 15 294 50 353
chair 0.0021 0 301 31 366
chair 0.0020 39 196 70 246
chair 0.0019 60 300 121 420
chair 0.0018 102 213 118 234
chair 0.0018 56 219 91 256
chair 0.0017 222 207 267 290
chair 0.0017 227 220 257 272
chair 0.0016 164 246 314 483
chair 0.0015 32 238 96 332
chair 0.0015 50 227 84 270
chair 0.0014 26 264 42 292
chair 0.0014 0 327 26 398
chair 0.0013 39 159 84 255
chair 0.0013 37 242 78 278
chair 0.0013 15 285 29 314
chair 0.0013 121 202 140 230
chair 0.0012 98 221 124 266
chair 0.0012 10 298 26 325
chair 0.0012 156 201 188 240
chair 0.0011 128 177 159 231
chair 0.0011 142 221 178 265
chair 0.0011 227 175 270 256
chair 0.0011 214 269 274 388
chair 0.0011 219 212 250 255
chair 0.0010 30 305 97 417
chair 0.0010 19 280 35 308
diningtable 0.9425 -16 245 303 494
diningtable 0.1914 12 242 175 483
diningtable 0.0334 127 197 304 471
diningtable 0.0177 49 154 282 438
diningtable 0.0013 111 305 170 424
diningtable 0.0011 83 301 145 421
person 0.8867 175 111 239 230
person 0.7751 -1 104 62 326
person 0.0954 0 206 26 376
person 0.0547 0 140 73 432
person 0.0471 0 143 37 427
person 0.0305 0 154 9 326
person 0.0199 163 108 261 408
person 0.0139 15 140 105 372
person 0.0111 191 152 289 439
person 0.0064 0 113 7 255
person 0.0049 167 104 226 191
person 0.0048 221 139 312 370
person 0.0040 0 107 41 254
person 0.0035 183 148 235 254
person 0.0033 -1 116 39 164
person 0.0032 141 66 252 223
person 0.0023 218 221 315 432
person 0.0019 179 134 219 199
person 0.0017 0 106 7 182
person 0.0016 187 105 296 315
person 0.0011 175 115 214 164
person 0.0010 0 195 14 283
pottedplant 0.1460 100 124 172 230
pottedplant 0.0125 63 104 175 244
pottedplant 0.0090 93 101 240 239
pottedplant 0.0087 148 113 185 155
pottedplant 0.0081 102 146 134 204
pottedplant 0.0068 116 149 159 203
pottedplant 0.0065 135 117 192 226
pottedplant 0.0055 123 187 152 239
pottedplant 0.0055 115 162 159 247
pottedplant 0.0042 108 98 171 183
pottedplant 0.0034 138 99 192 178
pottedplant 0.0034 98 135 142 189
pottedplant 0.0034 121 113 161 153
pottedplant 0.0034 76 49 200 233
pottedplant 0.0028 97 157 141 249
pottedplant 0.0024 104 185 132 237
pottedplant 0.0023 125 136 166 184
pottedplant 0.0018 149 145 180 200
pottedplant 0.0018 70 173 107 249
pottedplant 0.0017 117 182 145 229
pottedplant 0.0017 63 117 215 298
pottedplant 0.0014 141 162 189 246
pottedplant 0.0014 89 98 149 188
pottedplant 0.0014 168 108 202 151
pottedplant 0.0014 126 120 167 168
pottedplant 0.0013 99 119 136 159
pottedplant 0.0011 165 113 180 144
pottedplant 0.0010 129 104 165 145
tvmonitor 0.0240 40 168 69 195
tvmonitor 0.0133 47 167 64 188
tvmonitor 0.0086 47 148 80 196
tvmonitor 0.0044 40 172 68 224
tvmonitor 0.0044 38 136 86 218
tvmonitor 0.0040 54 165 83 202
tvmonitor 0.0019 40 151 72 178
tvmonitor 0.0017 51 150 87 180
tvmonitor 0.0014 47 158 66 178
tvmonitor 0.0012 60 179 83 225
tvmonitor 0.0010 66 146 101 181
tvmonitor 0.0010 48 157 64 211
