bottle 0.0122 227 241 270 368
bottle 0.0058 197 281 217 341
bottle 0.0053 193 259 240 351
bottle 0.0048 201 277 233 333
bottle 0.0018 179 290 248 366
bottle 0.0014 206 273 224 324
bottle 0.0010 234 273 269 334
chair 0.0096 259 231 466 367
chair 0.0055 223 190 275 291
chair 0.0027 373 222 498 374
chair 0.0022 -13 58 134 266
chair 0.0019 28 86 250 293
chair 0.0014 269 354 437 376
chair 0.0010 280 345 373 371
chair 0.0010 229 215 273 266
chair 0.0010 234 338 507 371
diningtable 0.0017 268 338 532 371
person 0.9653 76 100 267 377
person 0.7707 257 45 482 383
person 0.0179 369 109 496 370
person 0.0144 94 28 498 345
person 0.0074 118 115 372 372
person 0.0047 0 255 9 366
person 0.0044 222 25 443 246
person 0.0029 -12 102 216 384
person 0.0027 3 223 32 387
person 0.0019 0 149 44 389
person 0.0019 442 37 501 340
person 0.0010 115 200 133 241
