bicycle 0.1417 345 240 440 412
bicycle 0.0165 366 292 426 414
cow 0.0910 27 258 73 317
cow 0.0703 84 261 118 315
cow 0.0581 220 237 267 281
cow 0.0155 51 256 85 300
cow 0.0109 15 261 53 319
cow 0.0069 115 252 146 299
cow 0.0045 74 256 110 303
cow 0.0028 159 251 196 295
cow 0.0024 192 224 231 269
cow 0.0017 226 250 269 297
person 0.9712 347 144 431 363
person 0.1463 127 237 159 289
person 0.0978 162 233 199 286
person 0.0619 289 190 310 211
person 0.0411 248 191 270 223
person 0.0390 202 202 225 235
person 0.0365 338 151 404 281
person 0.0203 228 194 256 222
person 0.0201 85 261 116 325
person 0.0087 205 190 226 219
person 0.0083 345 213 410 368
person 0.0043 232 233 272 286
person 0.0039 269 186 307 220
person 0.0029 333 182 370 249
person 0.0024 60 259 80 301
person 0.0023 283 183 317 215
person 0.0022 231 200 250 234
person 0.0021 159 238 178 288
person 0.0018 131 235 153 254
person 0.0016 367 153 417 209
person 0.0015 222 221 261 262
person 0.0015 245 236 266 285
person 0.0014 81 256 101 305
person 0.0012 226 226 252 248
person 0.0011 229 238 254 284
person 0.0011 314 159 331 175
person 0.0010 342 175 386 238
