bottle 0.0012 323 230 340 278
bottle 0.0010 263 362 287 374
car 0.0069 479 145 501 160
car 0.0053 1 147 19 156
car 0.0028 107 145 146 156
car 0.0014 19 146 35 156
person 0.8959 187 124 298 367
person 0.7666 330 103 412 369
person 0.6345 249 112 337 368
person 0.0251 272 107 381 371
person 0.0133 465 143 481 158
person 0.0109 138 145 158 165
person 0.0058 244 77 341 258
person 0.0039 321 81 416 257
person 0.0033 140 152 154 167
person 0.0029 441 140 453 156
person 0.0027 203 353 277 375
person 0.0016 70 53 90 70
person 0.0015 165 69 274 326
person 0.0011 33 160 53 172
person 0.0011 260 101 326 214
person 0.0011 68 55 111 89
pottedplant 0.0018 324 252 345 279
