chair 0.0251 307 127 500 248
chair 0.0218 5 93 112 290
chair 0.0052 6 107 179 331
chair 0.0037 40 114 305 319
chair 0.0016 -8 191 128 331
chair 0.0012 202 149 309 231
chair 0.0012 83 146 425 279
chair 0.0011 26 43 238 294
diningtable 0.0033 14 145 92 235
diningtable 0.0011 5 132 46 247
horse 0.4508 174 102 339 234
horse 0.0202 201 84 307 201
horse 0.0012 76 103 365 270
person 0.9938 221 81 283 169
person 0.0698 232 86 274 149
person 0.0037 53 219 520 315
person 0.0034 223 96 263 143
person 0.0011 200 98 250 185
person 0.0011 239 109 275 158
person 0.0010 0 70 10 175
sofa 0.0020 62 171 513 313
