bottle 0.0029 227 362 246 391
bottle 0.0027 273 247 284 309
bottle 0.0027 265 273 290 323
bottle 0.0018 271 270 284 325
bottle 0.0018 265 248 291 309
bottle 0.0010 230 352 243 399
chair 0.0770 254 256 333 474
chair 0.0148 292 237 333 348
chair 0.0133 270 241 319 333
chair 0.0070 297 181 333 323
chair 0.0050 277 260 311 317
chair 0.0039 271 194 314 317
chair 0.0030 288 173 338 400
chair 0.0028 265 272 332 368
chair 0.0015 299 273 333 459
chair 0.0015 298 264 331 323
chair 0.0010 277 292 321 338
chair 0.0010 0 299 39 427
person 0.7759 102 119 240 469
person 0.7327 35 70 147 444
person 0.1781 189 104 300 477
person 0.0558 133 103 192 188
person 0.0198 162 77 281 212
person 0.0187 252 151 333 426
person 0.0137 145 60 288 375
person 0.0128 223 243 316 474
person 0.0124 108 92 219 252
person 0.0112 191 84 258 186
person 0.0111 66 85 220 351
person 0.0081 27 146 205 498
person 0.0069 89 66 199 207
person 0.0065 53 82 129 181
person 0.0033 116 117 178 204
person 0.0029 -4 21 81 401
person 0.0026 211 70 317 358
person 0.0021 205 109 276 215
person 0.0020 244 228 291 340
person 0.0013 304 144 333 289
person 0.0010 125 116 168 170
