bicycle 0.4394 251 300 343 365
bicycle 0.0145 264 308 326 354
bicycle 0.0055 288 307 348 352
bicycle 0.0020 218 300 296 367
bicycle 0.0019 256 334 336 367
bicycle 0.0019 242 249 400 366
bicycle 0.0017 282 273 362 350
bicycle 0.0011 153 286 357 373
car 0.0058 192 112 211 126
car 0.0023 415 86 442 102
car 0.0021 189 108 251 130
car 0.0012 192 99 249 123
chair 0.0033 330 86 378 114
chair 0.0029 313 86 361 115
chair 0.0014 330 95 356 110
person 0.0859 132 100 151 151
person 0.0291 285 183 303 210
person 0.0233 103 116 120 152
person 0.0032 282 177 310 215
pottedplant 0.1562 226 215 252 252
pottedplant 0.1157 3 181 108 317
pottedplant 0.0731 216 222 239 246
pottedplant 0.0233 220 203 257 238
pottedplant 0.0177 227 224 256 274
pottedplant 0.0141 215 204 255 276
pottedplant 0.0099 233 200 249 223
pottedplant 0.0094 233 204 251 236
pottedplant 0.0063 208 220 242 262
pottedplant 0.0057 234 215 270 258
pottedplant 0.0053 227 197 256 227
pottedplant 0.0052 -6 176 69 363
pottedplant 0.0048 212 206 242 245
pottedplant 0.0041 285 191 302 217
pottedplant 0.0038 12 187 100 254
pottedplant 0.0038 3 219 111 375
pottedplant 0.0029 233 203 272 244
pottedplant 0.0028 48 194 114 298
pottedplant 0.0028 235 237 255 258
pottedplant 0.0026 234 230 272 270
pottedplant 0.0025 -1 183 54 305
pottedplant 0.0025 235 193 277 224
pottedplant 0.0022 247 280 471 373
pottedplant 0.0019 30 197 88 236
pottedplant 0.0016 243 240 263 259
pottedplant 0.0015 20 195 144 347
pottedplant 0.0015 218 213 237 236
pottedplant 0.0015 319 292 400 365
pottedplant 0.0014 30 219 87 266
pottedplant 0.0014 311 175 502 368
pottedplant 0.0012 -4 164 44 261
pottedplant 0.0010 243 224 262 249
