bicycle 0.0132 10 -41 359 465
boat 0.0046 63 -28 363 450
bottle 0.0012 209 261 234 326
car 0.6370 186 420 231 452
car 0.3528 169 413 214 446
car 0.2193 161 412 193 444
car 0.0327 134 449 175 496
car 0.0321 344 454 374 498
car 0.0276 145 421 183 464
car 0.0092 157 420 180 441
car 0.0068 256 404 280 425
car 0.0062 104 456 162 499
car 0.0061 159 403 177 421
car 0.0057 163 403 208 435
car 0.0045 87 444 178 502
car 0.0038 170 409 188 450
car 0.0034 193 425 225 447
car 0.0033 190 432 222 457
car 0.0031 253 402 283 435
car 0.0028 164 409 192 427
car 0.0027 232 420 265 458
car 0.0025 153 402 187 436
car 0.0025 117 420 134 435
car 0.0025 234 404 251 426
car 0.0023 217 411 231 426
car 0.0018 119 469 181 500
car 0.0018 212 420 233 443
car 0.0017 310 459 359 497
car 0.0016 344 424 369 479
car 0.0016 273 409 291 429
car 0.0016 275 415 291 439
car 0.0015 228 411 253 458
car 0.0014 134 415 191 483
car 0.0014 198 424 241 463
car 0.0013 361 458 375 491
car 0.0013 330 469 376 499
car 0.0011 197 424 218 465
car 0.0011 185 420 207 443
person 0.3900 256 433 283 497
person 0.1508 300 411 314 457
person 0.0062 362 444 375 499
person 0.0053 287 417 296 441
person 0.0051 258 430 278 467
person 0.0046 241 401 253 425
person 0.0037 235 420 250 451
person 0.0026 4 304 126 495
person 0.0023 241 418 254 447
person 0.0021 259 420 278 442
person 0.0019 301 431 315 456
person 0.0018 269 426 285 483
person 0.0017 363 419 375 487
person 0.0015 286 404 323 481
person 0.0015 259 449 277 489
person 0.0012 266 410 291 451
person 0.0012 234 431 248 459
person 0.0010 152 92 168 118
pottedplant 0.0203 290 66 372 438
pottedplant 0.0012 238 0 375 426
train 0.0020 59 14 371 482
