bottle 0.0015 238 316 277 361
car 0.1283 320 56 352 78
car 0.0720 1 68 100 122
car 0.0184 128 67 166 94
car 0.0170 135 62 182 90
car 0.0125 3 78 55 123
car 0.0084 282 58 321 74
car 0.0081 106 65 161 94
car 0.0060 291 54 345 78
car 0.0049 301 56 328 73
car 0.0044 146 56 194 91
car 0.0039 267 60 325 82
car 0.0024 361 57 386 72
car 0.0015 322 64 350 80
car 0.0014 147 67 175 87
car 0.0013 30 64 110 98
car 0.0011 367 53 424 80
car 0.0010 340 56 391 77
dog 0.0017 216 87 256 125
motorbike 0.6209 129 215 314 372
motorbike 0.1005 94 111 324 384
motorbike 0.0466 193 79 313 230
motorbike 0.0261 155 89 346 273
motorbike 0.0015 86 94 259 278
motorbike 0.0010 142 176 416 375
person 0.8091 254 84 330 180
person 0.5846 87 60 153 239
person 0.4072 156 48 200 167
person 0.2610 206 75 271 175
person 0.1902 236 76 334 227
person 0.0213 218 56 254 97
person 0.0146 298 170 427 366
person 0.0146 200 53 247 153
person 0.0117 218 67 254 124
person 0.0096 138 47 208 212
person 0.0040 272 81 318 121
person 0.0037 229 65 254 92
person 0.0036 270 98 319 151
person 0.0034 93 63 150 141
person 0.0031 282 87 341 167
person 0.0028 393 185 498 365
person 0.0026 327 69 487 359
person 0.0025 218 96 258 149
person 0.0019 219 53 358 167
person 0.0018 93 62 112 76
person 0.0017 97 147 159 232
person 0.0016 77 92 186 271
person 0.0016 166 84 198 158
person 0.0014 208 67 240 129
person 0.0010 149 104 203 202
person 0.0010 172 51 264 209
pottedplant 0.0038 325 66 492 307
pottedplant 0.0010 368 9 500 251
