chair 0.0013 338 170 466 224
horse 0.2139 189 123 326 303
horse 0.0176 182 71 263 250
horse 0.0011 237 135 398 299
person 0.9964 189 52 262 225
person 0.1032 423 123 459 161
person 0.0538 410 124 447 163
person 0.0170 416 117 468 174
person 0.0062 388 124 432 159
person 0.0062 418 125 442 149
person 0.0045 457 128 491 166
person 0.0040 409 129 471 202
person 0.0037 440 127 460 165
person 0.0034 466 140 487 184
person 0.0032 416 135 440 182
person 0.0024 459 101 498 190
person 0.0023 465 137 487 156
person 0.0022 482 129 497 194
person 0.0019 368 112 449 172
person 0.0014 420 140 460 180
person 0.0013 391 136 440 182
person 0.0013 455 118 492 153
person 0.0011 442 125 463 149
person 0.0010 367 132 445 199
train 0.0014 301 134 508 248
