bottle 0.0390 445 116 462 156
bottle 0.0306 455 121 473 150
bottle 0.0245 35 158 50 202
bottle 0.0240 19 149 37 209
bottle 0.0114 2 147 18 212
bottle 0.0073 5 143 21 192
bottle 0.0067 19 148 32 188
bottle 0.0058 22 143 36 162
bottle 0.0046 3 152 26 174
bottle 0.0041 2 145 23 162
bottle 0.0035 16 152 32 173
bottle 0.0030 0 166 14 220
bottle 0.0027 486 94 502 155
bottle 0.0027 3 125 18 180
bottle 0.0025 4 157 34 214
bottle 0.0025 410 126 425 146
bottle 0.0024 119 169 141 213
bottle 0.0019 0 181 10 235
bottle 0.0016 418 124 435 145
bottle 0.0014 17 170 33 213
bottle 0.0013 439 107 456 148
bottle 0.0013 358 169 382 190
bottle 0.0013 0 196 14 217
bottle 0.0013 28 157 56 199
bottle 0.0012 35 147 52 188
bottle 0.0011 354 179 371 199
bottle 0.0011 0 187 17 208
bottle 0.0010 353 172 369 193
bottle 0.0010 0 166 20 190
bottle 0.0010 358 180 378 198
chair 0.6950 451 179 501 313
chair 0.5210 391 177 495 323
chair 0.3129 3 233 189 372
chair 0.1231 257 240 394 372
chair 0.0166 -6 277 143 376
chair 0.0143 292 226 364 328
chair 0.0125 323 191 493 354
chair 0.0079 0 230 36 381
chair 0.0059 12 258 105 360
chair 0.0058 459 215 498 270
chair 0.0056 44 259 147 355
chair 0.0046 461 194 498 247
chair 0.0041 394 180 487 259
chair 0.0028 254 222 322 326
chair 0.0022 248 129 318 200
chair 0.0020 61 103 130 164
chair 0.0019 70 108 123 148
chair 0.0015 321 246 399 360
chair 0.0014 363 175 445 256
chair 0.0012 228 198 274 237
chair 0.0011 482 170 500 305
chair 0.0010 305 251 354 298
chair 0.0010 1 170 52 370
diningtable 0.0155 332 154 486 336
diningtable 0.0020 54 171 365 375
motorbike 0.0038 189 186 394 367
person 0.8878 19 138 241 363
person 0.3563 273 144 380 343
person 0.1158 281 133 375 252
person 0.0637 293 133 358 201
person 0.0207 221 129 364 301
person 0.0090 378 123 501 315
person 0.0074 280 125 432 308
person 0.0047 146 152 355 339
person 0.0045 75 124 281 316
person 0.0040 344 95 471 286
person 0.0033 248 142 324 226
person 0.0032 246 172 324 252
person 0.0030 111 167 152 212
person 0.0024 41 75 59 114
person 0.0024 439 68 510 310
person 0.0024 191 119 318 250
person 0.0019 1 63 17 124
person 0.0019 17 70 39 114
person 0.0018 12 65 50 118
person 0.0018 172 104 191 120
person 0.0015 338 127 407 196
person 0.0014 0 181 8 293
person 0.0013 454 136 500 241
person 0.0012 288 188 367 294
person 0.0012 215 186 290 247
person 0.0011 263 104 386 226
person 0.0011 363 157 390 174
person 0.0011 0 77 12 134
person 0.0011 7 126 134 318
tvmonitor 0.0393 182 194 227 234
tvmonitor 0.0278 173 199 220 222
tvmonitor 0.0174 168 188 238 241
tvmonitor 0.0172 212 131 298 199
tvmonitor 0.0149 368 119 437 195
tvmonitor 0.0089 158 191 201 234
tvmonitor 0.0087 403 118 470 196
tvmonitor 0.0068 218 193 263 221
tvmonitor 0.0047 3 52 61 132
tvmonitor 0.0041 176 207 222 231
tvmonitor 0.0035 485 109 502 160
tvmonitor 0.0028 201 196 245 220
tvmonitor 0.0022 484 121 503 149
tvmonitor 0.0019 337 105 477 220
tvmonitor 0.0010 196 208 248 236
tvmonitor 0.0010 457 108 491 156
tvmonitor 0.0010 186 211 210 230
