car 0.0105 295 259 334 305
car 0.0024 288 214 338 306
horse 0.0495 41 180 198 396
motorbike 0.0054 294 259 333 306
person 0.9947 69 135 163 339
person 0.0141 84 142 148 291
person 0.0084 287 255 321 301
person 0.0051 285 235 319 284
person 0.0032 282 259 294 287
person 0.0026 281 254 294 276
person 0.0023 325 222 335 298
person 0.0022 293 251 311 272
person 0.0021 70 175 122 318
person 0.0018 306 252 319 270
person 0.0017 276 222 331 300
person 0.0010 305 262 324 291
person 0.0010 103 179 174 316
