bottle 0.0097 267 313 290 328
bottle 0.0079 284 313 308 328
bottle 0.0062 267 303 287 322
bottle 0.0058 287 303 309 322
bottle 0.0057 366 209 389 231
bottle 0.0038 291 292 305 328
bottle 0.0034 272 307 285 338
bottle 0.0033 290 306 303 339
bottle 0.0032 270 292 284 328
bottle 0.0024 305 302 330 323
bottle 0.0023 305 313 329 328
bottle 0.0020 311 292 326 327
bottle 0.0018 344 213 370 231
bottle 0.0015 348 200 365 243
bottle 0.0014 365 202 385 223
car 0.0014 358 140 460 219
chair 0.0012 236 224 492 370
diningtable 0.0010 76 51 498 382
person 0.9064 26 57 244 379
person 0.1700 303 35 422 228
person 0.0263 -5 43 416 390
person 0.0211 5 3 189 271
person 0.0174 158 26 419 171
person 0.0064 338 78 474 245
person 0.0058 56 165 277 366
person 0.0051 218 36 436 286
person 0.0046 319 34 399 121
person 0.0030 59 6 442 257
person 0.0019 486 190 500 314
person 0.0017 411 117 455 156
person 0.0017 293 22 422 138
person 0.0015 403 119 469 201
person 0.0014 472 177 501 319
person 0.0013 467 217 500 385
person 0.0012 68 280 275 367
sofa 0.0014 237 200 496 351
