bottle 0.0087 282 299 313 351
bottle 0.0048 259 290 322 369
bottle 0.0016 98 256 117 296
bottle 0.0010 292 288 312 340
chair 0.0248 68 243 122 313
chair 0.0093 89 250 124 291
chair 0.0075 2 235 113 366
chair 0.0039 61 257 130 340
chair 0.0036 356 222 506 372
chair 0.0028 23 231 97 324
chair 0.0026 0 204 43 345
chair 0.0023 58 255 118 297
chair 0.0013 -7 173 56 371
chair 0.0010 379 293 499 371
diningtable 0.1075 -13 228 438 380
diningtable 0.0329 99 272 476 383
diningtable 0.0032 37 126 392 362
diningtable 0.0022 25 322 472 383
diningtable 0.0013 0 284 203 374
person 0.9670 318 115 493 359
person 0.9064 137 39 341 281
person 0.0164 210 74 449 357
person 0.0015 63 36 299 333
pottedplant 0.0031 82 332 164 374
