bicycle 0.0063 -1 171 15 248
bicycle 0.0050 228 137 285 237
bicycle 0.0035 0 190 27 230
bicycle 0.0033 1 165 30 253
bicycle 0.0021 32 189 70 233
bicycle 0.0014 248 144 300 236
bicycle 0.0013 252 191 294 231
bicycle 0.0010 208 102 343 279
motorbike 0.7076 82 122 266 312
motorbike 0.3193 34 106 84 229
motorbike 0.2675 361 98 497 274
motorbike 0.1859 -1 97 31 234
motorbike 0.0232 11 130 108 242
motorbike 0.0188 67 131 111 245
motorbike 0.0147 48 110 136 269
motorbike 0.0053 29 173 85 243
motorbike 0.0041 195 108 292 272
motorbike 0.0033 0 136 28 181
motorbike 0.0033 5 159 28 219
motorbike 0.0025 42 138 77 190
motorbike 0.0022 82 186 212 336
motorbike 0.0011 42 162 75 215
motorbike 0.0011 134 196 265 329
motorbike 0.0010 352 172 474 294
person 0.9814 373 69 487 227
person 0.9571 116 65 228 278
person 0.8860 204 72 285 215
person 0.7039 47 71 130 220
person 0.1647 -2 75 32 203
person 0.0900 127 69 199 153
person 0.0623 52 73 124 151
person 0.0463 27 74 90 145
person 0.0360 86 65 203 230
person 0.0159 -1 157 17 238
person 0.0154 32 82 87 197
person 0.0132 31 82 68 132
person 0.0057 39 76 84 117
person 0.0055 4 88 34 139
person 0.0046 -2 101 19 193
person 0.0045 -2 85 12 156
person 0.0032 59 71 108 121
person 0.0031 -1 70 12 125
person 0.0030 148 69 191 115
person 0.0028 0 110 30 162
person 0.0024 0 169 27 225
person 0.0022 386 71 481 159
person 0.0019 9 67 115 171
person 0.0019 154 65 285 176
person 0.0017 44 134 75 182
person 0.0016 396 64 470 128
person 0.0011 0 174 30 302
person 0.0010 131 111 204 219
