chair 0.0015 367 130 500 358
chair 0.0014 231 166 496 363
person 0.9177 174 -4 477 325
person 0.3019 -5 8 432 363
person 0.0582 48 302 137 378
person 0.0546 7 280 179 381
person 0.0440 0 297 108 376
person 0.0186 228 110 501 364
person 0.0094 1 242 45 363
person 0.0086 25 100 235 390
person 0.0083 1 285 58 377
person 0.0051 62 332 130 373
person 0.0042 -2 158 51 389
person 0.0039 -3 162 113 384
person 0.0035 86 288 179 380
person 0.0031 243 3 486 203
person 0.0031 67 315 120 362
person 0.0028 51 331 207 374
person 0.0020 0 247 15 342
person 0.0020 55 225 206 378
person 0.0017 -13 10 208 141
person 0.0016 105 -7 404 228
person 0.0015 -5 10 196 305
person 0.0015 19 336 96 372
