bicycle 0.0017 7 282 254 377
boat 0.0022 71 88 505 285
person 0.3586 229 164 260 200
person 0.3420 145 169 170 194
person 0.1469 216 169 234 200
person 0.0882 203 169 241 200
person 0.0420 133 165 167 196
person 0.0264 465 180 481 202
person 0.0242 25 301 103 372
person 0.0157 51 294 134 375
person 0.0154 178 182 197 198
person 0.0100 142 171 177 206
person 0.0098 93 350 158 375
person 0.0076 238 168 266 194
person 0.0075 40 312 86 360
person 0.0061 0 295 52 372
person 0.0060 233 173 273 204
person 0.0057 465 179 480 191
person 0.0056 220 162 277 207
person 0.0051 150 178 171 198
person 0.0039 171 175 192 192
person 0.0037 235 163 254 179
person 0.0037 29 340 89 373
person 0.0036 188 182 208 199
person 0.0030 117 172 136 190
person 0.0030 304 189 325 205
person 0.0028 181 165 225 199
person 0.0026 71 308 117 358
person 0.0024 32 328 161 375
person 0.0023 190 173 211 192
person 0.0022 150 160 172 175
person 0.0022 116 263 158 294
person 0.0020 62 342 135 373
person 0.0020 243 181 266 199
person 0.0019 86 289 117 308
person 0.0018 290 187 309 202
person 0.0018 78 285 122 323
person 0.0018 232 178 257 200
person 0.0017 453 177 492 210
person 0.0017 88 148 124 179
person 0.0017 161 177 206 206
person 0.0016 157 165 204 197
person 0.0015 108 355 145 374
person 0.0014 487 200 500 217
person 0.0014 0 310 10 369
person 0.0014 127 358 158 374
person 0.0014 178 179 195 208
person 0.0013 216 165 233 176
person 0.0012 -2 282 192 378
person 0.0012 488 187 500 231
person 0.0012 59 307 104 369
person 0.0011 192 177 210 209
person 0.0011 2 339 45 374
person 0.0011 122 268 158 286
person 0.0011 254 173 309 202
person 0.0010 174 146 195 162
person 0.0010 137 160 155 176
person 0.0010 134 180 155 198
person 0.0010 137 171 157 208
pottedplant 0.0106 41 227 383 381
pottedplant 0.0028 446 285 499 378
pottedplant 0.0027 20 241 243 373
