chair 0.1225 449 285 499 372
chair 0.0465 400 295 484 374
chair 0.0146 319 292 414 369
chair 0.0073 398 349 484 374
chair 0.0065 325 277 406 338
chair 0.0050 466 281 500 334
chair 0.0048 375 338 505 375
chair 0.0048 284 282 446 376
chair 0.0047 15 288 266 371
chair 0.0043 -8 214 202 376
chair 0.0042 417 308 469 355
chair 0.0041 361 349 445 377
chair 0.0040 338 288 397 322
chair 0.0033 75 326 264 374
chair 0.0031 366 272 437 343
chair 0.0028 1 162 124 370
chair 0.0027 482 288 500 360
chair 0.0025 447 345 504 375
chair 0.0021 236 231 420 373
chair 0.0018 434 333 515 381
chair 0.0018 65 304 213 371
chair 0.0017 431 276 519 381
chair 0.0017 467 306 503 367
chair 0.0017 328 234 474 372
chair 0.0016 380 284 428 326
chair 0.0013 243 225 338 320
chair 0.0013 329 345 412 373
chair 0.0011 338 307 396 350
chair 0.0010 225 233 293 321
person 0.3905 -3 64 198 367
person 0.2554 3 0 126 318
person 0.0180 28 14 300 308
person 0.0078 25 160 313 381
person 0.0064 50 296 286 373
person 0.0050 -7 -10 62 328
person 0.0022 222 204 367 344
person 0.0010 0 75 13 167
pottedplant 0.0025 250 205 342 293
tvmonitor 0.5703 41 123 232 307
tvmonitor 0.0017 90 173 188 258
tvmonitor 0.0016 374 21 498 297
tvmonitor 0.0012 419 213 455 262
