bicycle 0.0137 0 135 31 299
bicycle 0.0042 -1 102 42 333
bottle 0.0010 326 274 348 317
car 0.0669 405 162 462 195
car 0.0107 319 140 399 193
car 0.0052 236 83 401 252
car 0.0038 334 158 396 201
car 0.0022 278 120 377 198
car 0.0010 486 173 501 192
car 0.0010 488 160 500 224
car 0.0010 51 147 74 164
chair 0.0333 -1 190 26 343
chair 0.0119 2 123 38 245
chair 0.0041 0 210 17 323
chair 0.0018 4 158 35 210
chair 0.0012 -2 247 27 309
cow 0.0034 3 135 45 180
cow 0.0033 52 155 75 170
cow 0.0016 4 157 46 199
horse 0.0739 91 173 406 376
horse 0.0056 60 124 214 366
horse 0.0051 51 148 153 340
horse 0.0021 292 171 416 375
horse 0.0011 68 217 269 376
motorbike 0.0266 -1 159 29 335
person 0.9796 262 91 343 329
person 0.0494 234 76 355 258
person 0.0340 264 97 326 218
person 0.0270 68 73 351 365
person 0.0099 191 173 240 209
person 0.0041 0 135 12 226
person 0.0036 24 127 45 148
person 0.0031 101 52 405 271
person 0.0030 260 143 331 279
person 0.0027 195 171 217 212
person 0.0027 -4 83 49 293
person 0.0021 242 115 398 368
person 0.0014 0 174 16 330
person 0.0014 20 130 41 172
person 0.0013 190 178 222 202
person 0.0013 0 113 13 190
person 0.0012 218 173 260 210
person 0.0012 0 155 15 260
train 0.0034 113 51 465 223
