bottle 0.0013 250 189 270 229
chair 0.8928 2 284 93 380
chair 0.0577 80 237 123 321
chair 0.0433 0 264 55 345
chair 0.0292 4 276 45 319
chair 0.0214 8 307 47 358
chair 0.0148 23 303 80 357
chair 0.0122 91 246 157 362
chair 0.0118 56 292 121 374
chair 0.0107 347 221 464 373
chair 0.0089 8 263 58 303
chair 0.0084 22 276 80 321
chair 0.0057 -3 281 26 334
chair 0.0051 17 338 87 375
chair 0.0046 0 337 55 375
chair 0.0026 44 246 139 371
chair 0.0022 0 264 16 327
chair 0.0021 243 210 404 373
chair 0.0019 379 185 491 370
chair 0.0018 -2 283 18 303
chair 0.0017 -9 239 71 376
chair 0.0014 87 290 172 374
chair 0.0014 0 290 15 355
chair 0.0014 370 209 441 337
chair 0.0014 103 249 146 302
chair 0.0014 44 276 89 312
chair 0.0013 70 309 111 360
chair 0.0012 -1 295 18 320
chair 0.0012 -3 330 31 374
chair 0.0010 81 225 122 273
chair 0.0010 -8 259 33 307
person 0.9732 266 130 387 371
person 0.0021 62 159 84 178
person 0.0013 69 165 91 184
pottedplant 0.7202 5 188 60 300
pottedplant 0.0598 10 224 74 319
pottedplant 0.0177 9 214 52 272
pottedplant 0.0088 6 252 49 299
pottedplant 0.0079 18 192 65 252
pottedplant 0.0042 3 159 31 205
pottedplant 0.0042 2 140 34 233
pottedplant 0.0030 24 246 68 299
pottedplant 0.0030 9 191 60 229
pottedplant 0.0026 2 147 84 296
pottedplant 0.0019 71 205 124 296
pottedplant 0.0016 70 158 107 196
pottedplant 0.0012 40 162 77 202
tvmonitor 0.2270 63 157 101 181
tvmonitor 0.0105 58 141 113 191
tvmonitor 0.0082 69 150 94 189
tvmonitor 0.0050 42 147 89 182
tvmonitor 0.0048 0 150 15 204
tvmonitor 0.0042 -2 158 24 194
tvmonitor 0.0040 0 155 17 178
tvmonitor 0.0035 1 144 29 187
tvmonitor 0.0026 0 166 16 189
tvmonitor 0.0011 29 133 98 193
tvmonitor 0.0010 1 163 51 195
