car 0.0459 -30 -21 330 524
car 0.0102 262 20 299 64
car 0.0067 256 7 318 85
car 0.0061 224 1 300 60
car 0.0015 238 21 292 68
chair 0.0045 219 5 255 46
chair 0.0032 242 19 281 71
chair 0.0012 225 0 277 55
person 0.2996 46 -44 360 465
person 0.1831 36 49 264 226
person 0.0664 270 -21 352 439
person 0.0320 111 483 126 499
person 0.0318 78 12 322 337
person 0.0198 6 -8 239 438
person 0.0178 266 4 304 56
person 0.0162 322 141 356 503
person 0.0131 311 -10 355 433
person 0.0076 5 10 133 487
person 0.0069 235 5 286 50
person 0.0066 336 233 355 491
person 0.0059 268 1 287 19
person 0.0054 257 4 362 192
person 0.0048 341 320 354 466
person 0.0046 113 487 140 500
person 0.0042 322 0 357 113
person 0.0033 205 41 366 532
person 0.0025 258 1 278 17
person 0.0025 323 -1 352 54
person 0.0023 97 471 148 502
person 0.0023 289 0 337 47
person 0.0022 233 6 345 273
person 0.0017 15 459 63 500
person 0.0016 333 376 356 507
person 0.0016 112 9 288 194
person 0.0016 151 460 202 499
person 0.0015 336 351 355 433
person 0.0015 12 49 126 316
person 0.0013 342 415 355 490
person 0.0012 321 -1 338 57
person 0.0011 88 489 118 500
person 0.0011 274 -3 351 61
person 0.0011 240 -2 291 28
person 0.0010 -2 133 300 504
person 0.0010 272 5 354 103
