car 0.1503 2 183 56 253
car 0.0466 9 201 50 240
car 0.0100 6 181 57 214
car 0.0097 488 111 501 164
car 0.0072 1 182 26 238
car 0.0051 40 185 76 239
car 0.0028 0 192 14 221
car 0.0027 34 179 60 237
car 0.0027 1 184 15 207
car 0.0026 63 174 99 207
car 0.0019 467 39 499 167
car 0.0014 469 86 499 131
car 0.0014 5 211 55 261
car 0.0012 329 139 379 164
car 0.0012 17 185 43 202
car 0.0010 478 112 497 163
car 0.0010 486 122 499 153
car 0.0010 481 75 499 141
car 0.0010 15 194 43 216
chair 0.0284 98 204 161 283
chair 0.0146 379 182 426 299
chair 0.0129 336 223 407 311
chair 0.0058 0 202 53 269
chair 0.0050 368 225 424 309
chair 0.0038 159 148 203 190
chair 0.0037 402 158 499 333
chair 0.0036 107 223 152 273
chair 0.0022 169 169 193 193
chair 0.0020 360 173 441 311
chair 0.0019 145 146 184 189
chair 0.0017 105 233 172 293
chair 0.0010 137 131 178 174
chair 0.0010 388 213 423 272
person 0.9683 207 99 277 330
person 0.9177 265 97 338 341
person 0.7018 95 169 148 261
person 0.4870 182 116 254 312
person 0.3814 150 166 198 277
person 0.2237 390 154 430 277
person 0.1349 110 169 148 219
person 0.1123 41 164 77 210
person 0.1105 99 178 138 235
person 0.0866 157 164 195 211
person 0.0760 33 159 64 203
person 0.0720 41 166 61 219
person 0.0561 150 180 184 230
person 0.0530 29 169 82 262
person 0.0463 53 166 87 214
person 0.0335 125 165 153 222
person 0.0329 78 170 123 213
person 0.0293 0 180 11 241
person 0.0279 186 111 233 201
person 0.0189 179 115 230 257
person 0.0183 37 162 59 189
person 0.0179 159 169 179 193
person 0.0148 130 153 219 294
person 0.0096 59 164 82 203
person 0.0094 59 164 104 202
person 0.0091 45 180 62 238
person 0.0087 101 164 147 199
person 0.0081 189 126 221 181
person 0.0072 69 161 130 229
person 0.0070 150 165 185 197
person 0.0066 276 91 332 216
person 0.0056 130 167 154 193
person 0.0050 108 174 131 218
person 0.0048 75 155 180 289
person 0.0044 399 160 429 221
person 0.0040 109 167 129 189
person 0.0039 110 193 133 247
person 0.0038 177 182 226 304
person 0.0035 489 116 501 179
person 0.0034 155 117 202 199
person 0.0033 -1 206 11 270
person 0.0033 197 112 233 159
person 0.0031 39 146 79 181
person 0.0030 95 182 118 204
person 0.0026 205 99 274 216
person 0.0026 398 178 429 247
person 0.0026 98 174 119 214
person 0.0025 411 163 472 263
person 0.0023 108 180 130 202
person 0.0023 207 123 223 145
person 0.0023 58 159 80 179
person 0.0022 179 141 224 188
person 0.0018 31 154 67 185
person 0.0017 130 179 151 230
person 0.0017 439 145 498 347
person 0.0015 98 183 121 238
person 0.0015 400 138 491 304
person 0.0013 448 141 491 242
person 0.0013 155 177 179 200
person 0.0013 286 135 341 292
person 0.0013 399 157 420 200
person 0.0012 175 179 194 199
person 0.0011 40 180 61 206
person 0.0011 0 231 14 272
person 0.0011 72 173 93 210
person 0.0011 170 162 191 197
person 0.0010 383 152 401 178
person 0.0010 211 91 277 167
person 0.0010 131 174 155 205
person 0.0010 174 173 192 213
pottedplant 0.2337 339 166 396 262
pottedplant 0.2145 88 189 123 241
pottedplant 0.0821 70 202 127 272
pottedplant 0.0652 63 199 102 242
pottedplant 0.0603 335 190 407 297
pottedplant 0.0355 347 187 386 239
pottedplant 0.0295 317 139 412 304
pottedplant 0.0167 345 163 385 214
pottedplant 0.0061 51 198 90 246
pottedplant 0.0057 29 204 92 267
pottedplant 0.0049 347 218 394 268
pottedplant 0.0039 340 143 383 176
pottedplant 0.0023 14 86 83 173
pottedplant 0.0022 41 217 82 264
pottedplant 0.0011 100 196 121 243
pottedplant 0.0011 -1 75 50 187
pottedplant 0.0010 340 204 379 242
tvmonitor 0.0022 444 155 495 269
