bicycle 0.0109 308 280 367 369
bicycle 0.0016 313 292 358 348
bicycle 0.0015 338 238 375 351
bicycle 0.0012 300 262 371 337
bicycle 0.0010 341 269 372 319
boat 0.0037 1 296 370 494
bottle 0.0444 9 390 63 510
bottle 0.0042 -1 385 42 510
bottle 0.0034 0 271 38 450
bottle 0.0029 195 260 238 306
bottle 0.0027 176 248 254 326
bottle 0.0023 20 410 56 478
bottle 0.0019 166 264 209 312
bottle 0.0018 151 247 224 331
bottle 0.0013 16 445 60 500
bottle 0.0013 181 275 239 316
bottle 0.0011 7 287 65 438
bottle 0.0011 -11 378 98 504
chair 0.0016 -1 67 23 190
person 0.8853 82 80 284 423
person 0.0481 2 158 315 475
person 0.0328 56 247 373 461
person 0.0132 349 323 374 484
person 0.0078 159 62 381 449
person 0.0068 -2 122 42 458
person 0.0056 334 260 372 391
person 0.0051 -1 212 33 371
person 0.0035 364 305 374 409
person 0.0035 -14 301 331 499
person 0.0032 283 299 375 503
person 0.0021 -1 130 86 456
person 0.0021 364 260 375 370
person 0.0019 362 330 375 459
person 0.0016 5 253 201 477
person 0.0015 -14 374 219 501
person 0.0010 326 219 379 441
person 0.0010 352 342 374 402
pottedplant 0.0010 278 63 378 360
