chair 0.0029 79 301 350 489
chair 0.0021 31 378 344 499
person 0.9064 76 163 301 487
person 0.6354 0 51 47 193
person 0.4057 164 55 224 197
person 0.1363 157 56 256 233
person 0.0718 89 55 285 381
person 0.0440 291 152 375 354
person 0.0155 165 177 379 479
person 0.0108 19 100 240 416
person 0.0044 145 162 222 256
person 0.0035 123 167 199 251
person 0.0035 77 440 232 500
person 0.0027 327 125 376 379
person 0.0026 161 115 222 227
person 0.0017 0 58 8 193
person 0.0016 140 182 182 235
person 0.0016 91 170 168 246
person 0.0015 233 158 386 404
person 0.0012 134 176 168 228
person 0.0012 5 105 148 472
person 0.0011 178 73 369 355
person 0.0011 329 156 376 262
person 0.0010 143 184 164 212
