chair 0.0080 186 384 224 398
person 0.9437 95 113 142 218
person 0.3678 386 261 483 392
person 0.1403 68 337 114 378
person 0.1163 264 296 297 345
person 0.0270 453 309 498 390
person 0.0167 90 340 113 375
person 0.0156 353 336 396 388
person 0.0136 464 296 496 348
person 0.0134 180 367 249 398
person 0.0130 206 375 270 398
person 0.0126 66 357 124 387
person 0.0108 301 347 338 389
person 0.0095 218 383 257 397
person 0.0093 228 342 251 366
person 0.0093 454 356 500 394
person 0.0090 202 382 242 397
person 0.0086 369 313 439 397
person 0.0081 176 306 196 346
person 0.0080 110 343 131 370
person 0.0079 340 341 410 397
person 0.0073 39 333 84 370
person 0.0069 334 346 370 393
person 0.0069 120 342 167 381
person 0.0068 264 326 303 370
person 0.0058 367 337 410 387
person 0.0054 73 340 97 377
person 0.0052 149 359 214 387
person 0.0051 167 366 193 382
person 0.0049 481 303 500 358
person 0.0046 387 258 445 337
person 0.0043 103 337 144 379
person 0.0043 469 325 500 388
person 0.0042 454 308 490 354
person 0.0038 103 114 142 174
person 0.0038 248 342 272 370
person 0.0037 482 286 500 339
person 0.0034 154 309 174 344
person 0.0033 214 355 262 396
person 0.0030 175 304 198 328
person 0.0028 270 297 294 329
person 0.0028 170 360 233 392
person 0.0027 238 248 500 402
person 0.0023 189 329 239 368
person 0.0023 222 338 256 371
person 0.0023 97 360 173 389
person 0.0023 148 355 281 395
person 0.0022 253 318 313 384
person 0.0019 79 310 99 350
person 0.0019 228 335 281 370
person 0.0019 97 132 128 197
person 0.0018 193 311 216 349
person 0.0018 269 344 298 374
person 0.0018 127 350 153 375
person 0.0017 456 313 482 343
person 0.0016 395 263 435 317
person 0.0016 246 334 270 360
person 0.0015 295 334 361 390
person 0.0015 40 358 90 390
person 0.0015 0 326 18 363
person 0.0014 315 343 355 394
person 0.0014 412 362 479 396
person 0.0013 379 313 401 340
person 0.0013 6 327 45 362
person 0.0012 482 288 500 312
person 0.0012 274 335 307 382
person 0.0012 389 349 501 396
person 0.0012 5 306 39 349
person 0.0011 425 243 515 404
person 0.0011 258 350 303 387
person 0.0011 158 362 179 380
person 0.0011 479 299 500 323
person 0.0010 209 337 236 358
person 0.0010 81 328 183 385
person 0.0010 70 357 97 379
person 0.0010 272 302 308 351
