bicycle 0.0444 471 128 500 241
bicycle 0.0084 471 155 500 209
bicycle 0.0044 468 135 497 192
bicycle 0.0016 480 123 499 214
car 0.0027 60 10 516 370
chair 0.0029 449 243 499 363
person 0.9628 73 104 144 320
person 0.5176 343 101 476 368
person 0.0063 486 117 499 329
person 0.0063 169 63 485 377
person 0.0034 490 157 500 345
person 0.0031 479 149 499 234
person 0.0030 473 124 500 301
person 0.0024 451 105 499 379
person 0.0023 44 44 156 295
person 0.0017 95 138 149 292
person 0.0013 72 104 131 216
