chair 0.0352 151 8 435 135
chair 0.0056 0 -4 186 110
chair 0.0018 301 6 504 147
chair 0.0013 187 2 314 83
person 0.8668 18 105 226 371
person 0.4110 249 113 411 310
person 0.1184 154 1 428 97
person 0.0867 402 27 496 224
person 0.0592 5 -5 176 144
person 0.0242 193 16 459 305
person 0.0157 -15 19 216 303
person 0.0083 68 112 430 370
person 0.0049 323 38 490 277
person 0.0044 145 -28 359 70
person 0.0034 409 99 478 210
person 0.0034 121 35 313 227
person 0.0027 186 64 255 138
person 0.0018 108 0 331 138
person 0.0017 -6 50 139 386
person 0.0016 324 114 403 199
person 0.0016 1 19 115 234
person 0.0011 374 106 442 208
person 0.0011 0 48 8 136
person 0.0010 177 -4 321 46
pottedplant 0.0011 0 46 8 110
sofa 0.0160 182 13 470 139
tvmonitor 0.0030 -6 -4 142 109
tvmonitor 0.0012 -3 -6 120 49
