bottle 0.0011 213 229 289 307
chair 0.0098 3 243 119 368
chair 0.0085 -3 244 40 369
chair 0.0047 -6 270 195 376
chair 0.0036 90 199 162 282
chair 0.0010 1 250 38 298
diningtable 0.0067 2 224 422 381
diningtable 0.0026 1 242 187 370
diningtable 0.0010 40 276 530 375
person 0.5938 140 152 282 295
person 0.1227 62 168 129 265
person 0.0328 94 166 330 369
person 0.0105 54 -24 521 338
person 0.0075 165 162 254 273
person 0.0056 38 171 224 307
person 0.0043 -1 280 43 377
person 0.0033 385 56 499 373
person 0.0031 395 191 500 359
person 0.0022 160 6 488 261
person 0.0022 70 165 115 217
person 0.0019 452 211 497 336
person 0.0017 444 53 500 376
person 0.0012 62 159 111 198
person 0.0011 412 224 490 323
person 0.0010 228 51 495 378
person 0.0010 73 77 346 315
