bottle 0.0017 -1 108 14 133
bottle 0.0012 -2 125 16 144
chair 0.0053 -10 159 205 373
chair 0.0037 221 175 440 363
chair 0.0019 445 289 499 377
chair 0.0017 129 173 355 363
chair 0.0014 386 209 507 383
chair 0.0010 364 333 517 375
diningtable 0.0304 141 338 516 378
diningtable 0.0045 0 106 43 214
diningtable 0.0040 131 292 529 373
diningtable 0.0030 17 331 407 381
diningtable 0.0018 257 346 400 372
diningtable 0.0012 2 141 49 189
diningtable 0.0011 194 347 309 374
diningtable 0.0010 281 353 396 377
person 0.8529 8 63 196 373
person 0.7507 291 120 450 361
person 0.5732 183 90 304 348
person 0.0819 70 74 253 365
person 0.0594 401 130 500 362
person 0.0383 53 76 204 259
person 0.0151 458 124 499 204
person 0.0100 163 112 410 368
person 0.0082 0 57 121 322
person 0.0080 301 85 446 255
person 0.0050 372 65 508 254
person 0.0050 149 69 296 262
person 0.0041 457 1 494 41
person 0.0034 0 90 10 150
person 0.0028 452 140 493 185
person 0.0021 446 177 494 363
person 0.0019 -2 70 61 359
person 0.0018 481 135 499 195
person 0.0017 438 85 505 295
person 0.0014 484 3 501 43
person 0.0012 450 144 498 284
person 0.0011 185 74 374 255
sofa 0.0032 112 169 321 367
