car 0.0131 74 0 342 201
car 0.0112 118 -11 354 128
car 0.0032 189 51 285 125
car 0.0032 131 27 282 263
car 0.0019 331 100 359 153
car 0.0017 68 84 133 173
car 0.0015 20 35 171 238
car 0.0014 1 57 15 82
person 0.9863 17 48 119 448
person 0.8975 151 40 267 441
person 0.8724 243 47 343 453
person 0.0787 16 58 51 116
person 0.0476 0 56 41 435
person 0.0358 5 57 62 129
person 0.0151 0 64 37 202
person 0.0094 3 58 39 113
person 0.0085 0 102 33 313
person 0.0084 0 104 10 220
person 0.0077 6 67 57 186
person 0.0077 49 68 90 116
person 0.0058 223 20 300 104
person 0.0057 227 47 303 128
person 0.0056 0 92 12 164
person 0.0049 189 219 344 489
person 0.0048 32 56 110 130
person 0.0047 41 53 54 78
person 0.0044 -4 12 43 260
person 0.0040 192 22 348 344
person 0.0037 0 28 86 334
person 0.0036 43 25 199 476
person 0.0035 33 43 43 60
person 0.0032 1 102 33 151
person 0.0032 12 37 135 252
person 0.0030 38 42 50 62
person 0.0028 24 55 44 77
person 0.0025 25 65 44 111
person 0.0020 1 49 38 89
person 0.0020 242 61 284 114
person 0.0019 9 57 29 80
person 0.0019 161 62 200 114
person 0.0018 44 1 147 63
person 0.0018 148 45 217 133
person 0.0017 0 59 13 115
person 0.0017 27 60 61 113
person 0.0016 0 90 7 312
person 0.0015 7 72 25 100
person 0.0014 236 35 283 87
person 0.0014 0 129 20 194
person 0.0014 218 9 360 185
person 0.0014 1 68 17 96
person 0.0013 66 3 127 47
person 0.0013 0 109 21 172
person 0.0013 18 92 49 156
person 0.0013 0 124 13 155
person 0.0012 166 -6 357 129
person 0.0012 13 88 32 113
person 0.0010 350 46 360 133
person 0.0010 20 82 124 174
