bottle 0.0054 35 350 99 376
bottle 0.0021 297 185 343 227
bottle 0.0012 296 199 342 241
bottle 0.0011 59 346 124 371
car 0.6963 11 10 489 258
car 0.0159 88 1 254 37
car 0.0074 -7 3 428 151
car 0.0039 27 4 321 89
car 0.0034 77 270 497 378
car 0.0033 76 0 208 24
car 0.0011 61 -14 284 49
motorbike 0.9761 12 -5 561 323
motorbike 0.3668 47 120 531 361
motorbike 0.3348 -6 17 362 412
motorbike 0.0184 295 -2 496 326
motorbike 0.0051 -13 212 432 377
motorbike 0.0016 -7 -10 203 327
motorbike 0.0010 76 -17 339 51
person 0.0015 106 6 239 63
person 0.0012 147 344 202 374
person 0.0010 -1 0 108 76
pottedplant 0.0024 1 337 50 376
