bicycle 0.0037 126 13 234 59
bicycle 0.0019 144 23 216 55
bottle 0.0791 273 162 318 269
bottle 0.0043 281 162 312 220
bottle 0.0037 279 184 313 241
bottle 0.0031 189 142 384 331
bottle 0.0024 269 127 319 209
bottle 0.0012 277 141 312 190
bottle 0.0012 275 160 291 212
bottle 0.0010 290 146 309 166
car 0.0132 69 14 506 114
car 0.0032 87 22 490 204
car 0.0029 465 24 486 36
car 0.0019 372 37 449 54
car 0.0018 356 29 448 50
car 0.0017 449 23 496 56
car 0.0014 252 23 320 46
car 0.0014 346 19 397 44
car 0.0014 358 27 385 40
car 0.0013 267 319 405 332
car 0.0013 168 25 234 54
car 0.0012 416 24 483 51
car 0.0011 -7 -16 354 45
car 0.0011 438 22 465 36
car 0.0011 429 17 476 42
car 0.0010 242 5 333 25
chair 0.0039 343 119 400 152
chair 0.0030 261 128 306 164
chair 0.0025 327 113 411 163
chair 0.0013 257 121 308 151
chair 0.0012 290 142 310 158
chair 0.0010 366 138 391 154
chair 0.0010 6 191 183 332
chair 0.0010 86 194 333 329
chair 0.0010 266 141 286 158
person 0.9053 127 87 361 335
person 0.6924 381 71 495 317
person 0.4692 2 9 174 321
person 0.0239 429 67 481 166
person 0.0147 252 62 486 268
person 0.0111 61 42 294 300
person 0.0075 353 137 474 337
person 0.0058 434 74 477 112
person 0.0050 -3 7 43 114
person 0.0041 -2 9 58 322
person 0.0036 211 103 425 331
person 0.0022 406 48 495 194
person 0.0018 448 72 488 108
person 0.0017 427 81 504 357
person 0.0016 456 74 477 88
person 0.0015 445 71 470 88
person 0.0015 106 52 389 237
person 0.0014 486 70 500 122
person 0.0012 212 175 293 255
person 0.0012 436 68 477 96
person 0.0012 -6 -12 51 188
tvmonitor 0.0341 474 119 500 152
tvmonitor 0.0082 477 133 500 154
tvmonitor 0.0059 461 103 496 175
tvmonitor 0.0019 455 118 492 151
tvmonitor 0.0011 479 113 499 131
