bottle 0.1898 114 147 130 192
bottle 0.0063 104 140 137 192
bottle 0.0052 100 145 119 191
bottle 0.0048 114 146 131 164
bottle 0.0023 266 55 286 74
bottle 0.0011 109 161 136 193
bottle 0.0010 91 160 129 191
car 0.0011 259 352 398 375
chair 0.1185 276 236 474 369
chair 0.0189 426 221 466 266
chair 0.0151 421 208 473 280
chair 0.0090 169 230 396 372
chair 0.0070 2 187 94 369
chair 0.0057 465 232 497 376
chair 0.0050 459 168 494 263
chair 0.0043 461 189 493 238
chair 0.0035 381 234 498 368
chair 0.0019 1 281 55 372
chair 0.0015 462 216 493 269
chair 0.0015 428 194 466 241
diningtable 0.0057 0 231 96 373
diningtable 0.0014 21 193 166 368
diningtable 0.0011 202 344 457 376
person 0.9718 126 88 295 352
person 0.2426 76 11 133 77
person 0.0207 114 226 252 369
person 0.0108 59 30 78 68
person 0.0090 170 233 332 365
person 0.0073 485 104 500 165
person 0.0055 70 3 91 39
person 0.0055 63 0 100 42
person 0.0054 83 3 125 43
person 0.0052 70 29 90 70
person 0.0044 41 16 61 61
person 0.0042 464 98 496 220
person 0.0040 457 186 496 302
person 0.0039 63 63 299 262
person 0.0037 0 17 11 80
person 0.0033 1 0 49 73
person 0.0029 455 181 503 367
person 0.0027 59 231 203 370
person 0.0026 95 27 119 72
person 0.0026 0 0 40 42
person 0.0022 60 26 79 51
person 0.0020 22 9 89 74
person 0.0019 84 38 124 81
person 0.0018 0 0 15 47
person 0.0018 422 177 477 262
person 0.0018 66 9 97 66
person 0.0015 70 0 92 20
person 0.0014 0 163 9 284
person 0.0013 35 18 74 67
person 0.0013 172 85 306 252
person 0.0012 316 159 483 337
person 0.0012 92 17 115 58
person 0.0011 32 104 222 337
person 0.0011 169 250 240 357
person 0.0010 62 2 84 40
person 0.0010 15 12 39 58
person 0.0010 -6 25 119 289
pottedplant 0.0431 152 5 181 58
pottedplant 0.0090 456 139 471 158
pottedplant 0.0029 152 39 174 56
pottedplant 0.0023 140 1 193 50
pottedplant 0.0020 468 130 496 182
pottedplant 0.0016 475 107 500 161
sofa 0.0756 304 236 488 365
sofa 0.0063 184 273 481 371
