car 0.0030 3 -2 341 132
chair 0.2139 386 128 500 315
chair 0.0584 279 150 324 172
chair 0.0117 329 177 402 248
chair 0.0099 404 141 488 241
chair 0.0064 253 146 294 173
chair 0.0059 68 153 366 320
chair 0.0059 342 175 391 213
chair 0.0059 283 142 347 174
chair 0.0056 305 205 423 331
chair 0.0044 248 156 337 219
chair 0.0044 8 169 87 261
chair 0.0034 264 151 288 170
chair 0.0029 338 190 394 231
chair 0.0021 455 140 501 246
chair 0.0021 372 151 444 231
chair 0.0021 341 146 365 166
chair 0.0021 258 169 322 205
chair 0.0020 359 174 445 258
chair 0.0017 -8 1 121 173
chair 0.0015 284 160 315 175
chair 0.0014 248 155 305 185
chair 0.0013 337 142 372 173
chair 0.0012 322 98 494 296
chair 0.0011 328 147 352 170
chair 0.0011 430 92 508 301
chair 0.0010 288 152 345 185
chair 0.0010 347 143 373 158
chair 0.0010 385 167 428 209
chair 0.0010 249 174 332 252
diningtable 0.0082 -1 168 60 264
diningtable 0.0049 0 149 104 273
diningtable 0.0033 4 245 417 334
person 0.6613 138 116 356 308
person 0.4420 148 100 216 173
person 0.2855 222 104 276 179
person 0.1811 98 122 156 175
person 0.1454 139 73 281 205
person 0.1196 161 90 251 181
person 0.1072 246 123 277 171
person 0.0641 118 87 314 248
person 0.0563 287 129 349 194
person 0.0515 233 114 270 167
person 0.0416 300 127 343 167
person 0.0305 83 128 176 250
person 0.0293 247 123 266 142
person 0.0208 215 85 281 156
person 0.0192 159 113 203 161
person 0.0154 317 136 353 176
person 0.0125 221 103 264 138
person 0.0113 236 123 411 309
person 0.0087 241 119 273 154
person 0.0071 182 89 227 137
person 0.0067 220 126 287 193
person 0.0050 236 139 277 179
person 0.0048 253 115 328 178
person 0.0047 300 161 430 326
person 0.0045 251 132 274 157
person 0.0041 190 84 394 253
person 0.0040 132 133 154 156
person 0.0037 233 105 255 139
person 0.0034 74 113 140 176
person 0.0034 162 93 206 141
person 0.0033 219 115 265 147
person 0.0032 140 129 218 192
person 0.0032 268 125 313 167
person 0.0032 106 148 460 326
person 0.0029 47 56 221 225
person 0.0029 1 121 104 267
person 0.0027 147 27 345 211
person 0.0024 436 140 500 336
person 0.0022 280 148 360 226
person 0.0021 36 87 160 254
person 0.0020 116 125 140 142
person 0.0019 235 119 258 140
person 0.0018 323 131 345 167
person 0.0017 322 129 396 205
person 0.0016 85 124 131 166
person 0.0016 111 130 140 166
person 0.0015 76 139 133 244
person 0.0014 127 130 148 146
person 0.0014 104 121 150 155
person 0.0013 388 23 502 261
person 0.0013 254 130 289 169
person 0.0011 220 91 269 125
person 0.0010 153 142 202 179
pottedplant 0.0012 25 227 75 263
sofa 0.0109 87 145 405 326
tvmonitor 0.0031 -4 31 114 243
