bottle 0.0082 82 300 123 332
bottle 0.0065 93 301 111 332
car 0.0018 454 73 499 153
car 0.0018 466 95 501 148
car 0.0014 431 20 499 155
person 0.7433 162 100 240 195
person 0.3436 222 58 270 166
person 0.1158 267 52 308 135
person 0.1150 292 49 337 139
person 0.0637 67 68 111 147
person 0.0612 117 74 161 142
person 0.0463 203 67 278 200
person 0.0346 3 69 42 154
person 0.0317 6 64 34 112
person 0.0225 1 78 22 115
person 0.0183 32 78 87 147
person 0.0179 25 50 44 70
person 0.0167 174 77 239 151
person 0.0155 383 40 401 57
person 0.0137 0 47 24 71
person 0.0133 163 75 205 147
person 0.0108 51 46 71 94
person 0.0105 8 86 38 134
person 0.0099 0 49 20 91
person 0.0098 138 54 282 187
person 0.0092 43 88 79 135
person 0.0077 124 50 159 89
person 0.0065 409 21 499 157
person 0.0064 72 47 106 94
person 0.0060 6 47 35 91
person 0.0044 108 60 128 79
person 0.0042 78 77 97 140
person 0.0041 180 67 218 119
person 0.0035 106 65 140 103
person 0.0032 467 247 498 336
person 0.0030 31 38 157 191
person 0.0030 125 65 160 113
person 0.0029 25 53 43 90
person 0.0028 284 65 301 125
person 0.0026 384 68 424 164
person 0.0022 35 85 57 108
person 0.0022 438 123 455 164
person 0.0021 72 65 107 117
person 0.0021 184 88 230 130
person 0.0020 30 46 69 95
person 0.0020 105 55 140 89
person 0.0020 37 90 57 128
person 0.0020 483 98 500 145
person 0.0019 269 41 373 177
person 0.0018 93 81 111 138
person 0.0018 49 45 74 69
person 0.0018 488 28 500 112
person 0.0017 31 81 62 115
person 0.0016 118 80 138 137
person 0.0016 139 79 160 138
person 0.0016 42 93 64 151
person 0.0015 114 70 139 95
person 0.0015 77 47 99 68
person 0.0014 288 59 306 110
person 0.0014 378 35 413 61
person 0.0014 0 66 15 177
person 0.0014 176 116 227 162
person 0.0013 481 267 499 331
person 0.0013 40 38 81 104
person 0.0011 485 67 500 127
person 0.0011 43 68 79 112
person 0.0010 13 47 46 73
person 0.0010 35 50 54 92
person 0.0010 260 63 290 126
pottedplant 0.0012 464 118 498 154
