bicycle 0.0012 10 407 76 494
boat 0.0015 332 182 374 224
boat 0.0012 1 287 79 499
car 0.0233 17 451 72 490
car 0.0157 -1 450 21 493
car 0.0089 2 443 38 493
car 0.0023 39 456 65 478
car 0.0018 13 453 30 481
car 0.0014 38 446 84 490
diningtable 0.0023 333 195 377 241
diningtable 0.0014 340 164 376 272
person 0.9739 183 59 359 447
person 0.8437 0 146 78 494
person 0.0359 215 203 373 504
person 0.0177 84 287 92 313
person 0.0071 42 43 341 466
person 0.0047 77 287 89 315
person 0.0036 0 300 34 499
person 0.0027 142 301 152 318
person 0.0023 -1 208 48 503
person 0.0022 24 440 39 492
person 0.0020 103 284 114 307
person 0.0017 14 442 28 494
person 0.0016 -2 86 129 424
person 0.0013 133 284 358 494
person 0.0013 161 292 174 313
person 0.0012 -1 97 82 341
