bicycle 0.0185 470 166 498 322
bicycle 0.0090 452 146 496 332
bicycle 0.0040 405 159 493 321
bicycle 0.0021 419 187 472 298
bicycle 0.0015 483 233 499 317
chair 0.0355 407 136 473 204
chair 0.0189 408 132 485 303
chair 0.0075 221 83 271 153
chair 0.0056 415 147 462 191
chair 0.0046 186 75 243 147
chair 0.0032 230 95 265 143
chair 0.0021 411 164 458 209
chair 0.0021 195 85 235 136
chair 0.0017 391 95 492 239
chair 0.0017 257 62 317 132
chair 0.0016 422 100 480 193
chair 0.0016 471 161 500 213
chair 0.0013 224 55 279 139
person 0.8616 197 134 245 239
person 0.0536 464 113 498 216
person 0.0313 468 127 497 307
person 0.0247 110 64 160 130
person 0.0137 169 78 190 121
person 0.0077 133 72 158 122
person 0.0068 476 125 499 196
person 0.0067 454 40 494 193
person 0.0061 234 20 407 161
person 0.0045 452 73 504 257
person 0.0044 487 81 500 190
person 0.0041 151 75 170 121
person 0.0039 188 124 287 250
person 0.0038 195 72 215 122
person 0.0032 483 122 499 270
person 0.0020 469 158 497 208
person 0.0018 130 68 152 106
person 0.0016 212 125 260 219
person 0.0015 75 57 137 130
person 0.0015 117 74 135 121
person 0.0014 278 63 359 131
person 0.0013 144 64 203 134
pottedplant 0.0225 262 82 327 149
pottedplant 0.0224 379 150 438 220
pottedplant 0.0202 278 77 353 160
pottedplant 0.0174 274 77 371 204
pottedplant 0.0129 340 177 379 212
pottedplant 0.0088 388 165 428 208
pottedplant 0.0060 292 128 368 201
pottedplant 0.0054 340 154 389 217
pottedplant 0.0048 268 93 314 137
pottedplant 0.0047 221 52 367 186
pottedplant 0.0043 257 106 294 140
pottedplant 0.0030 348 183 372 209
pottedplant 0.0029 387 150 430 194
pottedplant 0.0017 258 96 334 175
pottedplant 0.0011 342 150 379 196
pottedplant 0.0010 345 174 369 200
tvmonitor 0.0016 454 35 496 149
