bottle 0.0059 171 156 183 179
bottle 0.0015 16 216 34 257
bottle 0.0014 7 190 52 303
chair 0.0041 449 171 497 258
chair 0.0039 456 145 497 233
chair 0.0029 460 166 495 212
chair 0.0026 73 135 122 243
chair 0.0024 113 197 175 338
chair 0.0023 0 164 102 324
chair 0.0020 486 153 500 235
chair 0.0019 455 242 497 366
chair 0.0017 359 185 442 247
chair 0.0016 455 191 493 237
chair 0.0016 228 249 270 294
chair 0.0012 375 192 424 237
chair 0.0012 213 228 277 314
diningtable 0.0053 55 225 444 377
person 0.7315 0 69 91 198
person 0.3603 293 181 423 319
person 0.3474 102 179 226 355
person 0.2528 378 191 497 356
person 0.2458 177 171 261 337
person 0.1852 1 55 94 310
person 0.1301 288 199 361 285
person 0.0732 228 192 434 347
person 0.0486 323 190 405 294
person 0.0345 191 171 257 247
person 0.0193 175 210 234 327
person 0.0152 130 186 356 357
person 0.0059 208 188 273 293
person 0.0034 258 198 335 288
person 0.0025 296 213 344 264
person 0.0023 408 207 486 330
person 0.0020 119 168 203 251
person 0.0018 14 76 160 234
person 0.0016 133 206 204 331
person 0.0016 200 182 246 232
person 0.0016 139 168 183 217
person 0.0014 402 186 486 247
person 0.0012 85 141 196 305
person 0.0012 0 86 10 189
person 0.0011 447 202 497 341
person 0.0010 244 159 412 289
person 0.0010 425 184 473 228
tvmonitor 0.0042 57 92 133 170
tvmonitor 0.0018 13 73 158 193
tvmonitor 0.0011 99 110 159 204
tvmonitor 0.0010 252 91 317 120
