bicycle 0.0021 283 145 354 230
car 0.0044 465 28 500 59
car 0.0017 349 195 394 234
car 0.0012 480 31 499 49
chair 0.0152 127 230 203 317
chair 0.0103 116 215 224 342
chair 0.0100 133 208 201 289
chair 0.0071 177 214 248 278
chair 0.0050 108 228 310 366
chair 0.0049 2 295 98 373
chair 0.0041 120 165 297 329
chair 0.0040 173 227 253 319
chair 0.0037 366 230 422 320
chair 0.0030 17 343 93 375
chair 0.0028 189 224 239 261
chair 0.0028 0 331 108 377
chair 0.0017 374 222 414 256
chair 0.0017 337 224 410 328
chair 0.0016 92 185 162 254
chair 0.0015 107 221 176 329
chair 0.0014 144 224 194 267
chair 0.0012 360 179 429 251
chair 0.0011 98 201 163 290
chair 0.0011 103 201 153 237
person 0.9721 263 130 338 364
person 0.0126 270 192 323 349
person 0.0029 271 128 325 247
person 0.0021 308 156 424 346
person 0.0016 179 141 333 355
person 0.0012 275 125 314 173
person 0.0011 0 180 106 367
pottedplant 0.0057 265 242 325 357
pottedplant 0.0037 240 228 347 363
pottedplant 0.0014 480 37 498 60
pottedplant 0.0010 475 31 500 67
