bicycle 0.6102 91 395 292 504
bicycle 0.1330 139 430 239 498
bicycle 0.0309 103 436 179 497
bicycle 0.0093 165 434 213 474
bicycle 0.0086 161 404 267 492
bicycle 0.0062 119 446 163 497
bicycle 0.0054 204 336 333 491
bicycle 0.0048 62 425 222 517
bicycle 0.0035 96 449 142 495
bicycle 0.0032 164 443 216 494
bicycle 0.0031 76 220 308 438
bicycle 0.0028 23 314 257 503
bicycle 0.0028 96 468 176 498
bicycle 0.0025 39 386 195 496
bicycle 0.0020 257 399 325 490
bicycle 0.0018 140 443 196 495
bicycle 0.0016 145 431 195 475
bicycle 0.0015 128 334 306 496
car 0.0059 29 464 98 498
car 0.0038 4 448 122 502
car 0.0028 58 459 119 497
car 0.0018 304 447 331 498
car 0.0015 11 460 68 496
car 0.0011 1 266 25 327
chair 0.0016 302 8 335 113
motorbike 0.0617 197 376 334 504
motorbike 0.0033 227 400 306 492
motorbike 0.0013 149 422 333 508
person 0.0057 -2 254 26 392
person 0.0039 66 87 81 113
person 0.0035 22 384 34 397
person 0.0034 324 265 333 366
person 0.0028 0 179 7 267
person 0.0022 207 363 274 455
person 0.0021 308 248 332 399
person 0.0020 0 249 7 350
person 0.0019 303 267 321 290
person 0.0018 310 263 331 321
person 0.0018 321 270 333 296
person 0.0014 324 239 332 325
person 0.0014 -5 204 39 446
person 0.0014 322 278 334 310
person 0.0014 296 237 333 492
person 0.0013 307 272 322 321
person 0.0013 50 72 67 98
person 0.0010 59 83 76 102
person 0.0010 202 386 287 493
pottedplant 0.0154 -7 225 83 433
pottedplant 0.0086 253 321 335 488
pottedplant 0.0048 79 413 155 494
pottedplant 0.0047 301 328 331 486
pottedplant 0.0044 74 424 106 470
pottedplant 0.0032 307 417 330 478
pottedplant 0.0030 129 298 159 344
pottedplant 0.0028 59 408 122 488
pottedplant 0.0019 96 430 136 477
pottedplant 0.0017 1 229 282 506
pottedplant 0.0017 4 276 32 328
pottedplant 0.0016 306 439 320 463
pottedplant 0.0016 2 270 70 381
pottedplant 0.0013 -2 382 186 500
pottedplant 0.0012 -2 320 75 407
