chair 0.3965 341 38 479 345
chair 0.0082 286 108 456 323
chair 0.0065 348 138 402 250
chair 0.0026 452 245 498 338
chair 0.0025 283 29 465 260
chair 0.0017 464 67 499 217
chair 0.0010 352 172 396 220
diningtable 0.0015 27 211 248 326
person 0.7032 110 38 387 346
person 0.2593 343 34 486 306
person 0.0168 40 119 316 316
person 0.0126 162 6 354 237
person 0.0065 204 -5 425 291
person 0.0054 363 41 498 201
person 0.0031 446 41 497 294
person 0.0022 465 156 497 327
person 0.0020 3 5 350 278
person 0.0012 491 112 500 308
person 0.0012 90 -5 247 88
person 0.0011 -6 171 123 318
person 0.0011 126 0 216 75
person 0.0011 5 132 183 306
tvmonitor 0.0118 18 82 170 211
