bottle 0.0043 58 226 74 249
bottle 0.0028 27 221 65 267
bottle 0.0020 35 230 55 267
bottle 0.0012 375 314 404 331
bottle 0.0011 364 312 386 329
bottle 0.0010 378 326 400 345
car 0.0016 388 33 507 222
chair 0.0126 379 313 500 363
chair 0.0103 446 182 500 259
chair 0.0098 404 321 479 349
chair 0.0036 -3 215 32 322
chair 0.0030 446 253 498 345
chair 0.0023 456 313 494 352
chair 0.0022 454 195 499 241
chair 0.0019 393 115 504 317
chair 0.0017 451 340 502 372
chair 0.0017 -1 242 30 292
chair 0.0013 337 330 487 375
chair 0.0012 484 327 499 346
chair 0.0011 386 239 501 360
chair 0.0010 455 216 498 259
diningtable 0.0108 367 330 508 373
dog 0.0010 0 229 109 371
person 0.9663 62 15 436 361
person 0.1402 -12 44 285 388
person 0.0051 217 81 441 347
person 0.0043 24 -11 330 288
person 0.0022 0 61 8 214
person 0.0021 482 105 496 173
person 0.0018 -6 31 116 343
person 0.0016 -2 40 43 331
person 0.0013 0 211 16 289
person 0.0012 484 73 499 173
person 0.0012 0 104 29 270
pottedplant 0.0046 436 309 460 330
pottedplant 0.0019 400 266 494 339
pottedplant 0.0019 421 309 450 329
pottedplant 0.0015 425 305 474 335
tvmonitor 0.1757 293 104 418 264
tvmonitor 0.0524 239 78 433 294
tvmonitor 0.0249 313 136 396 231
tvmonitor 0.0204 0 199 32 293
tvmonitor 0.0017 0 197 18 280
tvmonitor 0.0012 292 58 499 266
