horse 0.0391 126 115 225 302
horse 0.0033 97 89 194 288
person 0.8867 117 77 177 184
person 0.8580 259 98 315 286
person 0.2387 199 101 247 254
person 0.0092 107 85 220 232
person 0.0064 208 100 287 284
person 0.0045 201 107 243 151
person 0.0037 138 91 177 148
person 0.0025 124 93 166 154
person 0.0011 210 107 259 209
sheep 0.0167 184 180 235 286
sheep 0.0081 154 125 268 340
sheep 0.0029 116 136 235 332
sheep 0.0027 134 190 210 285
sheep 0.0017 259 196 310 274
sheep 0.0015 96 180 473 350
sheep 0.0014 215 194 277 280
