chair 0.0055 143 222 506 381
chair 0.0024 462 226 499 374
diningtable 0.0261 53 284 524 381
diningtable 0.0028 285 277 510 373
diningtable 0.0011 144 317 504 385
person 0.5972 160 115 421 356
person 0.3984 7 125 171 367
person 0.3963 176 82 242 165
person 0.2227 349 85 447 291
person 0.2144 94 110 229 258
person 0.1887 406 96 498 329
person 0.1285 -2 0 104 144
person 0.0706 328 112 481 365
person 0.0538 361 89 434 174
person 0.0523 121 83 162 130
person 0.0462 48 115 285 365
person 0.0440 2 285 413 376
person 0.0404 339 87 408 173
person 0.0282 184 83 231 134
person 0.0270 330 85 423 240
person 0.0238 127 78 168 115
person 0.0189 116 105 207 215
person 0.0163 138 84 359 284
person 0.0146 447 156 501 382
person 0.0143 228 1 284 41
person 0.0132 123 91 295 223
person 0.0129 225 163 498 370
person 0.0117 408 116 483 198
person 0.0097 197 83 279 174
person 0.0095 94 88 128 136
person 0.0089 144 82 191 130
person 0.0085 204 74 296 136
person 0.0084 270 0 452 144
person 0.0083 0 110 56 374
person 0.0082 136 71 200 143
person 0.0078 1 -5 55 148
person 0.0077 375 102 422 151
person 0.0077 218 87 268 121
person 0.0074 206 107 276 207
person 0.0069 341 57 456 212
person 0.0067 252 86 301 123
person 0.0067 446 105 499 206
person 0.0063 32 156 469 379
person 0.0061 81 80 118 136
person 0.0060 459 0 502 137
person 0.0057 102 85 170 163
person 0.0047 349 100 394 151
person 0.0036 244 6 269 31
person 0.0034 151 70 271 191
person 0.0033 160 98 198 144
person 0.0032 207 1 299 82
person 0.0032 0 90 115 297
person 0.0032 241 77 284 111
person 0.0030 389 -6 499 152
person 0.0030 328 62 401 146
person 0.0027 111 95 154 142
person 0.0027 179 2 328 45
person 0.0027 177 103 253 198
person 0.0027 0 120 10 238
person 0.0025 268 90 320 126
person 0.0024 187 0 389 90
person 0.0023 365 62 440 149
person 0.0022 333 0 399 30
person 0.0022 107 95 128 129
person 0.0022 234 0 333 80
person 0.0022 133 92 161 114
person 0.0021 11 3 88 83
person 0.0020 0 159 37 326
person 0.0020 245 58 281 97
person 0.0020 80 89 128 156
person 0.0019 245 72 330 134
person 0.0019 358 119 434 251
person 0.0018 -1 122 42 250
person 0.0017 94 62 240 205
person 0.0017 419 133 468 182
person 0.0016 293 92 339 128
person 0.0015 231 7 253 41
person 0.0014 3 221 264 377
person 0.0014 341 0 375 11
person 0.0013 0 67 11 152
person 0.0013 487 105 499 313
person 0.0013 387 47 499 217
person 0.0013 230 92 259 117
person 0.0013 6 336 184 376
person 0.0012 313 -1 417 42
person 0.0012 150 0 179 14
person 0.0012 213 68 438 259
person 0.0011 199 76 234 119
person 0.0011 482 15 499 115
person 0.0010 225 37 287 107
pottedplant 0.0022 421 108 467 153
