bottle 0.0045 243 287 312 373
bottle 0.0028 134 130 148 171
bottle 0.0021 116 130 131 171
bottle 0.0018 98 130 113 172
bottle 0.0016 115 170 129 219
bottle 0.0013 443 57 475 97
chair 0.0367 51 153 368 376
chair 0.0078 -7 212 282 383
chair 0.0059 -12 273 153 377
chair 0.0020 -4 284 51 373
chair 0.0010 -8 188 144 367
chair 0.0010 412 295 486 373
person 0.4821 36 77 319 366
person 0.4729 150 107 430 373
person 0.2463 260 74 470 364
person 0.0035 380 25 501 292
person 0.0032 108 43 322 284
person 0.0022 452 30 488 171
person 0.0020 96 14 481 314
person 0.0017 -6 119 196 380
person 0.0015 440 54 471 101
person 0.0013 439 27 502 346
person 0.0011 183 111 254 200
person 0.0010 204 107 282 202
sofa 0.0234 -2 218 350 374
sofa 0.0113 43 153 450 375
