bicycle 0.0017 96 164 268 384
bicycle 0.0012 60 224 354 383
bottle 0.0071 327 118 344 157
bottle 0.0018 246 59 268 78
bottle 0.0017 308 135 363 168
bottle 0.0015 319 138 341 163
chair 0.0028 -10 148 137 348
chair 0.0021 54 203 134 289
chair 0.0011 316 150 494 293
chair 0.0011 373 175 452 271
person 0.9676 151 52 267 390
person 0.0985 165 23 306 311
person 0.0246 114 16 255 265
person 0.0118 159 20 268 201
person 0.0038 409 173 468 272
person 0.0038 207 25 371 306
person 0.0028 160 48 408 395
person 0.0016 179 158 244 281
person 0.0011 442 194 461 260
person 0.0011 46 22 233 304
person 0.0010 176 24 255 126
pottedplant 0.0222 288 98 356 166
pottedplant 0.0135 301 110 351 155
pottedplant 0.0070 257 95 335 167
pottedplant 0.0025 264 110 324 153
pottedplant 0.0018 292 116 363 195
pottedplant 0.0012 305 134 356 173
