bottle 0.0028 162 -1 241 21
bottle 0.0013 187 8 218 26
bottle 0.0013 124 -1 224 23
bottle 0.0011 184 0 220 17
chair 0.0285 438 8 502 77
chair 0.0169 389 0 498 75
chair 0.0049 448 18 497 63
chair 0.0027 348 0 467 72
chair 0.0022 255 -16 470 58
chair 0.0022 448 21 504 112
chair 0.0020 377 3 450 39
diningtable 0.0033 31 330 464 377
diningtable 0.0012 16 285 406 373
person 0.8850 72 -5 424 325
person 0.7559 186 130 389 363
person 0.4247 16 43 335 388
person 0.0208 301 0 417 72
person 0.0081 434 0 467 9
person 0.0070 388 0 499 47
person 0.0059 262 122 441 372
person 0.0042 404 0 484 29
person 0.0039 455 0 490 9
person 0.0035 202 0 461 80
person 0.0031 12 -18 185 332
person 0.0025 417 0 455 9
person 0.0024 320 0 411 30
person 0.0022 363 0 452 30
person 0.0017 109 -1 214 24
person 0.0014 413 -1 489 15
