boat 0.7897 110 150 166 259
boat 0.2275 83 125 197 289
boat 0.0919 113 226 156 253
boat 0.0590 116 177 160 238
boat 0.0211 34 26 250 264
boat 0.0157 87 237 102 251
boat 0.0118 177 218 196 229
boat 0.0098 118 161 208 249
boat 0.0087 113 201 155 244
boat 0.0060 102 227 142 257
boat 0.0041 31 130 250 360
boat 0.0030 115 217 129 233
boat 0.0025 166 207 209 230
boat 0.0025 125 213 139 230
boat 0.0023 105 185 140 234
boat 0.0021 1 113 23 309
boat 0.0019 20 116 362 305
boat 0.0015 104 207 170 266
boat 0.0014 122 151 158 208
boat 0.0014 109 238 158 266
boat 0.0013 165 216 181 228
boat 0.0013 104 235 118 250
boat 0.0013 140 186 189 234
boat 0.0012 101 196 117 212
boat 0.0012 122 244 145 259
boat 0.0012 127 194 163 246
boat 0.0012 114 195 128 211
boat 0.0011 129 132 199 231
boat 0.0011 93 119 147 240
boat 0.0010 73 231 109 262
boat 0.0010 235 200 290 229
boat 0.0010 187 216 208 229
person 0.8233 160 338 194 446
person 0.0518 122 231 144 249
person 0.0422 114 232 128 248
person 0.0421 162 340 190 407
person 0.0058 161 384 189 435
person 0.0038 239 206 256 221
person 0.0025 123 328 222 468
person 0.0023 252 207 273 223
person 0.0020 240 201 258 216
person 0.0015 137 233 153 250
person 0.0014 204 212 214 228
person 0.0012 178 342 193 408
person 0.0011 231 208 247 223
