bicycle 0.0029 382 129 505 309
bicycle 0.0022 444 168 501 265
bottle 0.0010 266 129 290 159
car 0.6157 312 124 348 151
car 0.0094 303 125 323 146
car 0.0094 261 122 297 162
car 0.0024 332 124 376 156
chair 0.0021 293 151 359 231
chair 0.0014 408 169 488 262
person 0.9026 220 112 290 281
person 0.0217 260 125 290 164
person 0.0120 252 122 298 204
person 0.0104 229 116 280 221
person 0.0043 145 106 298 287
person 0.0031 262 133 295 185
person 0.0028 269 124 289 145
person 0.0024 265 136 285 176
person 0.0019 257 127 273 163
person 0.0017 225 114 260 154
person 0.0016 234 117 274 165
pottedplant 0.0270 331 145 406 234
pottedplant 0.0159 316 156 488 331
pottedplant 0.0127 303 140 435 290
pottedplant 0.0031 443 57 493 174
pottedplant 0.0026 16 133 87 190
pottedplant 0.0018 360 147 428 234
pottedplant 0.0015 372 189 507 334
pottedplant 0.0013 347 145 390 184
pottedplant 0.0012 26 143 77 182
pottedplant 0.0010 344 166 392 212
