bottle 0.0015 470 328 500 376
car 0.0018 395 232 423 247
chair 0.0238 394 288 490 372
chair 0.0084 463 288 497 377
chair 0.0012 -14 223 439 374
chair 0.0011 410 308 472 357
diningtable 0.0145 6 276 181 376
person 0.9428 111 129 472 370
person 0.6998 395 179 502 364
person 0.0244 303 134 505 371
person 0.0240 411 180 488 258
person 0.0080 489 207 500 297
person 0.0080 458 183 496 300
person 0.0061 485 190 499 257
person 0.0025 420 194 473 239
person 0.0022 487 227 500 364
person 0.0021 202 219 518 368
person 0.0017 468 212 496 264
