bottle 0.4342 284 82 324 192
bottle 0.1102 281 95 310 151
bottle 0.0718 290 93 304 155
bottle 0.0660 298 98 312 153
bottle 0.0640 264 78 298 194
bottle 0.0544 178 183 209 224
bottle 0.0437 291 85 304 123
bottle 0.0425 301 110 317 179
bottle 0.0363 288 76 309 104
bottle 0.0278 283 84 310 121
bottle 0.0270 298 84 311 125
bottle 0.0186 269 94 295 157
bottle 0.0179 364 107 375 184
bottle 0.0166 302 98 354 189
bottle 0.0158 255 92 271 168
bottle 0.0130 312 117 330 179
bottle 0.0111 298 70 312 109
bottle 0.0106 188 183 202 226
bottle 0.0089 316 107 330 146
bottle 0.0064 280 61 327 145
bottle 0.0062 311 112 347 175
bottle 0.0058 293 82 319 123
bottle 0.0050 292 71 321 108
bottle 0.0046 159 167 220 250
bottle 0.0044 308 106 337 143
bottle 0.0042 286 106 307 137
bottle 0.0040 305 133 320 185
bottle 0.0040 297 104 316 138
bottle 0.0039 262 66 300 115
bottle 0.0035 329 122 344 174
bottle 0.0033 255 57 303 141
bottle 0.0032 330 112 347 136
bottle 0.0031 186 192 200 238
bottle 0.0027 362 155 375 182
bottle 0.0022 308 129 339 185
bottle 0.0021 275 79 290 131
bottle 0.0021 366 43 375 171
bottle 0.0020 272 116 338 199
bottle 0.0018 316 87 332 129
bottle 0.0017 316 132 349 190
bottle 0.0014 270 109 291 140
bottle 0.0013 316 101 335 123
bottle 0.0013 299 127 320 164
bottle 0.0012 355 112 375 180
bottle 0.0012 268 81 296 123
bottle 0.0011 162 193 206 239
bottle 0.0011 135 177 196 221
bottle 0.0011 259 89 275 115
bottle 0.0010 274 72 291 101
bottle 0.0010 306 89 340 127
bottle 0.0010 176 164 212 210
bottle 0.0010 274 88 292 116
car 0.0160 187 231 358 481
chair 0.0168 198 80 256 173
chair 0.0062 206 93 247 150
chair 0.0047 143 107 225 171
chair 0.0034 345 224 374 349
chair 0.0032 156 116 212 160
chair 0.0025 348 141 373 199
chair 0.0018 182 362 366 499
chair 0.0014 346 258 373 314
chair 0.0012 146 125 228 200
diningtable 0.2817 176 179 371 477
diningtable 0.0197 105 65 382 520
diningtable 0.0051 121 61 370 279
diningtable 0.0043 269 194 377 461
diningtable 0.0022 -6 23 436 403
person 0.9425 24 70 232 501
person 0.0561 15 45 412 531
person 0.0132 -3 59 308 367
person 0.0062 7 53 152 391
person 0.0054 0 115 10 174
person 0.0030 334 109 377 380
person 0.0028 344 163 375 335
person 0.0021 216 46 255 93
person 0.0017 346 119 375 222
person 0.0014 0 80 32 198
pottedplant 0.3497 212 79 261 178
pottedplant 0.0139 200 48 254 145
pottedplant 0.0088 205 76 246 131
pottedplant 0.0079 171 70 314 196
pottedplant 0.0031 213 66 259 119
pottedplant 0.0022 194 41 283 169
pottedplant 0.0013 235 105 267 172
