aeroplane 0.0011 383 -2 497 45
bicycle 0.1025 292 239 348 354
bicycle 0.0140 248 213 346 354
bottle 0.0011 307 235 331 257
bus 0.0090 310 146 357 180
bus 0.0031 266 144 319 175
car 0.7112 338 163 471 265
car 0.0665 386 171 502 365
car 0.0639 311 154 355 188
car 0.0172 445 186 503 288
car 0.0111 431 158 507 325
car 0.0084 459 169 498 203
car 0.0082 270 144 324 177
car 0.0058 455 182 495 218
car 0.0035 264 149 286 172
car 0.0035 284 143 357 183
car 0.0033 256 151 272 170
car 0.0029 458 177 483 192
car 0.0029 482 178 499 194
car 0.0021 351 152 368 167
car 0.0016 347 164 466 212
car 0.0016 486 166 500 237
car 0.0013 263 144 297 175
car 0.0011 452 154 502 219
car 0.0010 484 170 500 185
car 0.0010 457 197 493 231
car 0.0010 461 172 479 184
person 0.9363 262 176 323 338
person 0.6583 165 138 208 238
person 0.4212 193 152 256 337
person 0.1481 274 182 355 346
person 0.0769 207 168 284 341
person 0.0623 174 143 233 233
person 0.0119 400 175 422 193
person 0.0073 302 193 361 285
person 0.0063 417 178 440 195
person 0.0050 194 151 251 252
person 0.0040 196 153 213 225
person 0.0036 485 3 500 64
person 0.0027 207 144 224 181
person 0.0026 377 176 405 196
person 0.0021 256 170 317 249
person 0.0021 137 104 277 272
person 0.0020 466 8 483 27
person 0.0015 267 145 285 176
person 0.0014 172 155 190 223
person 0.0014 364 178 388 198
person 0.0014 371 164 441 195
person 0.0013 466 7 484 63
person 0.0011 185 151 228 213
pottedplant 0.0101 23 21 146 284
pottedplant 0.0088 68 46 124 147
pottedplant 0.0045 4 10 111 180
pottedplant 0.0032 10 177 103 239
pottedplant 0.0027 26 194 90 228
pottedplant 0.0018 22 41 87 151
pottedplant 0.0015 -4 89 125 323
pottedplant 0.0013 81 72 120 123
pottedplant 0.0012 10 141 104 224
pottedplant 0.0011 64 191 111 225
pottedplant 0.0011 0 101 14 161
