bottle 0.0178 180 227 193 249
bottle 0.0040 129 46 145 64
bottle 0.0032 193 223 208 247
chair 0.0138 154 212 410 375
chair 0.0043 375 67 437 177
chair 0.0032 338 71 399 173
chair 0.0030 3 27 36 68
person 0.7795 152 156 363 380
person 0.1769 405 53 454 137
person 0.0715 308 37 358 170
person 0.0535 458 86 500 185
person 0.0188 409 67 447 117
person 0.0130 154 25 169 43
person 0.0105 398 57 482 198
person 0.0103 349 38 458 166
person 0.0044 483 99 499 174
person 0.0043 151 31 170 68
person 0.0030 283 44 377 200
person 0.0017 400 45 421 62
person 0.0016 210 18 228 34
person 0.0015 318 46 355 90
person 0.0014 444 76 504 230
person 0.0012 36 171 313 378
person 0.0012 332 56 396 150
person 0.0012 210 22 229 42
person 0.0012 141 28 178 68
person 0.0011 176 12 194 61
pottedplant 0.0024 38 27 78 68
pottedplant 0.0019 177 9 193 30
pottedplant 0.0013 149 24 193 61
pottedplant 0.0013 197 16 215 33
pottedplant 0.0010 105 29 162 64
tvmonitor 0.0393 402 47 458 114
tvmonitor 0.0084 126 130 295 242
tvmonitor 0.0018 393 50 440 93
tvmonitor 0.0018 455 54 499 155
tvmonitor 0.0016 143 143 222 228
tvmonitor 0.0016 0 25 19 44
tvmonitor 0.0010 460 32 502 109
