bottle 0.0457 337 212 401 328
bottle 0.0341 297 199 442 345
bottle 0.0085 367 218 433 318
bottle 0.0055 372 210 393 235
bottle 0.0033 376 218 414 273
bottle 0.0031 256 236 474 364
bottle 0.0026 59 233 75 271
bottle 0.0019 370 204 406 241
bottle 0.0016 300 221 363 325
bottle 0.0015 317 256 410 340
bottle 0.0015 377 201 396 245
bottle 0.0012 44 37 61 54
bottle 0.0012 379 240 421 292
bottle 0.0010 116 112 133 129
bottle 0.0010 42 238 59 267
bottle 0.0010 349 240 392 297
chair 0.0080 202 238 292 310
chair 0.0027 -2 293 100 376
chair 0.0021 247 269 322 332
chair 0.0020 262 276 311 319
chair 0.0017 473 178 501 235
chair 0.0014 77 223 122 266
chair 0.0013 17 337 87 376
chair 0.0012 220 250 281 294
chair 0.0010 487 163 500 312
diningtable 0.1070 138 291 515 377
diningtable 0.0090 146 233 353 373
diningtable 0.0054 201 260 297 334
diningtable 0.0024 185 325 541 382
diningtable 0.0014 67 323 435 384
diningtable 0.0011 229 300 422 365
person 0.6017 160 189 259 346
person 0.5533 0 150 90 340
person 0.3008 256 -25 417 336
person 0.2767 180 193 247 305
person 0.1187 17 -1 98 51
person 0.1176 399 149 498 347
person 0.0536 17 167 81 261
person 0.0486 0 147 57 276
person 0.0185 349 3 453 312
person 0.0147 176 208 310 341
person 0.0147 3 228 92 375
person 0.0107 84 209 257 382
person 0.0085 -2 -6 51 54
person 0.0085 190 196 237 242
person 0.0083 323 192 492 352
person 0.0083 383 7 502 312
person 0.0079 98 -2 144 51
person 0.0070 62 0 136 52
person 0.0066 467 153 499 276
person 0.0054 129 204 208 330
person 0.0053 445 40 504 332
person 0.0049 10 229 84 318
person 0.0047 -6 245 66 354
person 0.0045 284 -12 393 236
person 0.0043 34 188 75 234
person 0.0042 -7 111 122 272
person 0.0025 484 172 501 242
person 0.0023 1 175 183 376
person 0.0020 128 12 453 360
person 0.0018 3 9 39 55
person 0.0015 406 162 481 269
person 0.0014 183 247 245 347
person 0.0014 1 10 15 56
person 0.0014 196 213 238 266
person 0.0012 464 76 500 242
person 0.0012 0 181 11 294
pottedplant 0.0019 63 173 128 255
pottedplant 0.0012 77 191 120 239
pottedplant 0.0010 65 207 127 284
tvmonitor 0.0043 204 212 279 284
tvmonitor 0.0038 219 224 269 263
tvmonitor 0.0021 229 226 251 248
tvmonitor 0.0016 221 221 254 251
