chair 0.0941 293 341 333 483
chair 0.0160 253 316 333 494
chair 0.0123 -2 276 28 459
chair 0.0092 171 359 304 496
chair 0.0024 299 369 330 443
chair 0.0022 -7 302 86 495
chair 0.0020 21 218 208 485
chair 0.0014 297 308 332 436
person 0.9736 28 91 196 491
person 0.7567 172 291 302 495
person 0.1360 13 57 311 460
person 0.0187 204 352 276 450
person 0.0087 88 243 297 485
person 0.0031 139 156 299 425
person 0.0019 -3 68 130 439
person 0.0017 210 307 275 429
person 0.0014 -9 169 89 484
person 0.0013 222 376 261 423
person 0.0012 -1 215 28 360
person 0.0010 206 286 282 374
pottedplant 0.0014 191 207 247 298
