bottle 0.0012 488 276 499 344
chair 0.0014 470 150 500 337
chair 0.0012 447 163 500 373
chair 0.0011 441 299 500 372
person 0.9528 60 185 158 374
person 0.8653 163 43 504 390
person 0.0676 300 33 492 297
person 0.0224 50 179 283 372
person 0.0100 459 48 500 382
person 0.0085 469 100 501 271
person 0.0062 133 0 213 28
person 0.0055 -6 170 133 374
person 0.0037 -23 -25 451 347
person 0.0032 87 190 158 306
person 0.0032 115 -3 232 38
person 0.0031 92 223 154 369
person 0.0021 -1 7 110 307
person 0.0017 380 44 497 385
person 0.0015 17 -1 177 256
person 0.0011 239 46 285 84
person 0.0011 331 35 483 185
person 0.0010 166 -1 251 26
sofa 0.0021 54 216 287 375
tvmonitor 0.0231 52 10 200 134
tvmonitor 0.0034 82 30 172 117
tvmonitor 0.0012 81 -5 261 101
