bicycle 0.0463 296 337 510 372
bicycle 0.0085 40 287 534 382
bicycle 0.0043 322 312 486 366
bicycle 0.0034 202 332 528 383
bicycle 0.0026 227 301 508 374
bicycle 0.0023 314 355 473 378
bicycle 0.0020 206 302 299 360
bicycle 0.0020 119 225 287 368
bicycle 0.0018 380 345 494 375
bicycle 0.0018 250 339 404 378
bicycle 0.0011 171 245 227 357
bottle 0.0154 268 79 309 123
bottle 0.0100 275 86 291 131
bottle 0.0053 255 67 314 137
bottle 0.0041 259 76 299 113
bottle 0.0036 284 92 302 127
bottle 0.0028 270 73 288 117
bottle 0.0028 262 102 305 135
bottle 0.0022 230 312 278 350
bottle 0.0019 264 315 314 350
bottle 0.0012 283 103 301 136
bottle 0.0011 285 73 307 119
bottle 0.0011 276 100 310 123
bottle 0.0010 237 79 286 111
bus 0.0014 0 158 11 286
chair 0.0747 59 121 184 303
chair 0.0515 80 159 165 263
chair 0.0154 56 135 153 241
chair 0.0010 2 298 32 362
diningtable 0.0021 59 322 513 389
person 0.9421 172 9 312 311
person 0.7569 330 21 414 354
person 0.7310 343 57 471 365
person 0.6022 155 59 275 368
person 0.4640 392 0 471 322
person 0.3684 60 51 109 148
person 0.2258 232 25 322 352
person 0.0952 61 54 99 98
person 0.0694 1 82 38 240
person 0.0589 0 4 49 255
person 0.0514 0 234 35 382
person 0.0488 101 53 156 149
person 0.0283 0 101 41 387
person 0.0232 4 33 43 166
person 0.0221 343 23 398 119
person 0.0198 46 36 147 219
person 0.0162 332 16 405 204
person 0.0118 69 60 102 129
person 0.0113 45 42 93 158
person 0.0097 121 118 244 371
person 0.0087 266 27 398 350
person 0.0086 87 58 134 100
person 0.0079 2 129 32 294
person 0.0071 105 2 267 322
person 0.0068 72 69 91 147
person 0.0052 69 60 92 96
person 0.0048 17 21 96 235
person 0.0048 113 70 149 125
person 0.0046 353 -4 463 225
person 0.0041 -1 61 12 185
person 0.0040 72 15 186 195
person 0.0036 154 184 254 351
person 0.0031 1 -5 58 99
person 0.0030 57 121 150 200
person 0.0025 6 49 41 100
person 0.0023 0 46 15 135
person 0.0021 93 37 164 110
person 0.0020 162 196 210 356
person 0.0017 53 69 89 125
person 0.0017 404 11 465 127
person 0.0016 42 -4 224 101
person 0.0014 116 160 130 203
person 0.0014 43 53 90 97
person 0.0014 114 79 135 138
person 0.0014 338 77 394 236
person 0.0014 0 164 9 342
person 0.0014 130 80 145 102
person 0.0013 5 69 39 125
person 0.0012 260 149 314 281
person 0.0012 28 35 97 112
person 0.0012 102 71 138 107
person 0.0012 132 80 147 136
person 0.0011 -1 9 9 91
person 0.0010 445 18 505 357
person 0.0010 106 64 131 100
person 0.0010 52 37 199 285
person 0.0010 -5 163 112 380
person 0.0010 0 256 13 366
tvmonitor 0.0027 467 19 503 116
