boat 0.0014 337 223 363 277
car 0.0088 1 332 17 346
car 0.0077 149 336 174 350
car 0.0066 159 336 192 349
car 0.0044 6 336 29 348
car 0.0037 104 335 136 351
car 0.0034 46 337 78 348
car 0.0032 149 331 200 351
car 0.0019 234 330 250 347
car 0.0016 31 337 69 347
car 0.0015 77 336 103 350
car 0.0014 63 336 94 349
car 0.0013 22 337 51 347
car 0.0012 42 327 97 350
car 0.0012 94 336 122 350
car 0.0011 258 331 283 348
car 0.0010 119 336 142 351
person 0.4060 206 325 229 376
person 0.3167 324 310 339 358
person 0.0619 294 274 314 323
person 0.0321 313 296 338 351
person 0.0303 352 348 363 399
person 0.0162 286 288 314 344
person 0.0120 193 330 224 377
person 0.0100 342 342 353 368
person 0.0083 196 323 240 384
person 0.0076 324 305 339 332
person 0.0055 227 324 244 351
person 0.0044 212 328 246 378
person 0.0035 357 342 365 435
person 0.0034 341 343 354 397
person 0.0033 219 316 247 361
person 0.0030 277 279 320 362
person 0.0029 346 343 366 402
person 0.0029 299 292 325 342
person 0.0023 303 306 331 357
person 0.0022 350 347 364 375
person 0.0021 306 288 344 368
person 0.0012 339 334 363 391
person 0.0012 226 358 242 380
person 0.0012 196 359 215 376
person 0.0011 308 304 324 329
person 0.0010 307 320 321 349
