car 0.0015 26 26 255 237
chair 0.0093 3 135 119 344
chair 0.0048 65 274 504 482
chair 0.0035 1 160 31 331
chair 0.0031 52 40 297 225
chair 0.0031 305 6 478 331
chair 0.0029 89 12 415 247
chair 0.0025 -64 349 482 488
chair 0.0022 7 193 110 297
diningtable 0.0013 386 7 500 253
person 0.9159 58 40 440 518
person 0.3817 209 26 424 383
person 0.0193 -3 162 357 467
person 0.0108 169 152 453 460
person 0.0108 -33 286 453 478
person 0.0033 0 218 13 321
person 0.0025 258 18 298 66
person 0.0024 270 23 292 56
person 0.0022 239 4 419 195
person 0.0021 1 199 28 345
person 0.0012 270 25 290 43
person 0.0011 0 134 9 329
person 0.0010 -3 185 128 435
pottedplant 0.0010 19 1 250 192
