bicycle 0.0020 67 448 247 498
bottle 0.0014 135 216 173 262
car 0.0095 143 224 163 246
car 0.0074 123 205 144 234
car 0.0070 0 254 19 274
car 0.0051 148 217 176 255
car 0.0029 127 226 143 248
car 0.0027 95 225 119 243
car 0.0026 110 222 130 246
car 0.0020 91 219 128 251
car 0.0020 111 215 151 256
car 0.0020 132 237 171 278
car 0.0017 0 262 15 281
car 0.0016 0 239 20 278
car 0.0016 104 214 134 253
car 0.0011 101 217 121 239
chair 0.0053 8 215 62 265
chair 0.0039 85 222 124 258
chair 0.0018 4 214 37 268
motorbike 0.0010 80 100 357 319
person 0.5944 84 277 165 465
person 0.0215 110 276 199 458
person 0.0107 107 203 146 245
person 0.0051 146 207 164 238
person 0.0040 133 356 187 440
person 0.0015 138 207 167 245
person 0.0014 110 211 129 240
person 0.0014 99 381 339 497
person 0.0011 125 203 141 243
pottedplant 0.0105 203 404 291 491
pottedplant 0.0059 306 286 366 367
pottedplant 0.0049 315 304 359 353
pottedplant 0.0020 163 389 328 494
pottedplant 0.0015 218 417 275 470
pottedplant 0.0011 247 287 356 366
pottedplant 0.0010 236 293 311 363
pottedplant 0.0010 248 307 297 353
tvmonitor 0.0228 145 375 184 407
tvmonitor 0.0026 135 375 171 411
tvmonitor 0.0018 142 384 188 434
