bicycle 0.0010 22 120 91 179
bottle 0.0646 101 158 160 231
bottle 0.0345 109 170 141 221
bottle 0.0123 37 120 83 159
bottle 0.0068 111 187 130 231
bottle 0.0054 116 176 164 212
bottle 0.0022 138 168 188 209
bottle 0.0020 53 119 75 159
bottle 0.0019 116 188 162 228
bottle 0.0018 119 165 167 198
bottle 0.0018 105 164 144 201
bottle 0.0018 105 200 144 236
bottle 0.0014 114 158 135 207
bottle 0.0014 92 148 108 185
bottle 0.0012 132 175 151 213
car 0.0134 33 117 80 157
chair 0.0149 335 -6 476 149
chair 0.0127 13 2 48 44
chair 0.0115 31 2 79 40
chair 0.0114 252 293 336 370
chair 0.0056 39 6 65 32
chair 0.0052 377 47 437 147
chair 0.0048 148 230 425 378
chair 0.0036 17 7 42 32
chair 0.0028 232 330 349 376
chair 0.0028 328 56 401 140
chair 0.0027 258 338 324 374
chair 0.0021 278 264 356 350
chair 0.0021 287 16 447 180
chair 0.0021 409 5 467 138
chair 0.0020 15 8 38 60
chair 0.0019 233 71 500 361
chair 0.0017 268 307 321 358
chair 0.0016 154 291 264 369
chair 0.0014 96 291 177 375
chair 0.0014 299 29 360 119
chair 0.0014 12 -4 94 149
chair 0.0013 131 289 222 372
chair 0.0013 0 -9 45 59
chair 0.0013 449 8 499 135
chair 0.0012 295 64 360 134
chair 0.0012 386 9 488 180
chair 0.0011 7 29 47 67
chair 0.0010 18 25 39 47
diningtable 0.0051 39 268 457 385
person 0.8866 129 86 308 347
person 0.0915 158 101 318 235
person 0.0289 30 2 69 39
person 0.0277 17 4 88 71
person 0.0144 3 0 47 74
person 0.0116 -1 0 13 72
person 0.0074 31 12 81 59
person 0.0057 77 65 281 256
person 0.0045 46 1 86 43
person 0.0044 20 15 85 119
person 0.0038 87 173 334 371
person 0.0033 16 1 42 45
person 0.0032 52 3 73 40
person 0.0027 139 89 409 286
person 0.0018 22 30 79 67
person 0.0016 63 -1 98 48
person 0.0016 -1 4 25 67
person 0.0011 35 1 64 15
person 0.0010 16 0 42 12
sofa 0.0043 102 117 455 368
