car 0.0013 23 -8 165 189
chair 0.0317 186 68 327 207
chair 0.0307 98 21 188 95
chair 0.0289 214 72 295 156
chair 0.0276 297 24 380 93
chair 0.0251 77 10 119 105
chair 0.0241 4 21 107 103
chair 0.0209 205 16 306 160
chair 0.0137 405 15 491 106
chair 0.0137 296 73 362 157
chair 0.0130 212 15 293 103
chair 0.0122 260 51 398 230
chair 0.0113 4 5 104 172
chair 0.0111 79 13 127 46
chair 0.0102 82 21 120 66
chair 0.0087 -2 56 107 224
chair 0.0085 6 196 112 332
chair 0.0083 451 2 495 122
chair 0.0079 359 239 507 332
chair 0.0064 199 151 244 188
chair 0.0058 2 11 50 119
chair 0.0056 313 207 486 325
chair 0.0056 188 129 248 199
chair 0.0053 458 145 498 284
chair 0.0050 81 22 101 38
chair 0.0045 86 28 115 88
chair 0.0045 77 4 203 122
chair 0.0041 295 41 372 134
chair 0.0039 114 19 166 55
chair 0.0039 99 23 119 39
chair 0.0038 255 87 324 190
chair 0.0038 103 14 141 47
chair 0.0036 29 19 90 48
chair 0.0035 459 13 497 56
chair 0.0033 115 36 170 78
chair 0.0031 103 23 139 63
chair 0.0029 212 127 294 198
chair 0.0027 304 23 364 58
chair 0.0026 416 17 478 51
chair 0.0025 148 65 358 259
chair 0.0024 1 249 35 337
chair 0.0024 303 36 369 79
chair 0.0023 279 16 394 166
chair 0.0022 80 19 103 71
chair 0.0021 147 15 201 52
chair 0.0020 439 140 506 334
chair 0.0018 0 77 56 202
chair 0.0018 5 17 43 53
chair 0.0016 374 145 505 331
chair 0.0016 260 21 323 100
chair 0.0016 4 91 92 181
chair 0.0016 108 22 131 41
chair 0.0014 182 9 232 109
chair 0.0013 26 40 88 78
chair 0.0013 448 211 502 327
chair 0.0012 405 42 475 136
chair 0.0012 140 37 191 78
chair 0.0012 276 37 316 80
chair 0.0012 63 7 84 23
chair 0.0011 0 165 45 316
person 0.6536 56 54 205 321
person 0.5742 328 6 472 272
person 0.3563 66 0 115 30
person 0.2330 298 41 443 344
person 0.1524 75 2 121 78
person 0.0728 314 22 421 211
person 0.0679 173 -1 222 32
person 0.0421 446 67 501 315
person 0.0342 83 8 117 58
person 0.0272 149 0 215 23
person 0.0254 395 56 497 274
person 0.0246 206 2 301 74
person 0.0245 392 11 487 170
person 0.0201 24 161 237 322
person 0.0154 224 -1 293 23
person 0.0152 70 4 102 24
person 0.0147 331 68 394 164
person 0.0129 457 119 496 262
person 0.0127 134 -1 188 21
person 0.0113 334 0 480 39
person 0.0107 404 0 480 26
person 0.0107 456 1 498 31
person 0.0098 127 2 213 74
person 0.0087 204 0 311 34
person 0.0084 175 0 228 73
person 0.0083 316 1 402 69
person 0.0082 257 56 406 270
person 0.0072 452 3 500 79
person 0.0072 251 -1 314 26
person 0.0069 33 3 92 25
person 0.0067 247 -1 325 71
person 0.0063 449 -7 496 181
person 0.0051 -1 62 59 322
person 0.0049 174 2 201 25
person 0.0049 106 0 169 23
person 0.0044 -3 57 109 273
person 0.0042 134 1 226 34
person 0.0038 341 0 409 32
person 0.0036 146 0 177 18
person 0.0035 132 0 160 18
person 0.0035 52 60 369 320
person 0.0033 113 7 131 21
person 0.0028 358 0 454 29
person 0.0025 323 -1 493 79
person 0.0023 265 -2 392 37
person 0.0023 290 0 367 24
person 0.0023 201 8 308 124
person 0.0022 200 145 460 328
person 0.0019 249 0 416 80
person 0.0019 87 1 118 16
person 0.0019 117 2 138 17
person 0.0018 190 4 217 27
person 0.0018 91 7 121 23
person 0.0016 212 0 235 19
person 0.0016 465 11 502 48
person 0.0016 92 152 176 229
person 0.0015 466 72 501 203
person 0.0014 183 11 218 54
person 0.0013 97 2 147 32
person 0.0013 190 -1 250 23
person 0.0013 -2 139 51 240
person 0.0013 77 10 102 47
person 0.0012 461 8 487 27
person 0.0012 20 2 42 17
person 0.0012 37 2 55 17
person 0.0012 485 118 499 251
person 0.0011 0 116 7 227
person 0.0011 480 9 499 51
person 0.0011 241 0 278 17
person 0.0011 150 5 178 23
person 0.0011 477 11 498 31
person 0.0010 486 11 500 103
person 0.0010 40 194 382 334
person 0.0010 229 -1 257 18
sofa 0.0040 -11 193 282 332
sofa 0.0014 28 114 390 318
tvmonitor 0.0013 10 73 87 160
