bicycle 0.0085 13 309 212 493
bicycle 0.0061 302 175 331 225
boat 0.0016 6 361 222 509
chair 0.0173 45 149 87 248
chair 0.0061 0 114 40 232
person 0.9559 47 119 180 450
person 0.7599 264 118 317 230
person 0.0146 294 133 332 226
person 0.0100 48 130 89 240
person 0.0064 101 133 171 230
person 0.0060 81 136 181 306
person 0.0048 17 108 170 328
person 0.0039 274 130 308 211
person 0.0031 222 99 329 243
person 0.0030 302 150 330 211
person 0.0020 252 121 332 294
person 0.0014 148 79 335 261
person 0.0014 197 121 229 171
person 0.0014 66 155 249 426
person 0.0013 13 232 175 482
person 0.0011 298 77 332 197
person 0.0010 -4 86 42 331
tvmonitor 0.0055 27 -1 146 42
tvmonitor 0.0045 47 0 125 28
tvmonitor 0.0020 13 0 166 113
