bottle 0.0027 9 215 55 303
bottle 0.0012 1 181 64 331
bottle 0.0010 16 126 139 337
person 0.9393 74 49 211 356
person 0.0740 83 59 161 256
person 0.0100 129 68 235 350
person 0.0060 178 182 287 335
person 0.0034 128 12 295 237
person 0.0024 37 120 168 332
person 0.0020 0 133 20 274
person 0.0019 -2 111 28 345
person 0.0017 -2 36 73 259
person 0.0012 -1 11 30 283
person 0.0012 0 91 105 320
person 0.0010 -2 131 68 333
tvmonitor 0.0067 32 81 79 166
tvmonitor 0.0066 9 64 94 228
tvmonitor 0.0019 169 23 293 222
