person 0.9491 155 48 245 381
person 0.6710 259 91 308 321
person 0.0236 225 98 294 318
person 0.0143 68 13 257 413
person 0.0099 90 189 142 261
person 0.0045 256 86 310 181
person 0.0042 -10 147 275 428
person 0.0042 235 136 281 273
person 0.0040 167 16 235 103
person 0.0036 258 64 310 142
person 0.0031 275 82 313 269
person 0.0027 263 237 305 317
person 0.0023 27 222 60 260
person 0.0023 279 168 311 326
person 0.0022 272 126 318 351
person 0.0019 282 96 309 153
person 0.0019 264 77 303 121
person 0.0017 125 1 244 118
person 0.0017 280 80 311 123
person 0.0015 -22 258 285 477
person 0.0014 96 210 133 258
person 0.0014 104 196 146 247
person 0.0014 176 55 278 314
person 0.0011 97 200 158 277
person 0.0010 183 63 224 109
pottedplant 0.0031 62 144 94 184
sofa 0.0015 -18 306 280 490
