chair 0.0094 1 221 112 372
chair 0.0058 17 298 92 375
chair 0.0050 6 154 177 374
chair 0.0043 444 244 500 362
chair 0.0031 464 48 500 147
chair 0.0031 -1 235 48 369
chair 0.0027 127 348 214 374
chair 0.0024 23 337 85 373
chair 0.0022 109 210 231 380
chair 0.0015 486 36 500 124
chair 0.0015 136 291 202 374
chair 0.0014 144 245 198 362
chair 0.0011 467 72 499 123
diningtable 0.0047 106 337 326 372
diningtable 0.0030 72 277 502 375
diningtable 0.0018 164 344 268 374
diningtable 0.0014 53 328 378 382
diningtable 0.0013 207 340 278 372
person 0.9599 19 54 176 384
person 0.5979 261 52 478 278
person 0.2836 161 43 285 273
person 0.2655 126 161 216 368
person 0.2200 84 52 243 381
person 0.1517 157 91 329 341
person 0.0917 156 165 272 372
person 0.0317 41 30 205 244
person 0.0299 177 61 490 364
person 0.0225 193 165 256 267
person 0.0185 393 293 490 372
person 0.0092 -2 14 124 307
person 0.0072 -1 52 56 382
person 0.0062 445 282 500 380
person 0.0041 191 194 245 343
person 0.0032 69 3 209 139
person 0.0030 385 62 497 254
person 0.0028 370 232 510 374
person 0.0026 205 186 271 292
person 0.0021 -3 108 36 263
person 0.0018 146 230 350 371
person 0.0017 440 52 498 262
person 0.0016 206 253 288 352
person 0.0013 145 32 421 236
person 0.0013 381 136 501 356
person 0.0011 182 89 261 220
person 0.0010 173 38 243 107
person 0.0010 -4 31 38 169
pottedplant 0.0418 205 195 462 356
pottedplant 0.0175 120 -2 209 80
pottedplant 0.0043 132 23 211 109
pottedplant 0.0025 0 11 110 187
pottedplant 0.0018 293 222 513 375
sofa 0.0258 90 52 484 318
tvmonitor 0.0010 486 27 500 104
