bottle 0.0092 148 75 173 106
bottle 0.0027 140 59 183 111
bottle 0.0013 155 72 166 110
bottle 0.0011 146 69 177 95
bottle 0.0011 0 131 8 147
bottle 0.0011 0 104 7 154
bus 0.0012 218 6 240 75
car 0.0401 222 75 239 153
car 0.0237 223 88 240 120
car 0.0180 222 40 240 71
car 0.0098 224 79 239 109
car 0.0076 224 121 239 156
car 0.0063 218 30 240 90
car 0.0049 220 98 239 135
car 0.0043 173 79 209 107
car 0.0034 228 89 240 143
car 0.0027 227 85 239 102
car 0.0019 219 109 239 150
car 0.0017 229 115 240 162
car 0.0017 229 35 239 76
car 0.0015 226 93 239 111
car 0.0014 173 110 215 160
car 0.0014 174 50 209 73
car 0.0013 178 123 209 151
chair 0.0218 20 191 77 238
chair 0.0143 143 187 243 320
chair 0.0072 28 199 67 230
chair 0.0035 16 142 258 316
chair 0.0032 23 206 61 242
chair 0.0023 4 168 91 302
chair 0.0010 214 212 239 309
chair 0.0010 44 196 78 231
chair 0.0010 35 200 85 254
diningtable 0.0013 195 168 236 243
motorbike 0.0036 141 154 244 314
person 0.7569 0 45 202 325
person 0.3081 77 54 192 271
person 0.1422 11 63 156 255
person 0.0605 8 195 159 318
person 0.0087 218 141 239 230
person 0.0079 34 69 66 99
person 0.0074 16 68 114 204
person 0.0067 23 33 182 198
person 0.0060 212 78 240 292
person 0.0056 39 24 77 49
person 0.0052 219 109 238 207
person 0.0039 145 104 241 317
person 0.0039 14 122 116 294
person 0.0025 179 149 240 318
person 0.0020 114 62 229 260
person 0.0020 5 27 19 42
person 0.0019 0 235 237 320
person 0.0018 88 49 121 122
person 0.0016 0 31 10 48
person 0.0015 183 59 244 266
person 0.0013 193 150 239 223
person 0.0012 1 26 11 42
person 0.0012 44 74 57 90
sofa 0.0020 -3 140 240 318
tvmonitor 0.6892 26 64 73 110
tvmonitor 0.5936 0 21 27 49
tvmonitor 0.1436 171 90 205 113
tvmonitor 0.1071 170 82 212 129
tvmonitor 0.0830 33 67 64 102
tvmonitor 0.0787 0 15 24 100
tvmonitor 0.0633 9 51 89 128
tvmonitor 0.0609 0 46 20 131
tvmonitor 0.0394 35 23 69 49
tvmonitor 0.0225 163 89 193 117
tvmonitor 0.0169 5 56 52 116
tvmonitor 0.0099 1 65 18 109
tvmonitor 0.0081 43 69 74 101
tvmonitor 0.0078 165 70 217 116
tvmonitor 0.0062 2 34 21 75
tvmonitor 0.0039 147 -2 235 79
tvmonitor 0.0037 147 66 200 117
tvmonitor 0.0036 -1 16 44 55
tvmonitor 0.0035 164 9 217 68
tvmonitor 0.0026 -2 30 27 146
tvmonitor 0.0025 -1 72 12 108
tvmonitor 0.0024 23 73 76 133
tvmonitor 0.0021 21 67 47 100
tvmonitor 0.0021 0 27 16 50
tvmonitor 0.0021 149 71 234 153
tvmonitor 0.0017 0 64 7 118
tvmonitor 0.0016 163 101 195 124
tvmonitor 0.0013 16 59 109 165
tvmonitor 0.0012 20 38 78 96
tvmonitor 0.0012 147 88 174 115
tvmonitor 0.0011 0 7 23 34
