bottle 0.0044 203 300 274 370
bottle 0.0014 0 181 10 295
bottle 0.0014 216 308 262 359
chair 0.0409 454 81 500 171
chair 0.0083 457 101 499 147
chair 0.0081 443 69 506 307
chair 0.0043 406 82 486 164
chair 0.0041 363 66 431 145
chair 0.0032 310 215 493 378
chair 0.0023 380 27 503 172
chair 0.0022 -1 47 37 209
chair 0.0019 459 131 495 184
chair 0.0019 459 81 499 131
chair 0.0017 382 168 500 375
chair 0.0017 381 18 506 303
chair 0.0013 443 18 508 180
chair 0.0011 -2 13 42 128
chair 0.0010 2 225 111 371
person 0.6163 107 35 375 393
person 0.2015 15 -7 330 326
person 0.0466 161 0 485 322
person 0.0189 15 0 193 268
person 0.0151 150 23 336 250
person 0.0051 390 61 502 375
person 0.0045 6 105 262 381
person 0.0039 440 81 505 350
person 0.0034 342 63 402 147
person 0.0031 -8 40 134 391
person 0.0026 243 12 410 185
person 0.0025 297 41 505 396
person 0.0012 35 -2 300 93
person 0.0012 175 135 252 236
person 0.0011 292 -7 433 156
tvmonitor 0.0176 454 118 496 255
tvmonitor 0.0017 459 158 493 211
