bicycle 0.2733 447 247 491 293
bicycle 0.1213 437 265 504 289
bicycle 0.0202 464 262 502 293
bicycle 0.0033 480 256 499 300
bicycle 0.0026 445 250 499 340
person 0.7000 101 226 141 314
person 0.6985 258 241 295 346
person 0.0813 320 245 339 294
person 0.0587 440 248 494 287
person 0.0583 212 243 229 290
person 0.0547 190 243 209 290
person 0.0474 109 235 129 303
person 0.0464 173 241 191 288
person 0.0452 364 258 410 308
person 0.0448 245 234 278 312
person 0.0250 243 241 265 296
person 0.0191 433 239 481 297
person 0.0185 100 233 119 303
person 0.0178 482 228 499 281
person 0.0158 345 248 368 288
person 0.0099 444 240 469 290
person 0.0091 185 234 221 300
person 0.0088 450 216 492 293
person 0.0079 293 241 309 262
person 0.0074 363 261 386 304
person 0.0069 314 236 351 310
person 0.0057 337 256 373 298
person 0.0056 130 242 149 287
person 0.0055 166 231 203 305
person 0.0037 446 241 466 263
person 0.0030 455 242 481 292
person 0.0030 406 242 420 264
person 0.0030 313 238 326 262
person 0.0021 316 242 332 290
person 0.0020 269 243 287 294
person 0.0019 389 243 406 264
person 0.0015 131 240 149 260
person 0.0013 355 270 400 310
person 0.0013 0 224 14 276
person 0.0012 267 255 290 336
person 0.0012 481 239 500 267
person 0.0011 159 242 177 285
person 0.0011 350 248 396 289
person 0.0010 440 -1 499 82
pottedplant 0.0177 369 25 502 287
