bicycle 0.0511 415 170 490 268
bicycle 0.0080 414 142 487 223
bicycle 0.0040 433 144 505 291
bicycle 0.0011 424 159 472 203
chair 0.0028 0 325 103 376
chair 0.0018 0 337 55 373
chair 0.0015 16 339 87 375
motorbike 0.0437 401 146 499 288
motorbike 0.0264 383 146 433 181
motorbike 0.0090 437 186 501 297
motorbike 0.0015 396 131 483 196
motorbike 0.0010 384 153 403 176
person 0.9543 191 69 280 367
person 0.9033 54 110 187 380
person 0.0551 383 128 397 146
person 0.0269 386 131 430 175
person 0.0262 440 161 498 273
person 0.0188 445 137 499 233
person 0.0063 3 292 94 378
person 0.0059 399 129 419 147
person 0.0038 97 74 243 369
person 0.0033 382 127 406 177
person 0.0026 483 118 500 211
person 0.0025 1 158 18 197
person 0.0023 482 146 499 243
person 0.0017 178 67 380 373
person 0.0014 397 137 421 160
person 0.0014 455 159 495 210
person 0.0014 9 127 125 365
person 0.0013 371 130 389 142
person 0.0013 487 94 500 178
person 0.0011 407 145 456 189
person 0.0011 453 189 493 240
person 0.0010 6 160 38 199
