bus 0.0013 378 73 505 241
car 0.0380 164 182 211 202
car 0.0017 125 180 168 203
motorbike 0.0437 397 193 433 243
motorbike 0.0064 394 217 430 255
motorbike 0.0021 390 205 443 270
person 0.7106 -1 125 46 373
person 0.5069 414 216 481 320
person 0.2415 399 171 465 251
person 0.2151 37 156 78 266
person 0.1221 216 174 250 211
person 0.1195 299 166 321 212
person 0.0737 481 162 499 227
person 0.0671 465 161 492 219
person 0.0564 485 152 500 211
person 0.0532 463 156 495 264
person 0.0404 419 162 459 214
person 0.0386 -3 37 33 162
person 0.0334 459 188 496 311
person 0.0253 455 159 477 204
person 0.0223 411 185 455 236
person 0.0182 288 164 317 209
person 0.0114 487 218 499 317
person 0.0113 -5 120 47 196
person 0.0100 1 135 42 177
person 0.0094 12 140 86 353
person 0.0085 2 133 46 249
person 0.0084 469 179 497 237
person 0.0083 484 173 500 267
person 0.0078 391 159 488 271
person 0.0075 434 155 475 202
person 0.0068 78 183 95 199
person 0.0061 0 -5 9 107
person 0.0056 294 160 333 213
person 0.0054 -5 -5 46 203
person 0.0049 196 176 234 206
person 0.0048 0 104 37 153
person 0.0045 421 163 444 198
person 0.0044 489 139 500 199
person 0.0040 217 173 237 195
person 0.0039 1 74 31 130
person 0.0038 0 91 18 150
person 0.0035 216 181 238 204
person 0.0035 487 258 498 331
person 0.0031 222 168 245 204
person 0.0031 418 221 465 267
person 0.0030 0 137 15 191
person 0.0027 423 149 469 183
person 0.0023 437 152 456 175
person 0.0022 445 164 469 219
person 0.0022 391 187 440 233
person 0.0020 400 166 432 216
person 0.0018 -12 81 59 310
person 0.0018 485 164 499 194
person 0.0018 0 -11 29 103
person 0.0017 455 158 477 180
person 0.0017 1 112 19 165
person 0.0015 99 183 119 200
person 0.0015 -1 107 9 396
person 0.0014 428 215 476 253
person 0.0013 481 179 498 207
person 0.0012 457 143 489 188
person 0.0012 487 155 499 181
person 0.0011 434 195 506 338
person 0.0011 464 216 496 274
person 0.0011 1 127 22 150
person 0.0010 0 141 11 278
person 0.0010 424 239 467 299
person 0.0010 0 28 17 162
person 0.0010 423 157 446 179
pottedplant 0.0027 485 47 500 109
pottedplant 0.0018 471 54 501 101
