bicycle 0.0015 -9 375 144 496
bicycle 0.0010 -21 437 216 507
bottle 0.0119 197 388 230 438
bottle 0.0046 187 372 237 443
bottle 0.0045 195 406 228 452
bottle 0.0024 207 390 224 445
bottle 0.0024 169 393 199 437
bottle 0.0016 177 390 189 438
bottle 0.0011 183 395 238 471
car 0.0012 254 6 288 44
chair 0.0026 0 321 35 487
chair 0.0022 276 -2 308 42
person 0.9683 164 67 260 434
person 0.8801 82 151 181 488
person 0.7798 3 257 93 482
person 0.0676 163 30 256 263
person 0.0312 17 179 49 226
person 0.0157 335 246 361 308
person 0.0123 70 223 87 293
person 0.0107 59 222 73 292
person 0.0075 335 223 360 289
person 0.0072 -2 242 50 491
person 0.0054 0 215 12 301
person 0.0053 -2 196 34 298
person 0.0046 114 164 262 476
person 0.0031 133 18 246 341
person 0.0031 20 227 181 502
person 0.0025 -1 250 38 406
person 0.0021 78 226 92 288
person 0.0021 53 208 75 277
person 0.0020 5 262 75 400
person 0.0018 55 208 94 292
person 0.0018 0 171 12 236
person 0.0016 3 206 31 272
person 0.0016 69 111 128 225
person 0.0014 0 184 17 212
person 0.0012 334 188 360 241
person 0.0012 0 243 8 389
person 0.0011 39 212 64 266
person 0.0011 349 240 362 312
person 0.0011 2 188 35 243
person 0.0010 11 181 62 256
person 0.0010 339 174 365 230
person 0.0010 66 210 84 239
tvmonitor 0.0903 334 84 359 116
tvmonitor 0.0131 329 61 363 138
tvmonitor 0.0099 335 75 365 109
tvmonitor 0.0090 335 75 352 102
tvmonitor 0.0033 335 73 354 131
tvmonitor 0.0026 345 84 362 118
tvmonitor 0.0025 346 73 362 102
tvmonitor 0.0012 -1 52 24 209
tvmonitor 0.0010 348 71 362 132
