bottle 0.0015 347 215 394 339
chair 0.0555 321 167 488 375
chair 0.0158 174 300 250 374
chair 0.0065 184 307 313 374
chair 0.0030 22 280 323 375
chair 0.0027 122 293 373 373
chair 0.0022 185 309 235 359
chair 0.0019 13 227 187 366
chair 0.0016 128 329 297 373
chair 0.0015 352 228 452 321
chair 0.0014 -1 228 31 378
chair 0.0014 453 28 499 178
chair 0.0012 -8 2 136 194
dog 0.0028 173 328 333 372
person 0.8046 184 58 294 366
person 0.7946 20 135 242 369
person 0.7642 322 119 478 362
person 0.0441 304 115 447 275
person 0.0341 425 158 465 203
person 0.0333 418 151 473 223
person 0.0240 380 129 497 302
person 0.0210 171 3 333 144
person 0.0183 21 0 166 145
person 0.0142 26 118 159 326
person 0.0135 460 158 499 278
person 0.0105 69 33 290 347
person 0.0095 414 158 483 267
person 0.0058 135 2 287 99
person 0.0058 210 55 352 324
person 0.0049 225 118 433 374
person 0.0048 439 157 461 198
person 0.0045 29 -3 234 104
person 0.0041 411 129 472 203
person 0.0038 149 12 297 262
person 0.0038 356 117 453 202
person 0.0033 419 141 460 191
person 0.0028 484 160 500 258
person 0.0027 184 80 255 170
person 0.0026 181 65 239 141
person 0.0025 481 191 500 281
person 0.0023 99 3 256 132
person 0.0019 134 -1 227 85
person 0.0019 447 116 502 319
person 0.0017 188 78 224 130
person 0.0016 414 169 456 211
person 0.0015 184 -1 306 45
person 0.0014 210 0 279 33
person 0.0013 485 136 499 222
person 0.0012 179 7 378 257
person 0.0012 123 220 372 376
person 0.0012 -6 1 127 316
person 0.0012 228 -4 407 154
person 0.0011 452 159 488 198
person 0.0010 10 156 132 376
person 0.0010 195 1 301 80
person 0.0010 459 225 501 322
pottedplant 0.0338 296 178 336 238
pottedplant 0.0237 288 156 346 231
pottedplant 0.0107 16 8 172 187
pottedplant 0.0050 54 63 142 140
pottedplant 0.0025 265 141 323 239
pottedplant 0.0024 281 181 319 238
pottedplant 0.0020 75 80 126 127
pottedplant 0.0013 275 166 319 216
pottedplant 0.0012 255 101 401 276
pottedplant 0.0012 303 180 335 204
