chair 0.0050 0 30 80 274
chair 0.0023 27 144 88 237
chair 0.0020 208 -5 333 112
person 0.7916 205 198 274 364
person 0.7396 259 201 329 385
person 0.0131 1 0 79 248
person 0.0062 226 193 319 352
person 0.0061 256 261 296 377
person 0.0060 178 228 221 304
person 0.0057 184 235 212 288
person 0.0048 245 -12 339 118
person 0.0045 -1 -1 40 248
person 0.0039 304 203 338 319
person 0.0034 0 2 38 112
person 0.0032 0 33 29 209
person 0.0019 -4 29 286 347
person 0.0016 299 -16 337 324
person 0.0016 291 208 336 439
person 0.0016 251 1 336 309
person 0.0016 194 231 294 400
person 0.0014 325 188 336 313
person 0.0013 93 170 303 355
person 0.0011 269 195 323 273
person 0.0010 177 241 203 299
