aeroplane 0.0066 1 307 29 347
aeroplane 0.0027 14 316 58 348
boat 0.0094 60 63 277 358
car 0.1119 0 334 15 347
car 0.0093 9 338 26 347
car 0.0072 64 336 81 350
car 0.0060 73 342 86 354
car 0.0059 36 339 54 347
car 0.0057 67 342 82 353
car 0.0050 23 339 39 347
car 0.0035 47 338 64 347
car 0.0025 -2 320 19 350
car 0.0024 72 333 88 352
car 0.0010 48 321 83 352
chair 0.0317 164 322 218 388
chair 0.0028 155 300 224 375
chair 0.0017 169 313 211 361
person 0.5666 79 290 190 435
person 0.3620 164 180 271 326
person 0.1479 183 187 252 262
person 0.0194 93 107 292 330
person 0.0098 195 187 239 242
person 0.0020 158 174 235 266
person 0.0011 199 194 269 295
person 0.0010 97 286 182 379
person 0.0010 86 357 185 445
