bottle 0.0031 299 321 344 361
chair 0.0018 342 43 369 55
chair 0.0013 97 209 287 357
chair 0.0012 54 221 121 312
chair 0.0010 365 39 435 94
person 0.9688 125 50 235 367
person 0.0085 101 106 325 363
person 0.0060 129 -1 165 47
person 0.0059 275 320 368 363
person 0.0032 74 28 439 391
person 0.0021 61 36 198 332
person 0.0020 5 216 41 318
person 0.0018 62 2 112 34
person 0.0013 403 4 452 357
person 0.0012 95 40 225 231
pottedplant 0.0058 131 12 163 58
pottedplant 0.0012 22 220 69 315
tvmonitor 0.0034 271 32 294 44
tvmonitor 0.0031 182 29 210 46
tvmonitor 0.0015 256 35 306 66
tvmonitor 0.0012 179 30 216 64
