car 0.0278 438 22 509 291
car 0.0102 187 25 258 50
car 0.0053 70 26 427 181
car 0.0029 388 46 507 321
car 0.0028 290 22 508 297
car 0.0025 373 175 506 371
car 0.0023 0 1 342 146
car 0.0022 176 18 270 60
car 0.0010 141 2 504 153
chair 0.0069 370 221 506 370
chair 0.0023 296 47 504 325
chair 0.0021 358 144 446 224
chair 0.0019 77 275 347 373
chair 0.0019 275 213 456 375
person 0.9508 9 108 188 373
person 0.7123 103 108 328 370
person 0.6078 229 118 434 368
person 0.1546 87 29 349 291
person 0.0204 66 35 512 350
person 0.0069 1 40 193 283
person 0.0037 0 101 54 385
person 0.0012 206 82 278 179
