boat 0.0281 268 58 378 254
boat 0.0025 251 68 408 359
boat 0.0013 -5 131 37 243
car 0.0010 249 213 270 224
horse 0.0016 309 137 494 355
person 0.9192 267 78 319 190
person 0.3839 337 94 371 180
person 0.3536 380 86 412 185
person 0.0465 385 94 405 152
person 0.0420 251 75 339 232
person 0.0222 308 87 361 179
person 0.0189 343 99 364 149
person 0.0097 273 93 311 162
person 0.0066 395 123 413 183
person 0.0060 272 79 305 134
person 0.0038 318 101 357 158
person 0.0028 347 121 367 184
person 0.0023 271 121 314 184
person 0.0022 335 140 381 188
person 0.0021 305 59 405 254
person 0.0019 275 63 464 370
person 0.0015 262 60 384 210
person 0.0014 284 92 305 148
