bottle 0.0013 169 270 188 291
bus 0.0062 -2 74 33 188
bus 0.0030 5 49 116 215
bus 0.0017 0 109 30 158
bus 0.0015 16 80 94 184
bus 0.0012 0 99 14 180
car 0.5348 201 149 276 180
car 0.0794 29 71 176 241
car 0.0153 261 155 283 170
car 0.0141 191 147 223 179
car 0.0138 285 158 309 176
car 0.0076 191 153 212 174
car 0.0060 253 136 301 170
car 0.0059 253 155 278 175
car 0.0054 280 149 311 183
car 0.0045 0 137 29 174
car 0.0044 -1 140 21 165
car 0.0043 258 150 295 176
car 0.0036 220 155 260 174
car 0.0036 0 132 16 172
car 0.0034 204 155 236 174
car 0.0026 233 141 290 171
car 0.0025 227 148 253 184
car 0.0025 48 147 156 230
car 0.0024 208 147 231 184
car 0.0024 191 140 251 174
car 0.0023 355 -12 522 109
car 0.0022 190 145 214 164
car 0.0021 262 148 289 165
car 0.0018 288 157 306 199
car 0.0015 0 152 20 170
car 0.0015 244 149 276 163
car 0.0013 274 131 316 173
car 0.0013 456 74 499 190
car 0.0010 108 142 131 161
chair 0.0075 461 101 498 216
chair 0.0017 462 133 497 184
chair 0.0015 484 111 499 221
chair 0.0015 234 154 488 371
person 0.9286 235 48 487 388
person 0.1150 300 80 335 112
person 0.0909 382 117 494 373
person 0.0120 305 83 325 110
person 0.0075 294 73 350 125
person 0.0036 436 159 498 374
person 0.0029 488 138 500 275
person 0.0026 172 104 425 372
person 0.0026 372 29 500 295
person 0.0021 462 123 498 251
person 0.0013 444 53 498 324
person 0.0010 275 81 324 118
tvmonitor 0.0209 12 45 188 228
