car 0.0125 0 288 49 376
car 0.0099 1 337 43 374
car 0.0025 0 176 105 366
car 0.0023 2 309 42 361
car 0.0022 1 211 55 383
car 0.0022 6 131 187 354
car 0.0020 5 351 55 376
car 0.0018 0 326 27 375
car 0.0011 16 347 89 375
chair 0.0189 444 296 502 376
chair 0.0038 394 299 499 374
chair 0.0035 456 232 501 374
chair 0.0016 382 222 501 372
diningtable 0.0084 29 227 395 376
person 0.3690 184 38 371 282
person 0.0898 158 40 478 327
person 0.0048 1 174 54 374
person 0.0028 25 83 318 345
person 0.0013 0 327 20 374
tvmonitor 0.0044 297 95 506 331
tvmonitor 0.0013 6 109 264 328
tvmonitor 0.0012 0 123 123 363
