boat 0.0016 -12 11 287 188
bottle 0.0016 91 315 123 337
bottle 0.0010 80 317 102 336
bus 0.0016 446 113 498 191
chair 0.0949 386 285 478 374
chair 0.0342 449 283 500 376
chair 0.0299 371 233 500 375
chair 0.0247 332 324 400 377
chair 0.0130 193 325 298 377
chair 0.0102 266 326 387 378
chair 0.0100 444 206 501 341
chair 0.0091 251 217 380 373
chair 0.0079 179 333 239 373
chair 0.0056 459 301 495 359
chair 0.0050 279 297 368 375
chair 0.0041 337 326 478 377
chair 0.0036 402 339 471 373
chair 0.0036 250 336 323 375
chair 0.0033 237 298 337 375
chair 0.0028 408 303 461 355
chair 0.0021 453 281 499 330
chair 0.0020 344 313 384 367
chair 0.0020 363 338 448 375
chair 0.0017 121 325 223 376
chair 0.0016 16 338 81 376
chair 0.0016 286 227 439 375
chair 0.0015 459 336 502 374
chair 0.0014 144 259 200 294
chair 0.0012 321 348 395 377
chair 0.0010 367 353 494 376
chair 0.0010 429 269 515 383
person 0.9628 260 116 378 373
person 0.1814 69 129 104 169
person 0.0414 90 294 186 370
person 0.0373 5 285 56 378
person 0.0336 10 251 121 368
person 0.0272 59 123 113 181
person 0.0209 349 238 474 374
person 0.0158 122 262 206 348
person 0.0084 233 218 360 374
person 0.0055 0 125 46 253
person 0.0051 73 122 98 160
person 0.0040 67 144 109 178
person 0.0036 106 333 166 372
person 0.0034 110 311 167 356
person 0.0030 47 290 149 372
person 0.0028 289 114 365 208
person 0.0028 -4 28 52 290
person 0.0023 147 186 166 227
person 0.0019 49 133 89 173
person 0.0019 31 117 101 194
person 0.0018 -2 125 55 361
person 0.0016 109 278 168 321
person 0.0016 10 207 168 354
person 0.0016 0 172 46 311
person 0.0015 287 186 360 297
person 0.0014 139 276 196 322
person 0.0014 0 308 10 369
person 0.0014 28 81 149 295
person 0.0014 0 88 9 214
person 0.0013 -1 36 117 282
person 0.0013 5 328 94 375
person 0.0012 456 177 495 211
person 0.0011 87 318 127 359
person 0.0011 8 304 49 361
person 0.0011 2 334 55 373
person 0.0011 233 69 418 268
person 0.0010 109 231 301 380
person 0.0010 155 168 190 216
person 0.0010 125 112 375 379
sofa 0.2735 -3 267 203 376
sofa 0.0198 61 279 262 375
sofa 0.0118 84 263 191 347
train 0.0015 -4 5 421 318
