bottle 0.0085 128 298 239 327
bottle 0.0041 339 301 398 329
bottle 0.0027 104 296 306 329
bottle 0.0027 157 272 262 325
bottle 0.0021 113 312 249 332
bottle 0.0019 169 298 273 328
bottle 0.0019 154 284 250 312
bottle 0.0017 314 293 418 331
chair 0.0014 4 145 188 328
person 0.8303 61 7 516 323
person 0.3908 243 -10 482 291
person 0.1115 0 65 337 321
person 0.0153 33 145 468 329
person 0.0037 2 50 127 332
person 0.0027 23 254 473 330
person 0.0025 150 198 497 328
person 0.0013 -1 1 54 279
tvmonitor 0.1654 0 62 264 326
