bicycle 0.1688 242 153 500 333
bicycle 0.0015 310 241 504 335
diningtable 0.0012 -5 254 279 332
person 0.9953 322 47 465 278
person 0.0207 229 35 442 297
person 0.0054 72 188 132 259
person 0.0052 390 260 496 332
person 0.0037 441 258 497 333
person 0.0035 364 83 497 294
person 0.0030 57 247 364 331
person 0.0023 326 48 391 139
person 0.0021 34 17 464 312
person 0.0019 24 -1 90 24
person 0.0015 81 201 122 243
person 0.0014 177 295 324 333
person 0.0013 336 41 461 156
person 0.0010 210 306 292 333
