car 0.6218 0 156 32 189
car 0.0025 1 144 23 186
car 0.0023 0 156 26 172
car 0.0019 3 166 34 197
chair 0.0209 139 93 425 295
chair 0.0016 175 53 375 237
chair 0.0014 466 89 501 196
motorbike 0.0116 107 123 380 306
person 0.9478 118 87 301 294
person 0.1760 164 70 308 219
person 0.0089 15 156 32 188
person 0.0077 99 143 115 181
person 0.0062 243 -2 340 67
person 0.0044 75 140 92 179
person 0.0041 101 159 115 180
person 0.0031 462 34 500 149
person 0.0025 66 159 79 178
person 0.0020 83 56 280 229
person 0.0015 65 144 81 179
person 0.0013 485 59 500 132
person 0.0013 213 74 293 154
person 0.0012 19 155 35 171
person 0.0011 171 146 253 232
pottedplant 0.0023 120 176 161 205
