bicycle 0.0014 404 296 462 327
bicycle 0.0011 410 276 484 335
chair 0.0179 245 109 473 329
chair 0.0029 318 163 480 332
chair 0.0024 381 98 498 334
chair 0.0023 449 10 505 315
chair 0.0022 3 71 132 258
chair 0.0011 9 108 178 331
person 0.7988 104 45 248 325
person 0.0190 24 61 165 267
person 0.0144 161 51 312 336
person 0.0059 49 125 129 202
person 0.0031 449 37 503 340
person 0.0028 76 116 123 153
person 0.0025 46 139 238 349
person 0.0020 113 35 243 188
person 0.0013 178 127 245 245
pottedplant 0.0016 416 226 470 326
sofa 0.0188 27 97 255 338
sofa 0.0036 -6 0 266 88
sofa 0.0034 122 95 451 343
tvmonitor 0.0285 235 -4 474 87
tvmonitor 0.0020 256 8 411 68
tvmonitor 0.0010 7 -5 328 98
