bottle 0.0010 213 348 257 392
chair 0.0050 -2 130 38 216
chair 0.0038 211 383 377 496
chair 0.0020 -3 88 78 409
chair 0.0017 -2 135 39 288
person 0.9553 9 105 244 479
person 0.0520 57 215 364 494
person 0.0036 30 26 332 412
person 0.0013 -2 -6 30 129
person 0.0013 178 384 370 495
person 0.0010 0 -5 10 102
pottedplant 0.0140 46 2 99 32
pottedplant 0.0051 51 0 72 18
pottedplant 0.0039 59 1 138 27
pottedplant 0.0030 66 0 94 15
pottedplant 0.0011 37 1 87 44
pottedplant 0.0010 88 0 169 25
tvmonitor 0.0088 296 177 369 393
tvmonitor 0.0073 332 123 370 234
tvmonitor 0.0045 336 161 370 341
tvmonitor 0.0029 273 269 327 361
tvmonitor 0.0019 337 233 371 401
tvmonitor 0.0017 -1 141 35 195
tvmonitor 0.0016 337 147 369 203
