car 0.0109 402 163 434 191
car 0.0047 335 148 379 185
car 0.0036 388 161 424 196
car 0.0028 412 165 457 195
car 0.0025 380 169 406 189
car 0.0019 356 153 394 186
car 0.0014 363 160 391 179
car 0.0013 389 150 432 185
person 0.9641 105 63 194 298
person 0.2972 220 110 277 220
person 0.1270 178 103 226 213
person 0.1036 322 150 340 202
person 0.0699 344 156 362 197
person 0.0442 260 142 280 196
person 0.0324 196 100 298 267
person 0.0297 159 90 250 285
person 0.0141 290 138 312 198
person 0.0091 278 137 316 215
person 0.0069 183 106 222 157
person 0.0061 222 109 263 159
person 0.0052 436 168 456 193
person 0.0049 311 151 328 203
person 0.0046 305 141 342 192
person 0.0045 419 161 437 195
person 0.0023 407 162 427 194
person 0.0019 189 151 222 206
person 0.0019 229 138 251 193
person 0.0018 230 146 267 212
person 0.0014 183 120 221 190
person 0.0013 230 125 272 194
person 0.0012 148 97 207 219
person 0.0012 263 142 280 164
person 0.0010 368 160 386 194
pottedplant 0.0105 476 350 495 366
pottedplant 0.0019 468 342 502 371
pottedplant 0.0017 469 347 487 365
pottedplant 0.0013 480 338 496 373
