bottle 0.0015 274 249 308 291
chair 0.0225 99 91 476 304
chair 0.0088 470 146 500 255
chair 0.0087 258 154 328 241
chair 0.0027 179 369 251 400
chair 0.0026 480 155 501 231
chair 0.0018 409 159 482 235
chair 0.0017 -2 229 122 402
chair 0.0016 265 171 323 223
chair 0.0012 74 353 193 401
chair 0.0011 161 358 268 401
chair 0.0010 450 176 495 234
chair 0.0010 5 293 188 401
diningtable 0.0828 99 198 548 392
diningtable 0.0085 47 248 371 389
person 0.6230 63 85 287 322
person 0.0104 47 96 447 352
person 0.0015 50 187 364 392
person 0.0011 -3 83 210 384
sofa 0.0153 90 97 485 355
