bottle 0.0030 479 69 500 89
bottle 0.0010 481 57 499 101
car 0.0020 10 27 176 286
chair 0.0224 461 45 501 160
chair 0.0139 399 25 475 119
chair 0.0085 333 5 481 127
chair 0.0053 406 57 479 142
chair 0.0053 310 157 497 371
chair 0.0040 370 24 450 112
chair 0.0036 281 -7 453 101
chair 0.0025 385 25 499 167
chair 0.0024 466 90 500 223
chair 0.0022 2 227 38 379
chair 0.0021 467 101 497 158
chair 0.0021 464 75 500 129
chair 0.0020 464 51 499 96
chair 0.0018 484 96 500 178
chair 0.0017 466 192 501 357
chair 0.0017 143 117 210 198
chair 0.0015 135 91 215 168
chair 0.0014 -2 182 108 370
chair 0.0014 364 65 444 133
chair 0.0012 342 298 465 371
chair 0.0011 12 227 173 373
chair 0.0011 479 36 500 93
chair 0.0010 402 90 484 165
person 0.9560 162 66 332 361
person 0.6640 302 72 494 370
person 0.1100 20 153 73 231
person 0.0680 0 181 44 305
person 0.0486 201 67 454 320
person 0.0186 0 190 13 283
person 0.0159 -1 141 58 243
person 0.0133 -3 146 55 350
person 0.0064 81 45 277 327
person 0.0042 449 37 500 340
person 0.0040 292 94 328 147
person 0.0035 -1 23 111 291
person 0.0029 2 212 39 267
person 0.0028 328 70 410 136
person 0.0028 0 84 57 166
person 0.0027 30 178 68 237
person 0.0024 13 53 181 317
person 0.0023 7 203 57 242
person 0.0022 4 186 43 247
person 0.0020 137 222 366 364
person 0.0019 3 100 48 147
person 0.0019 293 86 348 163
person 0.0018 0 209 13 352
person 0.0017 179 30 334 244
person 0.0016 0 146 13 246
person 0.0014 340 81 394 124
person 0.0013 366 31 508 294
person 0.0010 4 80 43 131
person 0.0010 12 192 81 288
pottedplant 0.0018 337 302 393 376
pottedplant 0.0017 345 313 382 366
sofa 0.0010 173 162 475 369
tvmonitor 0.0135 416 0 470 33
tvmonitor 0.0075 459 5 492 38
tvmonitor 0.0060 327 -4 477 101
tvmonitor 0.0026 -3 32 64 285
tvmonitor 0.0024 479 -7 500 54
tvmonitor 0.0019 3 23 180 242
tvmonitor 0.0018 1 98 53 217
tvmonitor 0.0016 0 282 14 365
tvmonitor 0.0013 358 3 451 87
tvmonitor 0.0013 457 -9 503 48
tvmonitor 0.0011 364 0 447 29
tvmonitor 0.0010 343 -1 467 42
