chair 0.0037 327 204 402 294
horse 0.3563 231 186 289 288
horse 0.0176 211 174 305 309
horse 0.0047 242 203 279 268
horse 0.0017 229 208 257 263
person 0.4769 230 167 283 262
person 0.0511 234 167 270 221
person 0.0400 228 180 260 234
person 0.0185 246 194 301 292
person 0.0046 243 178 266 235
person 0.0043 361 123 384 150
person 0.0040 227 194 248 222
person 0.0031 258 208 293 267
person 0.0027 241 195 276 250
person 0.0023 364 116 386 131
person 0.0015 -3 65 112 254
person 0.0011 261 184 293 230
person 0.0010 267 218 289 280
person 0.0010 244 195 269 220
person 0.0010 228 196 249 248
pottedplant 0.2781 382 212 503 333
pottedplant 0.0741 146 277 352 376
pottedplant 0.0124 234 286 328 381
pottedplant 0.0066 439 134 498 227
pottedplant 0.0060 368 211 424 283
pottedplant 0.0056 377 220 412 262
pottedplant 0.0032 34 235 311 370
pottedplant 0.0031 412 119 494 208
pottedplant 0.0027 441 216 499 332
pottedplant 0.0022 390 96 509 229
pottedplant 0.0017 372 207 411 247
pottedplant 0.0016 -4 230 125 374
pottedplant 0.0011 7 116 82 193
pottedplant 0.0011 397 266 503 331
pottedplant 0.0010 20 116 73 151
pottedplant 0.0010 -10 142 122 345
