bus 0.0043 116 9 350 198
car 0.0353 8 314 36 331
car 0.0295 2 304 33 338
car 0.0137 0 314 18 332
car 0.0135 324 422 348 443
car 0.0100 292 418 345 462
car 0.0092 281 403 355 467
car 0.0071 21 315 37 329
car 0.0042 342 312 359 328
car 0.0036 296 315 327 327
car 0.0026 286 348 354 459
car 0.0023 0 154 30 200
car 0.0022 346 423 358 444
car 0.0021 17 307 52 340
car 0.0013 291 281 348 312
car 0.0012 316 317 335 329
car 0.0012 270 320 291 339
car 0.0011 322 420 356 458
car 0.0010 291 309 347 335
dog 0.0010 15 406 29 425
person 0.7710 125 293 177 453
person 0.6640 185 303 249 455
person 0.0214 167 299 205 421
person 0.0144 174 298 202 369
person 0.0050 260 313 275 345
person 0.0048 247 301 258 338
person 0.0021 318 420 338 441
person 0.0012 184 110 221 157
person 0.0011 136 285 221 459
person 0.0010 251 308 261 350
person 0.0010 256 309 280 348
tvmonitor 0.0078 262 50 361 215
tvmonitor 0.0051 163 13 357 194
tvmonitor 0.0029 283 72 353 182
tvmonitor 0.0012 -1 28 34 164
tvmonitor 0.0011 322 67 358 194
