bottle 0.0032 1 466 41 502
bottle 0.0027 0 444 10 503
bottle 0.0021 10 472 35 500
chair 0.2478 5 304 129 499
chair 0.0305 65 340 124 470
chair 0.0280 1 171 32 269
chair 0.0070 25 253 172 489
chair 0.0066 0 194 26 245
chair 0.0031 32 360 158 498
chair 0.0012 95 215 339 493
chair 0.0010 2 185 31 232
person 0.9816 121 45 312 460
person 0.8707 -2 243 80 486
person 0.2163 64 61 258 509
person 0.0090 4 206 135 465
person 0.0078 -6 32 333 333
person 0.0064 18 135 189 444
person 0.0043 7 263 73 379
person 0.0031 2 245 38 476
person 0.0023 365 261 374 410
person 0.0018 355 236 376 423
person 0.0013 0 217 41 354
person 0.0013 364 331 375 418
