bottle 0.0015 351 163 371 227
bottle 0.0014 338 157 396 267
car 0.8144 12 195 121 253
car 0.0138 0 195 11 252
car 0.0077 0 200 38 241
car 0.0052 45 201 135 265
car 0.0047 -2 187 48 256
car 0.0031 0 211 16 236
car 0.0018 0 200 15 221
car 0.0016 22 211 97 256
car 0.0016 109 216 142 267
car 0.0013 1 218 54 254
car 0.0013 102 205 151 279
car 0.0011 0 223 13 249
car 0.0011 -9 192 135 289
chair 0.0084 1 283 44 378
horse 0.4955 392 113 491 369
horse 0.2423 145 116 348 371
horse 0.0367 438 114 495 376
horse 0.0027 248 121 396 365
horse 0.0020 203 212 353 377
horse 0.0012 98 174 271 373
horse 0.0010 406 233 488 373
person 0.8141 169 57 273 318
person 0.5886 394 85 483 301
person 0.2308 221 70 355 313
person 0.0567 437 69 498 313
person 0.0552 405 106 460 215
person 0.0115 455 107 496 269
person 0.0075 174 125 253 240
person 0.0063 489 110 500 250
person 0.0052 292 101 350 214
person 0.0042 416 82 475 184
person 0.0040 383 127 448 248
person 0.0038 256 99 330 217
person 0.0027 183 68 254 193
person 0.0025 459 146 499 338
person 0.0022 175 65 303 213
person 0.0019 489 90 500 184
person 0.0018 215 131 281 237
person 0.0016 488 118 500 356
person 0.0011 414 129 448 185
person 0.0011 295 143 358 279
person 0.0011 289 95 439 339
person 0.0010 445 75 498 177
