bottle 0.0346 106 111 147 138
bottle 0.0274 87 107 128 139
bottle 0.0256 123 112 153 132
bottle 0.0201 102 56 140 101
bottle 0.0130 99 112 117 157
bottle 0.0119 117 107 137 142
bottle 0.0085 128 111 147 139
bottle 0.0042 95 97 150 169
bottle 0.0037 118 116 154 153
bottle 0.0026 107 75 138 122
bottle 0.0024 57 95 140 163
bottle 0.0023 153 134 176 149
bottle 0.0020 110 98 133 118
bottle 0.0018 94 121 121 148
bottle 0.0016 127 122 154 145
bottle 0.0016 105 129 148 168
bottle 0.0015 113 121 143 147
bottle 0.0015 88 96 131 126
bottle 0.0012 80 82 123 122
bottle 0.0011 115 271 136 293
bottle 0.0011 103 94 141 125
bottle 0.0011 97 59 144 141
bottle 0.0011 112 89 131 130
bottle 0.0010 110 64 139 90
chair 0.1799 -2 160 30 327
chair 0.0508 450 198 494 346
chair 0.0175 252 168 419 369
chair 0.0092 207 222 371 374
chair 0.0089 455 245 499 366
chair 0.0083 147 169 196 257
chair 0.0079 221 191 268 301
chair 0.0076 1 183 30 243
chair 0.0055 0 213 30 273
chair 0.0052 251 243 323 358
chair 0.0049 159 185 204 233
chair 0.0042 3 227 257 365
chair 0.0040 0 176 14 268
chair 0.0029 228 219 263 273
chair 0.0026 120 220 295 370
chair 0.0023 280 257 365 349
chair 0.0022 -4 168 126 366
chair 0.0020 175 199 252 292
chair 0.0020 138 198 208 286
chair 0.0018 149 220 196 262
chair 0.0018 2 239 40 367
chair 0.0017 457 245 493 302
chair 0.0014 7 271 184 375
chair 0.0011 253 188 321 299
chair 0.0011 0 256 11 335
chair 0.0010 213 241 275 358
chair 0.0010 190 167 251 259
chair 0.0010 145 184 186 233
diningtable 0.0048 128 196 287 354
person 0.8284 27 73 160 371
person 0.7538 269 127 459 357
person 0.1288 439 150 500 340
person 0.0802 440 152 499 232
person 0.0708 -1 129 30 251
person 0.0562 201 145 249 217
person 0.0243 89 76 254 362
person 0.0233 0 149 15 241
person 0.0224 382 151 435 225
person 0.0218 0 138 33 186
person 0.0177 152 134 189 185
person 0.0154 148 134 199 231
person 0.0144 237 134 359 356
person 0.0142 217 134 264 207
person 0.0124 229 143 263 193
person 0.0118 393 143 500 304
person 0.0097 390 149 430 188
person 0.0090 154 138 175 174
person 0.0086 406 149 484 224
person 0.0078 340 139 473 300
person 0.0076 375 166 430 255
person 0.0072 9 140 38 168
person 0.0067 2 135 23 175
person 0.0062 2 153 31 219
person 0.0057 179 105 320 339
person 0.0049 0 288 44 378
person 0.0046 450 159 494 211
person 0.0044 379 148 413 189
person 0.0039 216 110 380 269
person 0.0034 9 55 124 279
person 0.0032 409 154 429 186
person 0.0031 216 163 265 271
person 0.0030 408 149 441 190
person 0.0030 292 193 365 285
person 0.0029 415 156 435 198
person 0.0028 486 161 499 224
person 0.0025 97 111 161 201
person 0.0025 139 145 280 352
person 0.0024 288 141 362 229
person 0.0024 416 148 460 186
person 0.0021 331 200 405 279
person 0.0020 419 158 467 203
person 0.0019 136 85 354 288
person 0.0019 366 203 428 278
person 0.0016 208 152 233 210
person 0.0014 382 157 405 199
person 0.0013 51 45 287 278
person 0.0013 234 140 352 222
person 0.0012 25 92 100 167
person 0.0012 413 152 436 180
person 0.0010 428 119 510 269
person 0.0010 458 146 495 186
person 0.0010 488 164 500 281
