bicycle 0.0047 226 244 323 471
bicycle 0.0040 151 312 340 482
bicycle 0.0021 119 241 310 469
boat 0.0046 167 251 327 470
boat 0.0036 -22 -10 224 124
car 0.0011 0 90 13 115
chair 0.0069 235 234 371 488
person 0.9881 101 88 220 421
person 0.8821 214 29 352 408
person 0.0763 112 171 259 464
person 0.0305 109 68 312 513
person 0.0179 130 83 199 197
person 0.0152 109 87 217 268
person 0.0112 278 69 374 501
person 0.0051 -3 446 46 496
person 0.0049 239 164 359 477
person 0.0035 1 27 36 84
person 0.0031 -1 8 43 103
person 0.0027 -5 9 91 95
person 0.0019 141 80 182 124
person 0.0019 172 180 321 470
person 0.0017 336 69 375 503
person 0.0017 -1 401 42 497
person 0.0017 24 -4 120 62
person 0.0015 -6 443 86 500
person 0.0015 91 46 342 311
person 0.0011 44 -1 102 41
person 0.0011 9 457 68 499
person 0.0011 336 457 374 498
person 0.0010 148 110 214 223
person 0.0010 362 121 374 282
