car 0.0060 0 112 50 152
car 0.0059 -3 99 57 169
car 0.0025 14 100 86 174
car 0.0018 27 114 78 156
cat 0.0011 323 111 409 202
motorbike 0.0010 95 29 401 339
person 0.7890 238 26 416 282
person 0.6259 82 38 183 334
person 0.4190 97 17 238 192
person 0.0188 71 14 257 357
person 0.0172 192 84 406 341
person 0.0120 213 22 382 197
person 0.0112 128 22 289 233
person 0.0100 393 7 502 250
person 0.0100 139 16 268 144
person 0.0065 326 17 469 249
person 0.0060 172 37 242 158
person 0.0024 281 30 430 187
person 0.0023 41 31 169 231
person 0.0018 67 111 118 204
person 0.0016 100 125 166 242
person 0.0011 281 86 371 175
person 0.0011 320 92 406 173
person 0.0011 131 39 216 158
pottedplant 0.0025 0 26 43 122
pottedplant 0.0013 47 157 85 203
pottedplant 0.0011 3 51 38 99
pottedplant 0.0010 2 82 37 123
pottedplant 0.0010 15 145 83 215
