boat 0.1147 76 23 506 345
boat 0.0187 -9 -7 363 329
boat 0.0017 33 124 317 361
bottle 0.0021 247 312 270 337
bottle 0.0018 235 291 255 333
bottle 0.0014 244 293 263 329
bus 0.0196 166 28 486 348
chair 0.7587 89 305 184 379
chair 0.1508 110 329 233 374
chair 0.1016 108 336 176 375
chair 0.0681 134 340 211 377
chair 0.0472 102 314 172 361
chair 0.0200 51 302 152 373
chair 0.0142 6 338 50 375
chair 0.0127 316 243 501 364
chair 0.0122 254 236 321 320
chair 0.0099 355 246 450 315
chair 0.0083 66 341 139 374
chair 0.0074 139 316 198 359
chair 0.0071 318 348 414 374
chair 0.0066 239 263 328 333
chair 0.0065 286 338 450 375
chair 0.0059 21 340 83 374
chair 0.0049 358 263 461 340
chair 0.0046 274 344 360 374
chair 0.0038 74 314 130 359
chair 0.0036 223 309 346 373
chair 0.0030 195 339 293 374
chair 0.0028 336 353 451 376
chair 0.0028 86 352 171 376
chair 0.0021 341 241 408 318
chair 0.0021 163 235 405 363
chair 0.0020 451 341 501 375
chair 0.0020 56 322 293 384
chair 0.0019 -2 216 30 266
chair 0.0019 313 301 426 370
chair 0.0017 174 242 252 311
chair 0.0016 18 344 44 367
chair 0.0015 366 332 430 373
chair 0.0014 120 360 165 374
chair 0.0014 5 329 102 374
chair 0.0013 204 348 353 376
chair 0.0013 371 256 431 301
chair 0.0013 335 330 481 377
chair 0.0012 10 289 186 374
chair 0.0012 254 279 317 320
chair 0.0012 263 250 315 303
chair 0.0012 168 326 196 348
chair 0.0012 218 277 289 333
chair 0.0011 133 351 270 374
chair 0.0011 481 329 499 377
chair 0.0010 55 331 117 376
chair 0.0010 212 239 294 316
person 0.7847 388 282 485 378
person 0.2745 150 325 272 374
person 0.0876 91 302 330 377
person 0.0238 278 195 294 217
person 0.0186 223 331 357 374
person 0.0161 267 278 478 374
person 0.0133 189 307 309 370
person 0.0119 1 334 42 375
person 0.0060 175 320 246 359
person 0.0050 276 167 294 222
person 0.0040 158 291 412 377
person 0.0035 0 308 15 369
person 0.0031 219 312 277 351
person 0.0029 0 288 44 377
person 0.0020 0 223 14 310
person 0.0015 441 286 497 377
person 0.0014 270 167 304 210
person 0.0013 284 194 300 220
person 0.0011 357 315 514 385
pottedplant 0.4783 -1 229 108 366
pottedplant 0.0325 -1 228 44 373
pottedplant 0.0071 230 289 276 328
pottedplant 0.0063 13 290 99 372
pottedplant 0.0025 234 302 277 339
pottedplant 0.0012 -1 291 13 358
train 0.0010 -14 22 440 251
