car 0.0024 140 114 161 128
car 0.0019 21 120 89 200
car 0.0011 142 100 203 172
person 0.8795 257 109 338 260
person 0.7752 35 115 151 360
person 0.4867 1 103 38 225
person 0.1936 466 122 495 199
person 0.1806 193 114 239 218
person 0.1166 -1 119 14 215
person 0.1142 429 122 462 201
person 0.1009 160 142 203 220
person 0.0245 417 134 441 196
person 0.0223 383 121 415 203
person 0.0172 345 122 384 203
person 0.0128 157 112 174 163
person 0.0128 390 136 410 198
person 0.0116 445 125 467 184
person 0.0098 476 125 497 185
person 0.0093 220 119 275 211
person 0.0080 192 114 209 133
person 0.0065 397 134 416 195
person 0.0061 34 102 158 234
person 0.0057 367 134 388 198
person 0.0056 0 114 19 160
person 0.0056 190 115 209 160
person 0.0055 -2 92 52 339
person 0.0043 341 136 362 196
person 0.0042 1 131 24 200
person 0.0035 -2 149 34 271
person 0.0033 59 114 78 158
person 0.0029 301 117 356 207
person 0.0028 6 108 36 162
person 0.0025 154 112 170 133
person 0.0024 -1 146 11 269
person 0.0023 109 114 170 204
person 0.0021 425 156 454 202
person 0.0020 190 133 210 200
person 0.0019 457 122 475 184
person 0.0019 152 116 170 185
person 0.0019 5 147 33 216
person 0.0017 58 124 77 148
person 0.0015 11 109 125 275
person 0.0014 208 129 227 203
person 0.0014 156 126 193 191
person 0.0014 302 125 318 149
person 0.0014 473 154 500 203
person 0.0013 155 95 267 235
person 0.0011 18 151 43 211
person 0.0010 0 136 8 368
