bicycle 0.0694 323 261 467 352
bus 0.0011 0 140 43 239
car 0.0035 413 184 470 259
chair 0.0019 412 138 477 236
person 0.8734 132 178 223 359
person 0.8615 358 195 441 336
person 0.2044 27 201 70 270
person 0.1733 0 201 12 274
person 0.1531 11 191 45 279
person 0.1136 419 210 438 264
person 0.0575 63 205 96 267
person 0.0386 285 230 303 265
person 0.0279 33 208 58 266
person 0.0267 144 189 214 302
person 0.0257 59 210 77 264
person 0.0130 197 205 217 250
person 0.0130 282 226 315 267
person 0.0120 481 225 501 276
person 0.0116 454 236 477 275
person 0.0106 303 221 334 262
person 0.0103 459 206 499 279
person 0.0079 412 202 463 285
person 0.0078 440 210 459 267
person 0.0060 154 196 202 244
person 0.0060 482 193 500 255
person 0.0042 191 212 225 260
person 0.0036 177 202 227 277
person 0.0028 -1 194 21 256
person 0.0027 448 229 468 274
person 0.0026 0 185 13 240
person 0.0024 250 231 296 264
person 0.0022 422 193 461 249
person 0.0017 106 142 245 306
person 0.0017 263 231 284 265
person 0.0015 420 209 437 237
person 0.0014 467 191 498 247
person 0.0012 349 213 412 328
person 0.0011 60 161 229 347
person 0.0011 0 196 16 218
person 0.0010 456 209 482 271
pottedplant 0.0050 423 106 475 139
pottedplant 0.0045 417 88 485 164
pottedplant 0.0039 415 126 479 202
pottedplant 0.0018 421 142 469 185
tvmonitor 0.0079 370 88 419 123
tvmonitor 0.0016 361 77 430 131
tvmonitor 0.0010 423 90 478 125
