boat 0.0015 21 57 557 317
boat 0.0011 314 231 486 326
boat 0.0010 412 258 474 295
person 0.9397 31 122 134 308
person 0.3080 353 260 399 334
person 0.0254 225 264 246 304
person 0.0252 363 277 392 336
person 0.0215 245 210 275 265
person 0.0208 238 212 278 291
person 0.0176 479 261 497 297
person 0.0160 344 265 367 303
person 0.0157 324 265 343 305
person 0.0145 372 272 414 320
person 0.0143 3 204 124 335
person 0.0100 185 278 205 310
person 0.0079 177 275 213 312
person 0.0068 305 265 327 304
person 0.0064 365 262 429 300
person 0.0059 99 264 122 308
person 0.0043 308 256 346 303
person 0.0041 247 254 270 311
person 0.0033 250 210 271 249
person 0.0032 6 236 23 298
person 0.0030 322 258 353 310
person 0.0029 107 255 132 280
person 0.0029 39 105 198 291
person 0.0029 459 253 496 293
person 0.0027 160 279 201 313
person 0.0024 345 258 450 310
person 0.0022 108 264 128 305
person 0.0022 228 274 250 313
person 0.0021 99 259 121 283
person 0.0020 77 280 124 311
person 0.0018 184 275 206 296
person 0.0016 1 234 43 316
person 0.0016 21 262 39 307
person 0.0015 199 279 238 309
person 0.0015 336 273 370 311
person 0.0014 235 299 256 313
person 0.0012 266 258 285 310
person 0.0011 359 262 383 303
person 0.0011 332 242 466 356
person 0.0011 245 299 272 315
person 0.0011 457 258 475 279
person 0.0010 108 281 152 311
