bicycle 0.0041 106 263 232 459
bicycle 0.0040 136 258 298 462
bicycle 0.0010 71 307 266 480
person 0.9461 121 38 258 454
person 0.8591 21 26 147 399
person 0.4931 177 -9 312 435
person 0.4316 81 36 202 455
person 0.2932 267 11 329 416
person 0.1563 3 35 83 391
person 0.0511 62 121 163 436
person 0.0249 0 44 38 386
person 0.0174 205 0 326 288
person 0.0145 -1 111 28 312
person 0.0106 286 11 333 279
person 0.0101 120 60 150 106
person 0.0083 143 182 292 458
person 0.0082 291 127 333 434
person 0.0066 38 61 72 113
person 0.0061 289 24 333 110
person 0.0060 210 124 326 437
person 0.0058 106 182 232 458
person 0.0048 10 46 75 140
person 0.0038 115 7 311 286
person 0.0034 303 121 331 298
person 0.0027 0 122 7 319
person 0.0025 263 203 326 439
person 0.0022 279 46 312 98
person 0.0020 326 114 332 247
person 0.0018 273 140 328 278
person 0.0016 180 14 316 185
person 0.0016 125 67 146 98
person 0.0015 0 194 6 398
person 0.0013 14 149 111 406
person 0.0012 1 53 33 208
person 0.0011 1 163 27 404
person 0.0011 2 281 31 427
person 0.0010 0 21 7 155
person 0.0010 4 41 74 235
person 0.0010 326 99 333 341
