bottle 0.0014 229 3 245 38
chair 0.0715 46 69 313 363
chair 0.0259 203 64 446 371
chair 0.0097 -1 75 107 347
chair 0.0080 137 161 358 374
chair 0.0068 -9 -25 197 343
chair 0.0052 0 194 41 349
chair 0.0051 323 174 473 370
chair 0.0043 310 22 498 229
chair 0.0024 379 68 504 309
chair 0.0020 390 170 500 370
chair 0.0018 -5 9 138 135
chair 0.0010 291 227 438 368
diningtable 0.0033 44 224 386 377
person 0.5487 150 68 339 368
person 0.0572 42 47 318 335
person 0.0390 118 41 447 344
person 0.0154 0 67 55 359
person 0.0050 0 149 41 336
person 0.0038 404 331 503 377
person 0.0028 315 0 412 24
person 0.0027 260 11 479 185
person 0.0017 304 0 504 37
person 0.0014 268 60 330 133
person 0.0014 283 0 364 85
person 0.0014 139 39 353 235
person 0.0014 294 0 367 28
person 0.0013 346 0 462 24
person 0.0013 439 336 499 372
person 0.0011 318 0 355 8
sofa 0.1295 141 54 421 383
sofa 0.0249 301 16 504 183
sofa 0.0128 296 1 507 87
sofa 0.0070 274 10 464 133
sofa 0.0013 241 -5 414 100
