bottle 0.0011 443 107 466 136
chair 0.0392 110 150 462 385
chair 0.0031 306 171 499 371
chair 0.0029 15 211 77 333
chair 0.0024 72 214 139 332
chair 0.0018 118 139 157 184
person 0.7949 78 125 346 368
person 0.2403 -1 143 65 350
person 0.1665 187 112 386 325
person 0.0130 222 131 517 355
person 0.0099 72 73 128 181
person 0.0081 31 143 164 353
person 0.0052 0 145 51 240
person 0.0051 78 77 120 121
person 0.0049 481 78 500 139
person 0.0035 14 162 84 258
person 0.0023 68 73 107 115
person 0.0023 14 184 79 306
person 0.0020 390 132 441 166
person 0.0017 -1 146 9 301
person 0.0016 461 82 495 131
person 0.0015 205 71 447 246
person 0.0015 1 97 108 287
person 0.0013 365 128 419 168
person 0.0010 447 106 492 144
pottedplant 0.0060 450 93 500 162
pottedplant 0.0052 15 154 86 231
pottedplant 0.0045 481 57 500 76
pottedplant 0.0019 474 47 499 80
pottedplant 0.0015 -2 288 44 373
pottedplant 0.0014 484 40 499 87
pottedplant 0.0010 29 164 76 219
