bottle 0.0015 14 1 74 122
car 0.0154 3 413 70 441
car 0.0069 0 412 43 458
car 0.0064 0 405 87 471
car 0.0050 295 129 370 220
car 0.0044 -6 445 157 500
car 0.0039 281 145 326 187
car 0.0030 304 147 359 192
car 0.0025 -3 401 50 481
car 0.0019 281 116 327 153
car 0.0014 272 132 336 210
car 0.0012 4 409 144 489
car 0.0011 10 457 80 498
car 0.0011 0 455 38 500
car 0.0010 0 418 16 447
chair 0.0111 301 145 363 269
chair 0.0089 350 151 374 350
chair 0.0086 348 240 375 414
chair 0.0053 285 88 376 334
chair 0.0052 276 255 385 469
chair 0.0042 276 159 375 418
chair 0.0038 162 117 377 524
chair 0.0031 232 97 364 402
chair 0.0021 -6 153 94 413
chair 0.0015 336 104 376 390
chair 0.0014 309 178 354 235
chair 0.0014 362 236 374 361
chair 0.0013 304 180 361 318
chair 0.0010 230 314 378 489
diningtable 0.0469 1 131 93 205
diningtable 0.0198 0 68 100 373
diningtable 0.0125 10 149 78 192
diningtable 0.0046 8 159 80 250
diningtable 0.0021 -8 389 266 496
diningtable 0.0014 14 178 69 225
diningtable 0.0010 -4 158 47 204
person 0.9041 71 36 364 386
person 0.3007 -2 70 319 504
person 0.2086 29 79 104 139
person 0.0288 107 110 380 525
person 0.0244 0 55 36 141
person 0.0243 26 33 243 393
person 0.0210 79 86 115 131
person 0.0184 0 1 37 122
person 0.0183 17 49 122 386
person 0.0096 -1 98 37 144
person 0.0073 68 79 128 137
person 0.0068 0 74 23 141
person 0.0065 1 96 13 145
person 0.0060 7 82 95 163
person 0.0043 0 107 35 235
person 0.0042 16 70 118 205
person 0.0038 310 113 354 152
person 0.0033 22 97 75 143
person 0.0031 233 71 367 356
person 0.0029 0 116 7 209
person 0.0023 0 7 11 88
person 0.0021 106 40 136 97
person 0.0020 307 101 342 143
person 0.0020 5 0 41 54
person 0.0019 335 69 377 356
person 0.0015 4 5 315 277
person 0.0015 0 107 9 175
person 0.0014 340 103 374 247
person 0.0014 -1 449 200 498
person 0.0011 0 53 12 125
person 0.0010 314 107 337 139
person 0.0010 36 410 162 490
person 0.0010 84 90 108 119
pottedplant 0.0022 1 23 33 90
pottedplant 0.0012 1 60 35 119
sofa 0.0022 10 218 363 499
