bicycle 0.2658 302 306 334 403
bicycle 0.0465 152 276 233 439
bicycle 0.0206 89 308 138 397
bicycle 0.0030 98 330 131 387
bicycle 0.0028 69 275 158 432
bicycle 0.0028 290 270 345 446
bicycle 0.0015 33 330 77 369
person 0.9894 154 165 233 396
person 0.8462 289 224 333 371
person 0.7149 87 251 142 383
person 0.6945 252 260 287 383
person 0.4604 219 260 254 381
person 0.1887 33 290 81 370
person 0.0193 6 290 31 351
person 0.0150 28 295 60 360
person 0.0121 166 249 221 408
person 0.0079 0 293 12 349
person 0.0071 204 246 243 395
person 0.0062 302 290 330 364
person 0.0050 283 260 319 373
person 0.0035 27 326 60 376
person 0.0028 21 313 68 386
person 0.0027 41 325 76 375
person 0.0026 290 215 332 308
person 0.0023 75 270 115 377
person 0.0020 236 250 297 396
person 0.0019 117 262 150 379
person 0.0016 298 250 330 326
person 0.0016 4 271 30 329
person 0.0016 56 305 81 370
person 0.0016 18 283 43 349
person 0.0015 23 302 46 370
person 0.0015 46 275 79 320
person 0.0014 288 258 316 327
person 0.0011 209 248 272 401
person 0.0011 222 295 250 370
person 0.0010 61 314 76 365
person 0.0010 222 261 250 331
person 0.0010 281 283 295 348
pottedplant 0.0011 295 223 334 261
