bottle 0.0086 155 197 169 215
bottle 0.0057 154 190 170 212
chair 0.0022 40 243 163 328
chair 0.0016 90 302 164 332
chair 0.0013 68 294 182 331
person 0.7618 180 49 383 332
person 0.2043 98 16 409 273
person 0.1004 18 -30 168 306
person 0.0404 0 26 107 355
person 0.0250 249 32 383 262
person 0.0185 37 32 221 352
person 0.0163 0 -24 61 301
person 0.0147 33 213 84 333
person 0.0110 3 1 99 70
person 0.0075 21 -26 320 307
person 0.0073 1 -5 100 137
person 0.0042 20 98 404 330
person 0.0042 0 0 51 79
person 0.0032 0 0 11 63
person 0.0027 0 -1 112 40
person 0.0018 10 145 101 331
person 0.0015 19 0 96 26
person 0.0014 257 18 447 319
person 0.0010 0 5 10 108
