bottle 0.0016 283 226 449 365
chair 0.0056 17 295 90 373
chair 0.0031 90 219 483 378
chair 0.0025 0 294 52 374
chair 0.0017 26 253 83 354
chair 0.0016 17 279 265 377
chair 0.0011 4 311 48 358
chair 0.0011 31 308 78 358
chair 0.0010 -6 172 124 375
diningtable 0.0037 23 274 477 381
diningtable 0.0019 20 325 400 383
person 0.8907 112 3 386 315
person 0.1412 41 13 302 367
person 0.0216 57 105 440 370
person 0.0050 396 74 497 357
person 0.0046 447 40 498 331
person 0.0025 13 111 199 372
person 0.0017 304 118 490 377
person 0.0010 442 154 497 388
person 0.0010 391 225 501 376
