chair 0.0757 379 165 500 375
chair 0.0067 406 291 495 375
chair 0.0050 458 166 499 320
chair 0.0040 442 120 497 364
chair 0.0027 9 235 88 299
chair 0.0023 20 248 77 287
chair 0.0020 0 225 51 310
chair 0.0016 94 161 483 364
chair 0.0014 401 185 484 297
chair 0.0013 18 222 405 369
chair 0.0012 4 245 47 289
diningtable 0.0011 10 275 191 375
motorbike 0.0041 -7 -3 116 104
person 0.9417 91 36 486 398
person 0.3489 379 114 494 365
person 0.2479 156 18 412 305
person 0.0970 467 64 502 193
person 0.0520 60 74 293 365
person 0.0267 344 96 486 285
person 0.0164 441 80 498 296
person 0.0083 137 90 194 130
person 0.0080 5 198 49 286
person 0.0063 110 50 241 277
person 0.0060 201 0 375 155
person 0.0053 461 110 501 260
person 0.0041 14 204 77 284
person 0.0036 1 0 102 90
person 0.0032 1 174 422 359
person 0.0028 2 203 17 273
person 0.0027 1 170 19 246
person 0.0025 5 173 187 374
person 0.0019 266 16 441 248
person 0.0018 70 70 208 314
person 0.0016 484 94 499 235
person 0.0015 470 94 498 160
person 0.0014 -3 4 109 257
person 0.0013 211 -2 298 79
person 0.0011 156 -7 353 216
person 0.0011 8 219 43 273
person 0.0010 398 113 483 252
pottedplant 0.0014 469 75 497 132
