bicycle 0.0490 423 169 455 197
bicycle 0.0030 52 47 85 76
bicycle 0.0023 423 159 470 230
bicycle 0.0016 419 178 454 205
bicycle 0.0011 33 33 67 73
motorbike 0.6543 93 119 181 274
motorbike 0.2781 162 122 232 268
person 0.9268 266 121 318 201
person 0.8369 94 101 178 252
person 0.7288 166 110 231 250
person 0.6980 148 20 184 106
person 0.5902 423 141 461 201
person 0.1724 53 28 81 74
person 0.1413 306 134 348 209
person 0.0310 428 140 450 182
person 0.0276 173 108 227 170
person 0.0220 151 32 174 97
person 0.0160 97 98 161 175
person 0.0064 114 94 239 229
person 0.0062 273 118 308 157
person 0.0054 428 134 462 170
person 0.0046 249 111 335 211
person 0.0034 271 144 306 200
person 0.0029 323 136 346 182
person 0.0027 266 127 305 167
person 0.0027 71 67 190 210
person 0.0026 57 27 77 52
person 0.0021 132 7 207 119
person 0.0019 309 162 340 201
person 0.0017 150 24 181 62
person 0.0017 36 18 54 69
pottedplant 0.0027 437 141 502 306
