bottle 0.0086 18 251 35 278
bottle 0.0070 42 255 57 280
bottle 0.0050 17 231 33 277
bottle 0.0044 3 233 18 298
bottle 0.0030 250 168 272 191
bottle 0.0029 267 161 286 203
bottle 0.0027 261 285 307 376
bottle 0.0019 236 163 284 198
bottle 0.0017 59 246 75 284
bottle 0.0016 55 283 81 307
bottle 0.0015 270 171 288 214
bottle 0.0015 34 269 59 290
bottle 0.0012 253 160 271 201
bottle 0.0012 56 267 78 293
bottle 0.0012 39 228 59 275
bottle 0.0012 3 251 21 278
bottle 0.0012 19 271 39 289
bottle 0.0010 61 238 78 261
chair 0.5713 160 221 204 326
chair 0.0650 7 269 121 375
chair 0.0354 177 215 217 322
chair 0.0275 82 219 176 377
chair 0.0215 0 279 40 378
chair 0.0143 135 189 209 357
chair 0.0109 14 330 111 374
chair 0.0086 166 221 207 266
chair 0.0084 154 237 198 296
chair 0.0070 292 218 344 332
chair 0.0050 2 304 32 360
chair 0.0048 1 337 43 375
chair 0.0047 182 239 214 298
chair 0.0040 160 233 196 269
chair 0.0037 0 303 16 372
chair 0.0029 267 205 315 336
chair 0.0025 146 249 192 310
chair 0.0025 254 229 394 377
chair 0.0023 222 173 335 363
chair 0.0019 261 235 308 375
chair 0.0016 283 285 372 378
chair 0.0015 291 249 355 362
chair 0.0015 55 343 125 375
chair 0.0015 -1 325 27 376
chair 0.0011 280 230 318 271
chair 0.0011 279 243 315 298
chair 0.0010 301 245 339 302
person 0.9683 211 110 296 373
person 0.8372 383 61 494 372
person 0.8237 97 145 167 357
person 0.5760 7 224 114 372
person 0.3132 21 204 90 280
person 0.2369 40 194 140 367
person 0.1179 -2 193 64 364
person 0.0764 178 187 217 300
person 0.0738 2 240 44 365
person 0.0687 71 191 109 236
person 0.0442 0 198 56 288
person 0.0391 66 181 120 252
person 0.0309 15 214 92 329
person 0.0277 33 211 81 261
person 0.0230 51 197 127 288
person 0.0228 344 287 400 380
person 0.0144 358 291 427 379
person 0.0120 430 102 500 375
person 0.0120 179 185 216 232
person 0.0117 168 139 262 357
person 0.0094 96 192 117 229
person 0.0083 91 183 113 210
person 0.0079 6 215 47 263
person 0.0069 82 196 116 246
person 0.0065 0 252 13 339
person 0.0061 181 211 212 267
person 0.0059 24 205 70 242
person 0.0059 34 210 58 234
person 0.0050 9 202 50 244
person 0.0044 128 159 215 345
person 0.0042 388 291 493 370
person 0.0041 40 204 84 245
person 0.0035 64 216 114 258
person 0.0034 22 207 44 230
person 0.0029 186 192 207 228
person 0.0028 78 170 119 216
person 0.0027 329 19 493 310
person 0.0023 219 168 280 313
person 0.0022 3 276 36 330
person 0.0021 35 199 52 220
person 0.0021 0 284 15 366
person 0.0019 79 202 103 243
person 0.0018 2 223 17 285
person 0.0018 251 142 395 354
person 0.0017 31 223 73 275
person 0.0015 0 205 14 271
person 0.0015 31 140 166 305
person 0.0014 96 150 162 229
person 0.0014 255 52 478 383
person 0.0014 211 116 280 208
person 0.0012 70 160 129 229
person 0.0011 53 197 77 217
person 0.0011 169 200 208 245
person 0.0010 2 248 40 297
person 0.0010 41 190 86 228
