boat 0.0033 15 171 105 225
boat 0.0022 324 175 342 183
boat 0.0020 23 202 96 222
boat 0.0012 0 213 113 264
boat 0.0010 2 124 34 227
boat 0.0010 31 182 86 211
bus 0.1476 410 219 494 256
bus 0.0236 422 231 514 255
bus 0.0042 445 238 498 260
bus 0.0025 415 237 486 259
bus 0.0019 409 215 462 248
bus 0.0014 426 213 446 249
bus 0.0012 486 233 500 265
bus 0.0010 387 223 429 247
car 0.0102 28 -15 547 239
car 0.0093 0 235 115 267
car 0.0024 479 236 501 246
car 0.0011 450 234 492 245
car 0.0011 482 241 502 258
car 0.0010 -1 3 349 183
motorbike 0.0597 236 208 269 231
motorbike 0.0031 248 211 267 229
motorbike 0.0024 231 214 251 229
motorbike 0.0019 225 218 265 234
motorbike 0.0012 228 207 255 233
person 0.7505 98 169 139 227
person 0.3639 230 185 273 233
person 0.0692 243 188 269 228
person 0.0379 233 190 258 227
person 0.0124 105 170 137 207
person 0.0104 245 187 265 207
person 0.0093 110 177 130 221
person 0.0077 67 184 136 230
person 0.0050 77 195 126 224
person 0.0044 249 183 266 199
person 0.0043 249 201 269 218
person 0.0041 70 209 92 225
person 0.0033 235 199 255 218
person 0.0024 262 190 280 228
person 0.0022 101 180 122 220
person 0.0018 61 207 110 227
person 0.0014 115 168 135 195
person 0.0014 50 161 158 235
person 0.0014 237 190 257 209
person 0.0011 0 153 8 225
person 0.0011 100 211 122 227
person 0.0010 86 207 128 228
