bottle 0.0110 291 181 339 226
bottle 0.0076 2 325 39 485
bottle 0.0027 0 360 10 467
bottle 0.0015 6 347 77 461
bottle 0.0014 6 369 34 437
bottle 0.0011 87 378 111 399
bottle 0.0011 -2 383 93 496
chair 0.0661 44 296 345 491
chair 0.0045 34 437 366 505
chair 0.0015 4 307 99 495
person 0.9712 25 163 314 485
person 0.5131 11 68 150 341
person 0.3540 2 47 95 225
person 0.3097 0 98 270 395
person 0.3091 256 48 398 207
person 0.2319 262 204 398 505
person 0.1513 352 125 402 222
person 0.0939 -6 150 168 503
person 0.0592 77 -3 144 68
person 0.0507 1 -5 87 64
person 0.0447 141 151 373 493
person 0.0440 254 89 399 324
person 0.0396 139 40 187 90
person 0.0374 300 119 403 382
person 0.0363 0 33 35 167
person 0.0341 274 1 310 51
person 0.0332 0 53 44 360
person 0.0300 184 3 232 52
person 0.0247 302 2 343 48
person 0.0213 246 43 323 138
person 0.0204 -1 -10 94 131
person 0.0192 32 51 172 226
person 0.0191 127 45 213 133
person 0.0183 201 58 248 111
person 0.0167 76 50 259 297
person 0.0156 132 33 214 97
person 0.0155 295 75 408 258
person 0.0146 221 55 376 274
person 0.0140 351 94 403 332
person 0.0114 388 2 401 58
person 0.0111 0 2 40 115
person 0.0109 235 24 269 70
person 0.0105 51 3 105 101
person 0.0102 369 139 399 351
person 0.0100 -4 98 100 398
person 0.0099 183 80 404 420
person 0.0096 16 -4 74 42
person 0.0091 372 19 398 83
person 0.0089 280 43 366 140
person 0.0086 0 35 22 98
person 0.0076 113 -3 158 44
person 0.0075 0 114 34 299
person 0.0074 165 14 238 91
person 0.0072 299 22 336 77
person 0.0072 366 27 401 160
person 0.0071 171 26 213 71
person 0.0070 387 32 400 100
person 0.0070 212 27 251 77
person 0.0067 289 16 349 95
person 0.0064 345 32 407 234
person 0.0063 129 76 209 180
person 0.0063 0 211 100 508
person 0.0060 361 43 398 95
person 0.0056 1 58 29 133
person 0.0055 0 1 44 49
person 0.0053 366 1 399 51
person 0.0050 107 66 349 362
person 0.0050 0 39 14 131
person 0.0048 2 21 35 81
person 0.0047 203 2 250 47
person 0.0047 379 -4 401 62
person 0.0047 169 36 214 91
person 0.0046 1 157 43 501
person 0.0044 326 0 381 41
person 0.0044 228 32 353 172
person 0.0043 0 9 14 89
person 0.0042 306 45 394 146
person 0.0042 308 -1 348 33
person 0.0040 198 20 263 95
person 0.0037 67 0 99 57
person 0.0037 -5 292 280 498
person 0.0036 68 16 96 81
person 0.0034 -2 0 25 53
person 0.0034 189 18 227 68
person 0.0034 316 0 340 27
person 0.0033 139 0 200 38
person 0.0033 49 -4 164 119
person 0.0033 2 377 41 501
person 0.0032 234 22 299 98
person 0.0031 5 21 134 185
person 0.0031 89 44 182 140
person 0.0030 260 18 322 99
person 0.0030 198 78 252 118
person 0.0029 39 -4 112 70
person 0.0028 242 28 286 77
person 0.0027 235 29 253 56
person 0.0026 119 -3 221 54
person 0.0025 199 21 242 71
person 0.0024 274 24 314 77
person 0.0024 217 38 257 91
person 0.0023 345 201 401 514
person 0.0023 94 26 244 175
person 0.0022 3 303 153 495
person 0.0021 312 154 402 245
person 0.0021 127 107 211 222
person 0.0021 356 156 401 208
person 0.0021 164 47 246 126
person 0.0020 307 0 331 28
person 0.0020 280 165 373 242
person 0.0020 -4 -10 49 68
person 0.0020 0 -2 13 57
person 0.0019 98 16 180 94
person 0.0019 284 37 320 95
person 0.0019 308 285 403 503
person 0.0018 73 0 97 19
person 0.0018 310 15 393 100
person 0.0018 0 49 17 82
person 0.0017 156 91 248 180
person 0.0017 372 56 398 119
person 0.0017 0 84 10 242
person 0.0016 0 276 39 454
person 0.0016 0 197 35 378
person 0.0016 189 0 264 58
person 0.0015 169 59 215 105
person 0.0015 264 219 311 264
person 0.0015 143 59 199 108
person 0.0015 313 -1 393 57
person 0.0014 242 4 291 48
person 0.0014 116 32 165 74
person 0.0014 392 126 401 392
person 0.0013 306 6 324 49
person 0.0013 86 14 128 77
person 0.0013 0 10 16 39
person 0.0013 190 60 229 110
person 0.0012 120 41 173 92
person 0.0012 190 36 227 96
person 0.0012 2 89 29 163
person 0.0011 143 36 313 237
person 0.0011 329 28 379 76
person 0.0011 250 165 339 249
person 0.0010 250 60 325 190
person 0.0010 0 67 13 176
person 0.0010 35 37 106 144
person 0.0010 77 14 95 48
person 0.0010 62 -2 105 32
person 0.0010 258 209 328 287
sofa 0.1085 10 290 327 496
sofa 0.0024 22 437 320 506
