bicycle 0.1514 130 206 448 328
bicycle 0.1238 -3 124 123 261
bicycle 0.0410 193 130 454 340
bicycle 0.0354 128 93 294 280
bicycle 0.0263 0 101 428 328
bicycle 0.0093 0 105 64 279
bicycle 0.0050 138 288 508 339
bicycle 0.0038 41 134 311 291
bicycle 0.0036 285 246 514 334
bicycle 0.0013 37 149 150 238
bicycle 0.0012 179 299 469 332
bird 0.0033 236 33 328 102
bird 0.0010 248 48 310 90
car 0.1338 106 36 400 250
car 0.0312 142 66 284 227
car 0.0123 174 92 258 151
car 0.0105 131 135 227 194
car 0.0098 210 100 284 171
car 0.0059 220 80 290 152
car 0.0033 147 144 214 173
car 0.0030 129 108 221 175
car 0.0010 130 151 223 229
person 0.9800 210 56 433 331
person 0.8713 7 62 90 232
person 0.3171 187 107 246 217
person 0.1306 170 90 259 239
person 0.0408 140 67 360 266
person 0.0149 -2 73 45 211
person 0.0121 19 72 83 167
person 0.0061 197 21 387 215
person 0.0050 173 142 238 227
person 0.0043 196 102 245 140
person 0.0029 -1 89 10 207
person 0.0029 13 84 163 253
person 0.0010 223 25 360 159
person 0.0010 194 134 238 189
