car 0.0010 2 47 40 83
chair 0.0011 108 256 172 338
horse 0.0494 134 190 276 335
horse 0.0169 185 156 307 329
horse 0.0058 105 240 322 333
horse 0.0034 166 210 241 319
horse 0.0011 132 253 212 335
person 0.9377 191 77 290 297
person 0.3877 277 112 383 271
person 0.1041 -1 141 44 247
person 0.0648 466 165 500 263
person 0.0607 454 91 487 138
person 0.0409 225 95 358 290
person 0.0350 384 127 424 204
person 0.0321 417 127 466 209
person 0.0319 182 154 228 277
person 0.0301 481 98 499 144
person 0.0287 438 93 475 138
person 0.0245 160 100 195 145
person 0.0234 268 156 370 313
person 0.0206 108 122 157 202
person 0.0165 461 125 496 210
person 0.0143 265 102 299 136
person 0.0103 294 105 355 174
person 0.0096 161 125 262 316
person 0.0093 75 118 106 174
person 0.0087 457 95 493 183
person 0.0083 0 150 12 246
person 0.0074 0 135 59 298
person 0.0073 207 79 282 161
person 0.0071 13 142 88 240
person 0.0066 300 95 411 246
person 0.0066 484 170 500 277
person 0.0065 0 100 13 150
person 0.0062 213 182 278 297
person 0.0062 116 117 155 165
person 0.0062 3 103 42 176
person 0.0056 466 140 495 189
person 0.0053 267 178 327 299
person 0.0050 295 106 311 134
person 0.0048 180 78 256 158
person 0.0043 428 100 475 185
person 0.0042 21 111 60 160
person 0.0041 474 104 500 159
person 0.0039 7 100 37 140
person 0.0038 -6 65 111 276
person 0.0034 304 102 350 140
person 0.0032 463 111 492 161
person 0.0030 31 111 85 175
person 0.0030 164 108 189 156
person 0.0030 450 135 483 187
person 0.0029 292 109 364 218
person 0.0029 25 129 87 207
person 0.0028 268 102 321 173
person 0.0027 281 100 312 138
person 0.0026 479 131 499 189
person 0.0026 106 111 138 161
person 0.0024 120 100 162 136
person 0.0022 -1 106 25 160
person 0.0020 259 93 317 150
person 0.0018 0 79 11 140
person 0.0018 1 163 36 217
person 0.0015 262 106 296 157
person 0.0014 0 113 15 180
person 0.0012 113 110 135 133
person 0.0012 149 127 200 202
person 0.0012 0 166 38 311
person 0.0011 442 111 509 277
person 0.0011 6 145 98 336
person 0.0011 62 113 82 154
person 0.0010 36 103 78 139
person 0.0010 482 96 501 121
