bottle 0.0065 183 215 252 292
bottle 0.0023 301 227 352 308
bottle 0.0016 195 240 244 288
bottle 0.0015 309 242 344 295
bottle 0.0010 255 229 320 306
chair 0.0225 356 205 451 296
chair 0.0122 337 196 476 338
chair 0.0025 31 137 81 175
chair 0.0012 -1 230 119 372
chair 0.0011 -1 202 42 343
diningtable 0.0391 51 236 521 374
diningtable 0.0083 25 246 325 362
diningtable 0.0024 0 281 427 372
diningtable 0.0020 -2 146 116 346
diningtable 0.0014 5 235 191 371
diningtable 0.0012 26 162 183 324
diningtable 0.0010 38 202 233 346
diningtable 0.0010 182 189 473 356
person 0.1931 12 84 51 182
person 0.1400 225 -14 430 324
person 0.0895 151 91 293 272
person 0.0662 135 20 357 299
person 0.0281 3 111 36 189
person 0.0274 77 170 174 252
person 0.0206 468 95 499 281
person 0.0202 452 66 499 314
person 0.0178 264 135 400 291
person 0.0171 2 124 20 178
person 0.0116 209 221 265 289
person 0.0107 333 123 477 307
person 0.0107 316 -5 486 324
person 0.0096 389 61 497 316
person 0.0066 73 161 140 228
person 0.0046 11 125 32 178
person 0.0043 12 83 50 131
person 0.0043 28 95 61 163
person 0.0036 304 141 366 288
person 0.0030 112 0 165 37
person 0.0028 54 177 207 306
person 0.0025 0 131 14 193
person 0.0023 221 0 434 156
person 0.0020 19 91 43 151
person 0.0018 485 100 499 228
person 0.0018 258 203 316 294
person 0.0015 0 136 11 222
person 0.0015 82 167 128 213
person 0.0014 101 171 149 216
person 0.0014 0 92 15 155
person 0.0011 469 58 500 205
person 0.0010 76 149 271 290
pottedplant 0.0014 358 167 441 274
pottedplant 0.0010 340 155 395 279
