person 0.6968 41 99 235 414
person 0.6931 204 121 359 431
person 0.1791 5 84 100 418
person 0.1309 357 125 449 371
person 0.1047 426 114 485 250
person 0.0979 296 108 425 398
person 0.0500 77 126 331 432
person 0.0432 -1 86 55 218
person 0.0287 34 51 156 246
person 0.0197 365 115 445 250
person 0.0175 55 55 134 173
person 0.0121 293 106 374 201
person 0.0119 382 120 491 377
person 0.0116 13 101 87 193
person 0.0110 -1 54 65 316
person 0.0079 16 313 75 438
person 0.0062 0 115 9 302
person 0.0059 440 100 491 218
person 0.0058 32 100 66 150
person 0.0056 449 138 493 283
person 0.0041 -1 179 70 443
person 0.0035 281 98 391 279
person 0.0034 42 43 214 195
person 0.0026 313 124 396 237
person 0.0023 319 113 400 192
person 0.0022 341 80 463 240
person 0.0022 445 114 498 386
person 0.0020 29 117 77 167
person 0.0019 224 117 294 195
person 0.0017 369 173 431 327
person 0.0016 0 96 12 222
person 0.0016 324 192 392 306
person 0.0015 59 84 266 298
person 0.0014 431 129 476 188
person 0.0012 288 80 374 166
person 0.0011 5 94 46 154
person 0.0011 246 111 329 195
person 0.0011 485 141 498 246
person 0.0010 82 59 127 120
person 0.0010 336 124 387 173
