bicycle 0.0023 310 112 493 317
bottle 0.1643 378 94 433 204
bottle 0.0035 188 77 206 97
bottle 0.0033 184 98 203 154
bottle 0.0031 352 68 456 232
bottle 0.0028 118 68 140 98
bottle 0.0026 385 114 430 178
bottle 0.0016 334 179 405 249
bottle 0.0013 346 187 391 232
bottle 0.0010 211 81 226 98
chair 0.0612 14 249 119 427
chair 0.0523 360 234 433 327
chair 0.0423 218 229 294 314
chair 0.0360 331 226 465 397
chair 0.0214 328 228 407 323
chair 0.0169 153 238 200 301
chair 0.0129 351 186 451 242
chair 0.0105 28 238 91 327
chair 0.0103 372 192 433 232
chair 0.0088 409 196 465 237
chair 0.0088 394 186 478 248
chair 0.0070 323 257 419 351
chair 0.0065 54 236 137 317
chair 0.0063 375 250 421 305
chair 0.0061 173 238 242 314
chair 0.0048 37 254 79 307
chair 0.0047 399 204 485 284
chair 0.0042 396 229 481 324
chair 0.0037 45 257 133 366
chair 0.0034 69 254 125 300
chair 0.0030 139 259 183 307
chair 0.0029 349 202 448 290
chair 0.0028 106 247 143 300
chair 0.0028 386 244 429 291
chair 0.0027 416 218 471 262
chair 0.0027 187 251 229 307
chair 0.0027 343 250 391 301
chair 0.0022 156 192 348 353
chair 0.0019 106 92 159 133
chair 0.0018 126 259 165 307
chair 0.0017 373 277 424 329
chair 0.0017 179 241 215 302
chair 0.0016 69 208 140 294
chair 0.0015 297 101 333 141
chair 0.0014 376 188 501 375
chair 0.0014 300 112 324 135
chair 0.0014 159 257 209 309
chair 0.0013 253 233 318 312
chair 0.0011 26 261 230 422
chair 0.0010 414 250 463 298
chair 0.0010 378 208 408 231
diningtable 0.0061 112 273 381 425
diningtable 0.0058 375 215 505 409
diningtable 0.0050 298 199 439 356
diningtable 0.0041 202 215 459 412
diningtable 0.0041 6 176 119 391
diningtable 0.0023 50 257 294 433
person 0.7338 141 209 206 302
person 0.2959 255 54 293 95
person 0.0284 150 216 197 280
person 0.0201 117 64 142 96
person 0.0055 108 185 241 318
person 0.0042 148 320 345 427
person 0.0037 92 222 156 319
person 0.0027 144 216 181 264
person 0.0022 315 162 484 336
person 0.0018 91 222 253 414
person 0.0012 256 56 275 95
person 0.0010 247 201 311 296
pottedplant 0.0014 26 398 91 429
