bus 0.0396 3 -24 388 450
car 0.0674 -1 24 394 473
chair 0.0060 0 448 44 497
person 0.5179 71 403 257 500
person 0.5060 222 371 344 502
person 0.1654 119 387 334 499
person 0.0605 46 442 169 499
person 0.0274 277 385 344 499
person 0.0241 70 455 144 496
person 0.0226 -1 438 90 500
person 0.0126 -6 440 49 502
person 0.0114 41 451 106 497
person 0.0110 181 432 274 500
person 0.0084 92 430 140 483
person 0.0075 18 415 122 493
person 0.0049 91 457 170 498
person 0.0047 -1 427 218 521
person 0.0042 -2 470 74 500
person 0.0041 201 445 255 496
person 0.0039 13 429 63 479
person 0.0033 -3 390 157 500
person 0.0031 2 429 43 479
person 0.0026 38 474 156 501
person 0.0020 209 365 302 452
person 0.0019 39 424 99 474
person 0.0018 162 423 349 514
person 0.0015 -2 435 26 505
person 0.0015 105 421 165 472
person 0.0014 161 128 179 152
person 0.0013 292 372 402 499
person 0.0013 0 415 10 493
person 0.0010 0 332 37 471
pottedplant 0.0049 178 351 215 398
pottedplant 0.0011 169 341 225 407
