bottle 0.0060 152 160 169 202
bottle 0.0051 140 159 157 199
bottle 0.0039 150 140 167 192
bottle 0.0032 102 141 120 189
bottle 0.0020 155 174 171 208
bottle 0.0019 137 156 159 179
bottle 0.0016 110 161 126 195
chair 0.0775 -3 14 127 197
chair 0.0498 -1 9 52 194
chair 0.0079 -4 -9 186 105
chair 0.0064 -1 -8 40 101
chair 0.0041 9 28 97 119
chair 0.0041 0 95 33 212
chair 0.0026 34 35 148 112
chair 0.0020 83 5 195 72
chair 0.0020 11 0 100 86
chair 0.0019 37 4 141 77
chair 0.0016 65 -1 285 87
chair 0.0016 168 159 394 370
chair 0.0015 162 6 256 65
chair 0.0014 2 44 39 100
chair 0.0013 -9 -23 55 122
chair 0.0010 22 2 233 141
diningtable 0.0087 0 34 183 220
person 0.8918 113 31 394 397
person 0.1618 201 0 425 325
person 0.0229 0 3 347 319
person 0.0143 0 233 54 378
person 0.0111 -3 94 50 394
person 0.0021 -1 106 110 388
person 0.0014 1 158 36 330
person 0.0013 21 159 406 371
person 0.0011 6 227 93 374
