bottle 0.0016 343 179 361 245
chair 0.0054 381 162 502 323
chair 0.0028 1 195 109 334
chair 0.0012 157 185 424 338
person 0.5601 208 53 371 332
person 0.5487 6 99 118 326
person 0.5128 279 90 464 333
person 0.0557 13 60 246 331
person 0.0408 377 56 500 328
person 0.0269 326 71 464 224
person 0.0145 52 35 369 350
person 0.0104 26 76 145 274
person 0.0075 0 96 64 335
person 0.0068 176 35 334 266
person 0.0038 446 44 502 290
person 0.0022 140 179 191 260
person 0.0014 461 101 499 228
person 0.0013 0 110 10 234
person 0.0011 258 145 324 239
person 0.0011 447 -1 500 191
person 0.0011 208 185 451 335
sofa 0.0013 51 146 369 335
