bicycle 0.0024 79 123 333 368
bus 0.0030 232 -23 493 342
car 0.0091 241 113 487 375
car 0.0081 365 49 504 390
car 0.0041 42 2 302 96
car 0.0016 60 -4 357 144
chair 0.0062 241 46 486 390
chair 0.0023 114 166 376 373
chair 0.0016 287 143 349 231
horse 0.0012 63 165 268 368
motorbike 0.0030 18 1 74 34
motorbike 0.0026 111 116 474 369
motorbike 0.0013 9 1 89 86
person 0.7702 45 27 280 403
person 0.1051 93 33 493 400
person 0.0263 3 238 56 362
person 0.0160 62 -5 213 150
person 0.0134 -13 19 202 359
person 0.0090 0 291 58 373
person 0.0080 0 167 52 271
person 0.0045 0 174 12 273
person 0.0042 77 1 190 74
person 0.0031 50 12 226 262
person 0.0020 0 198 10 333
person 0.0018 -3 -5 49 99
person 0.0017 332 0 493 44
person 0.0017 -7 55 64 318
person 0.0016 1 223 92 372
person 0.0016 13 225 75 325
person 0.0013 69 0 92 13
person 0.0012 47 166 227 365
person 0.0011 10 -1 189 103
person 0.0010 7 309 48 363
person 0.0010 274 140 324 228
pottedplant 0.0882 1 -3 101 208
pottedplant 0.0256 -6 84 113 347
pottedplant 0.0074 13 167 81 266
pottedplant 0.0035 -4 -13 64 164
pottedplant 0.0018 467 122 500 251
pottedplant 0.0017 15 12 85 133
pottedplant 0.0013 486 131 499 226
pottedplant 0.0011 469 163 499 210
tvmonitor 0.0205 58 0 356 95
