dog 0.5302 232 112 493 258
dog 0.0154 391 81 501 241
dog 0.0051 443 81 499 234
dog 0.0023 171 134 426 271
person 0.8343 -1 10 117 305
person 0.0133 34 9 136 218
person 0.0097 454 94 500 224
person 0.0088 229 8 501 270
person 0.0059 -3 13 268 309
person 0.0043 66 29 124 144
person 0.0038 396 32 500 248
person 0.0025 96 104 111 155
person 0.0024 113 103 400 271
person 0.0023 1 -8 69 240
person 0.0013 486 105 500 228
person 0.0013 0 18 8 192
person 0.0011 52 23 129 96
person 0.0010 79 50 96 109
person 0.0010 5 112 169 293
