bicycle 0.0041 391 72 497 311
bicycle 0.0017 112 204 222 329
boat 0.0016 383 28 508 264
car 0.0561 452 75 499 104
car 0.0057 401 315 502 333
car 0.0049 484 73 498 115
car 0.0047 468 79 497 108
car 0.0041 478 84 499 103
car 0.0039 478 303 501 328
car 0.0038 452 323 487 333
car 0.0021 477 314 501 333
car 0.0017 454 85 493 101
car 0.0015 432 324 477 333
car 0.0011 413 78 482 107
car 0.0010 481 77 500 94
chair 0.0014 274 308 382 333
chair 0.0013 238 298 418 332
dog 0.0089 258 193 294 229
dog 0.0028 243 206 285 248
dog 0.0025 275 206 309 244
dog 0.0014 282 211 302 231
dog 0.0013 266 201 293 221
horse 0.0368 207 81 380 259
horse 0.0115 162 38 332 241
person 0.4359 161 37 269 197
person 0.1533 362 308 435 332
person 0.0450 176 43 256 136
person 0.0313 337 301 463 332
person 0.0261 253 212 296 254
person 0.0228 473 297 499 333
person 0.0219 179 35 254 94
person 0.0179 318 308 417 332
person 0.0176 393 310 488 332
person 0.0154 184 30 295 155
person 0.0134 456 304 505 331
person 0.0123 204 47 283 132
person 0.0108 185 40 380 194
person 0.0062 136 42 211 134
person 0.0048 195 40 243 78
person 0.0035 186 37 227 74
person 0.0027 394 315 426 331
person 0.0027 377 316 411 332
person 0.0025 136 23 281 121
person 0.0022 106 30 252 250
person 0.0021 480 306 500 337
person 0.0013 272 216 314 254
person 0.0013 242 75 323 152
person 0.0013 0 91 7 254
person 0.0013 365 319 394 331
person 0.0012 396 310 422 327
person 0.0011 352 314 510 334
person 0.0010 483 281 501 327
person 0.0010 42 29 228 302
pottedplant 0.0671 0 220 37 318
pottedplant 0.0587 242 213 281 252
pottedplant 0.0221 230 197 288 254
pottedplant 0.0161 219 210 254 254
pottedplant 0.0094 359 263 452 332
pottedplant 0.0088 346 212 475 326
pottedplant 0.0064 317 253 499 330
pottedplant 0.0063 2 244 36 294
pottedplant 0.0035 136 211 185 327
pottedplant 0.0027 380 153 493 331
pottedplant 0.0021 2 225 35 270
pottedplant 0.0020 120 264 172 332
pottedplant 0.0018 154 144 203 242
pottedplant 0.0015 179 152 229 232
pottedplant 0.0014 -4 210 119 329
pottedplant 0.0013 377 280 428 319
pottedplant 0.0013 202 202 239 240
pottedplant 0.0012 200 220 241 252
pottedplant 0.0011 142 272 178 320
pottedplant 0.0010 1 274 35 319
pottedplant 0.0010 141 172 187 268
pottedplant 0.0010 413 171 475 258
