bicycle 0.0026 2 -8 126 294
bottle 0.0020 176 90 256 193
bottle 0.0019 484 157 498 264
chair 0.0072 443 258 501 335
chair 0.0043 401 264 490 333
chair 0.0018 454 208 502 327
chair 0.0015 408 297 476 332
chair 0.0011 385 190 503 338
chair 0.0010 450 299 500 331
dog 0.0085 0 21 118 313
motorbike 0.1683 77 -4 355 288
motorbike 0.0430 -11 4 437 374
motorbike 0.0041 19 85 324 345
motorbike 0.0017 177 1 232 31
person 0.4446 57 17 519 365
person 0.3697 241 -2 491 332
person 0.0770 142 8 446 225
person 0.0762 10 -36 338 315
person 0.0163 45 -3 291 184
person 0.0093 393 -5 501 137
person 0.0069 -6 6 188 327
person 0.0066 196 0 244 34
person 0.0063 288 -6 500 191
person 0.0056 373 0 504 329
person 0.0049 429 2 503 78
person 0.0035 87 2 251 88
person 0.0031 104 0 177 27
person 0.0027 179 142 485 333
person 0.0024 167 0 258 41
person 0.0021 173 -1 235 20
person 0.0021 0 39 60 344
person 0.0021 64 312 140 333
person 0.0020 447 34 500 348
person 0.0020 129 0 194 33
person 0.0020 189 5 475 132
person 0.0018 -3 92 121 335
person 0.0017 82 0 198 39
person 0.0015 190 0 218 13
person 0.0014 0 -2 197 139
person 0.0013 166 0 198 8
person 0.0012 143 0 220 18
person 0.0012 149 0 181 9
person 0.0011 113 -3 384 85
person 0.0010 208 0 239 14
