car 0.0029 15 348 103 376
chair 0.0113 42 290 143 376
chair 0.0111 2 167 108 366
chair 0.0087 10 284 106 378
chair 0.0086 24 228 170 372
chair 0.0071 151 220 216 319
chair 0.0026 19 248 90 359
chair 0.0022 101 227 311 374
chair 0.0016 19 221 84 323
chair 0.0016 -3 335 125 376
chair 0.0013 101 286 176 374
chair 0.0012 56 253 127 359
chair 0.0011 237 215 494 374
chair 0.0010 34 282 239 373
person 0.6365 263 137 462 366
person 0.3590 0 132 49 359
person 0.3484 63 145 152 358
person 0.2234 147 142 345 356
person 0.1708 392 132 486 358
person 0.1394 466 147 501 232
person 0.1314 25 137 75 226
person 0.0572 446 137 500 356
person 0.0525 15 138 92 355
person 0.0361 220 147 284 224
person 0.0274 105 156 251 345
person 0.0267 397 107 478 272
person 0.0261 153 141 189 185
person 0.0237 140 143 177 182
person 0.0221 31 139 73 190
person 0.0175 5 138 51 231
person 0.0138 68 151 139 275
person 0.0132 478 159 500 226
person 0.0116 180 144 211 188
person 0.0106 469 146 501 191
person 0.0105 112 135 150 181
person 0.0090 70 122 139 192
person 0.0087 0 137 15 196
person 0.0084 137 137 198 232
person 0.0079 45 90 159 294
person 0.0079 98 127 157 190
person 0.0078 408 117 474 206
person 0.0070 22 146 58 208
person 0.0055 31 144 55 166
person 0.0049 90 123 127 179
person 0.0047 50 132 86 171
person 0.0045 0 146 13 270
person 0.0044 460 167 478 221
person 0.0042 214 166 237 188
person 0.0042 90 171 154 314
person 0.0040 186 153 208 199
person 0.0040 150 197 207 294
person 0.0039 139 150 158 172
person 0.0037 147 144 170 167
person 0.0032 8 142 48 186
person 0.0031 177 145 242 224
person 0.0031 77 80 341 300
person 0.0030 476 151 500 178
person 0.0027 23 144 47 165
person 0.0026 98 137 160 227
person 0.0026 8 154 46 206
person 0.0026 30 149 54 186
person 0.0025 26 178 79 305
person 0.0024 82 148 99 181
person 0.0022 213 172 233 208
person 0.0021 370 126 426 202
person 0.0021 276 174 306 215
person 0.0020 193 158 228 209
person 0.0020 175 134 232 196
person 0.0018 -1 119 9 356
person 0.0016 41 183 74 239
person 0.0015 252 156 316 223
person 0.0015 26 137 63 168
person 0.0014 209 161 238 202
person 0.0014 273 167 295 187
person 0.0014 350 102 466 281
person 0.0014 -13 86 67 300
person 0.0013 91 149 115 179
person 0.0013 0 141 16 163
person 0.0012 218 167 262 214
person 0.0011 71 142 104 185
person 0.0011 21 166 43 221
person 0.0011 266 188 306 227
person 0.0010 464 160 483 206
person 0.0010 68 197 130 339
person 0.0010 170 162 243 260
person 0.0010 0 151 17 177
sofa 0.0311 94 180 267 362
