bottle 0.0014 157 314 174 334
car 0.0021 405 127 498 153
car 0.0020 456 141 481 153
car 0.0017 387 129 500 193
chair 0.0200 414 337 487 373
chair 0.0134 431 332 509 378
chair 0.0064 338 283 401 371
chair 0.0062 227 169 420 366
chair 0.0033 362 292 426 377
chair 0.0029 373 342 431 376
chair 0.0022 393 308 496 374
chair 0.0017 449 322 496 357
chair 0.0015 439 308 503 371
chair 0.0010 238 277 420 370
person 0.9886 186 24 376 354
person 0.0077 379 33 400 44
person 0.0048 18 16 327 359
person 0.0022 259 65 451 374
person 0.0010 442 162 502 380
pottedplant 0.0047 373 361 411 374
pottedplant 0.0031 355 355 427 375
tvmonitor 0.0017 -5 116 134 368
tvmonitor 0.0012 449 164 498 191
