boat 0.0028 447 116 499 156
boat 0.0011 475 77 499 136
boat 0.0011 403 89 494 123
boat 0.0011 457 75 500 122
boat 0.0010 481 95 500 122
bus 0.0020 45 108 378 406
chair 0.0200 -5 54 65 294
chair 0.0108 401 122 499 371
chair 0.0040 -2 123 62 443
chair 0.0025 176 306 252 398
chair 0.0024 417 182 489 315
chair 0.0022 220 337 274 383
chair 0.0021 210 310 280 398
chair 0.0021 -5 165 62 322
chair 0.0016 463 260 501 392
chair 0.0016 447 168 499 335
chair 0.0013 184 333 242 384
chair 0.0011 450 312 501 407
chair 0.0010 330 266 464 333
chair 0.0010 380 42 508 239
chair 0.0010 5 143 88 273
diningtable 0.0011 437 142 503 282
person 0.5377 260 240 312 391
person 0.3854 277 255 471 495
person 0.3463 181 236 256 402
person 0.1444 141 203 290 398
person 0.0286 207 222 270 377
person 0.0148 240 226 326 417
person 0.0053 157 264 212 396
person 0.0034 221 252 357 476
person 0.0021 313 278 421 361
person 0.0019 221 274 257 367
person 0.0015 269 270 308 366
person 0.0013 258 238 305 283
person 0.0013 264 249 309 332
person 0.0011 218 218 280 273
person 0.0010 199 209 299 288
person 0.0010 304 308 338 355
person 0.0010 217 219 445 444
person 0.0010 486 104 499 180
person 0.0010 483 72 499 140
pottedplant 0.0036 438 133 498 165
pottedplant 0.0017 451 140 487 156
pottedplant 0.0013 439 92 502 182
pottedplant 0.0012 481 109 500 138
train 0.0011 72 179 291 411
