bicycle 0.0020 214 58 439 366
bottle 0.0013 267 174 289 189
chair 0.0485 447 232 500 320
chair 0.0226 159 72 339 309
chair 0.0089 456 251 501 299
chair 0.0073 422 134 474 241
chair 0.0073 440 149 505 347
chair 0.0059 336 52 468 264
chair 0.0026 92 126 336 360
chair 0.0025 437 257 499 350
chair 0.0024 449 126 495 251
chair 0.0019 462 228 502 271
chair 0.0019 399 147 483 358
chair 0.0010 352 73 448 181
chair 0.0010 173 212 259 288
diningtable 0.0458 142 58 356 373
dog 0.0117 399 188 484 363
dog 0.0014 434 287 500 369
dog 0.0010 383 257 444 355
person 0.9420 68 144 143 355
person 0.6541 283 18 364 254
person 0.0883 171 35 329 295
person 0.0603 253 71 408 299
person 0.0319 201 73 279 147
person 0.0210 74 142 144 248
person 0.0169 308 94 362 227
person 0.0128 232 18 356 189
person 0.0076 395 68 492 374
person 0.0073 325 49 479 321
person 0.0044 194 76 249 169
person 0.0044 199 76 235 131
person 0.0030 272 17 327 135
person 0.0028 421 109 474 217
person 0.0024 69 73 278 362
person 0.0020 288 30 349 166
person 0.0019 285 33 440 243
person 0.0018 328 106 383 214
person 0.0014 160 48 285 225
person 0.0013 101 167 152 318
person 0.0011 11 154 126 345
person 0.0010 214 81 265 132
