bottle 0.0013 399 324 420 360
car 0.0010 425 192 445 205
chair 0.0011 -3 285 49 376
dog 0.0036 373 302 446 369
dog 0.0025 391 325 426 359
person 0.7792 38 197 91 327
person 0.7563 291 169 391 383
person 0.4891 130 174 183 317
person 0.2650 393 174 502 372
person 0.2640 392 180 430 273
person 0.2256 443 117 500 377
person 0.0432 71 191 116 296
person 0.0273 0 203 19 251
person 0.0190 369 194 388 231
person 0.0182 229 182 275 270
person 0.0178 276 180 316 258
person 0.0146 457 160 498 326
person 0.0112 381 268 502 379
person 0.0076 345 174 395 264
person 0.0063 308 187 328 210
person 0.0062 397 186 418 263
person 0.0049 488 175 500 327
person 0.0042 82 199 99 247
person 0.0041 43 187 128 352
person 0.0040 462 105 497 270
person 0.0039 360 180 456 373
person 0.0038 56 208 110 324
person 0.0038 449 36 499 295
person 0.0036 80 210 115 265
person 0.0036 -1 200 34 244
person 0.0036 97 212 116 262
person 0.0035 100 198 121 251
person 0.0035 22 203 41 243
person 0.0031 262 107 404 343
person 0.0029 356 187 390 242
person 0.0029 119 187 170 264
person 0.0028 241 192 273 255
person 0.0027 -3 200 37 282
person 0.0025 223 192 243 254
person 0.0021 485 128 500 262
person 0.0021 -1 215 32 258
person 0.0019 252 186 276 211
person 0.0018 177 194 195 249
person 0.0017 87 190 119 249
person 0.0016 306 191 325 223
person 0.0014 110 213 128 259
person 0.0014 79 194 97 228
person 0.0013 337 203 395 338
person 0.0012 450 232 499 370
person 0.0012 225 187 247 209
person 0.0011 -3 212 45 325
person 0.0011 404 195 467 288
person 0.0011 277 199 315 340
person 0.0011 9 201 47 244
person 0.0010 85 223 100 278
person 0.0010 373 229 431 310
