person 0.6387 189 161 243 275
person 0.5380 293 166 332 279
person 0.4416 422 164 469 287
person 0.2693 351 173 388 265
person 0.0136 359 180 380 259
person 0.0130 417 179 436 230
person 0.0031 217 169 267 266
person 0.0031 353 196 371 247
person 0.0024 217 176 233 266
person 0.0023 278 156 358 285
person 0.0017 428 182 465 250
person 0.0016 372 169 427 262
person 0.0012 486 185 499 257
person 0.0012 449 170 494 270
person 0.0011 195 179 236 250
person 0.0011 231 190 246 206
person 0.0011 304 175 327 271
person 0.0010 287 182 320 242
