bottle 0.0026 0 330 15 374
bottle 0.0014 22 330 41 347
car 0.0029 2 0 56 85
car 0.0026 0 3 56 36
car 0.0010 4 17 52 59
chair 0.0011 245 225 402 367
person 0.7781 243 115 340 363
person 0.6716 378 117 498 370
person 0.4497 129 135 203 343
person 0.1753 344 133 409 252
person 0.1482 2 126 52 256
person 0.0648 87 138 138 238
person 0.0507 0 241 120 369
person 0.0397 18 139 68 238
person 0.0341 93 130 177 308
person 0.0233 -2 126 107 367
person 0.0184 313 139 334 161
person 0.0167 315 142 356 183
person 0.0154 214 114 312 315
person 0.0119 142 126 201 245
person 0.0095 339 142 361 163
person 0.0094 226 101 349 241
person 0.0091 341 118 450 264
person 0.0073 139 131 265 353
person 0.0071 311 144 333 184
person 0.0069 292 133 351 233
person 0.0058 327 146 350 182
person 0.0058 0 151 16 270
person 0.0053 0 208 41 340
person 0.0047 0 201 13 299
person 0.0043 310 136 431 356
person 0.0041 321 143 345 164
person 0.0040 338 146 360 181
person 0.0038 21 133 171 360
person 0.0038 489 227 499 364
person 0.0033 92 154 158 267
person 0.0027 439 94 501 162
person 0.0027 5 114 87 268
person 0.0026 -6 66 62 260
person 0.0025 224 121 281 251
person 0.0022 488 179 499 325
person 0.0022 437 89 501 342
person 0.0022 462 169 500 318
person 0.0022 253 139 266 160
person 0.0020 55 127 162 255
person 0.0019 487 107 500 164
person 0.0019 449 102 494 143
person 0.0019 246 182 393 365
person 0.0018 389 80 498 244
person 0.0018 467 228 498 376
person 0.0018 488 121 500 267
person 0.0018 339 155 361 203
person 0.0018 99 127 155 206
person 0.0018 183 166 239 261
person 0.0017 363 165 425 258
person 0.0017 464 56 484 70
person 0.0016 -1 81 49 184
person 0.0016 457 122 497 253
person 0.0015 -2 307 15 374
person 0.0015 424 104 479 141
person 0.0014 1 23 55 123
person 0.0014 224 130 262 178
person 0.0013 -1 179 64 372
person 0.0012 307 155 348 203
person 0.0011 331 224 497 364
person 0.0011 2 277 47 381
person 0.0010 44 270 131 377
person 0.0010 307 137 337 171
person 0.0010 345 136 398 177
person 0.0010 0 196 10 362
person 0.0010 184 146 243 226
person 0.0010 136 250 206 350
person 0.0010 4 133 42 183
pottedplant 0.0153 4 217 33 268
pottedplant 0.0133 4 196 38 286
pottedplant 0.0027 7 185 38 246
pottedplant 0.0020 0 203 25 273
