chair 0.0479 20 44 159 156
chair 0.0398 48 79 306 358
chair 0.0131 141 153 209 228
chair 0.0123 54 30 223 169
chair 0.0102 -8 230 210 375
chair 0.0078 290 171 507 364
chair 0.0073 -8 32 132 283
chair 0.0048 0 240 43 369
chair 0.0040 149 167 196 216
chair 0.0024 93 53 171 148
chair 0.0023 0 124 184 310
chair 0.0022 47 42 214 270
chair 0.0017 202 154 456 371
chair 0.0015 119 41 220 154
chair 0.0014 10 255 100 359
chair 0.0014 174 137 257 238
chair 0.0012 -5 172 53 372
chair 0.0012 0 143 42 287
person 0.9088 217 59 448 375
person 0.1760 53 70 373 361
person 0.0159 85 36 267 276
person 0.0046 -6 28 57 286
person 0.0043 102 17 309 184
person 0.0036 292 26 495 352
person 0.0028 156 17 440 255
person 0.0027 -4 69 132 311
pottedplant 0.0275 97 21 256 175
