bottle 0.0027 414 165 437 184
bottle 0.0021 346 172 360 198
bottle 0.0016 437 168 463 183
car 0.0014 -9 15 432 174
car 0.0010 74 -3 504 77
chair 0.3610 257 192 316 278
chair 0.3289 145 192 213 240
chair 0.1654 224 182 288 255
chair 0.1049 0 183 51 310
chair 0.0604 170 182 244 241
chair 0.0295 95 164 158 230
chair 0.0256 59 157 104 186
chair 0.0250 9 180 88 255
chair 0.0236 106 171 146 212
chair 0.0222 314 269 412 335
chair 0.0221 310 257 491 334
chair 0.0203 184 194 231 236
chair 0.0180 40 164 142 225
chair 0.0178 100 169 142 196
chair 0.0177 11 204 85 290
chair 0.0151 229 195 274 240
chair 0.0150 303 203 356 277
chair 0.0150 111 190 151 234
chair 0.0149 61 172 130 205
chair 0.0133 68 161 101 179
chair 0.0132 1 259 42 331
chair 0.0121 136 161 218 230
chair 0.0114 109 154 159 189
chair 0.0108 -2 176 114 312
chair 0.0107 268 211 313 265
chair 0.0102 90 176 118 191
chair 0.0100 107 176 138 191
chair 0.0093 4 165 48 203
chair 0.0087 224 170 273 205
chair 0.0077 4 157 109 225
chair 0.0076 24 197 74 238
chair 0.0068 42 159 62 181
chair 0.0067 73 175 97 191
chair 0.0066 94 166 118 182
chair 0.0065 0 175 21 195
chair 0.0064 215 194 267 227
chair 0.0063 153 174 202 206
chair 0.0062 24 171 90 202
chair 0.0061 70 180 144 215
chair 0.0059 151 154 198 187
chair 0.0059 59 166 109 194
chair 0.0054 430 178 468 216
chair 0.0048 0 175 29 215
chair 0.0048 262 188 306 241
chair 0.0047 458 233 500 310
chair 0.0045 306 197 344 243
chair 0.0044 4 239 38 293
chair 0.0044 192 159 221 181
chair 0.0042 284 292 389 334
chair 0.0040 237 218 283 256
chair 0.0037 197 193 246 229
chair 0.0036 102 162 247 268
chair 0.0036 42 176 61 191
chair 0.0033 26 223 73 267
chair 0.0033 0 301 42 331
chair 0.0032 0 184 21 206
chair 0.0031 0 175 15 246
chair 0.0029 122 208 217 270
chair 0.0028 98 148 167 200
chair 0.0028 112 169 133 198
chair 0.0028 13 251 104 333
chair 0.0027 210 220 286 322
chair 0.0026 82 161 128 186
chair 0.0026 12 308 102 332
chair 0.0026 -1 249 13 327
chair 0.0026 4 192 46 239
chair 0.0025 47 311 147 333
chair 0.0024 137 205 195 235
chair 0.0023 54 163 83 181
chair 0.0023 26 254 70 295
chair 0.0023 48 152 121 194
chair 0.0022 -1 194 12 280
chair 0.0022 52 176 77 190
chair 0.0022 188 162 225 200
chair 0.0021 15 299 187 332
chair 0.0020 4 218 45 269
chair 0.0020 0 164 17 212
chair 0.0019 95 218 176 277
chair 0.0019 106 167 132 184
chair 0.0017 332 278 390 319
chair 0.0017 464 249 498 295
chair 0.0016 447 309 500 334
chair 0.0016 419 187 456 230
chair 0.0016 43 218 84 252
chair 0.0016 457 176 496 254
chair 0.0015 103 208 149 237
chair 0.0015 462 190 494 232
chair 0.0015 0 185 28 233
chair 0.0015 143 220 200 255
chair 0.0014 0 277 31 323
chair 0.0014 0 200 17 220
chair 0.0013 284 286 520 337
chair 0.0012 1 302 21 322
chair 0.0012 44 244 89 278
chair 0.0012 249 184 274 207
chair 0.0012 258 226 306 267
chair 0.0012 460 175 489 219
chair 0.0011 118 237 163 269
chair 0.0011 52 157 203 273
chair 0.0011 139 148 207 197
chair 0.0011 84 185 259 309
chair 0.0010 246 185 269 235
chair 0.0010 315 229 362 269
diningtable 0.0575 37 183 144 245
diningtable 0.0188 26 163 152 273
diningtable 0.0098 57 195 131 234
diningtable 0.0030 22 193 152 223
diningtable 0.0020 34 183 139 216
person 0.8669 34 215 173 333
person 0.7674 251 171 311 268
person 0.2932 10 142 46 180
person 0.2794 374 162 423 239
person 0.1949 297 150 327 191
person 0.1864 269 152 299 188
person 0.1275 52 220 138 315
person 0.1112 3 144 49 236
person 0.0797 341 162 404 232
person 0.0756 187 155 242 233
person 0.0702 266 168 306 209
person 0.0584 293 155 347 226
person 0.0539 301 162 337 207
person 0.0411 281 151 317 189
person 0.0339 351 168 394 209
person 0.0325 197 155 235 187
person 0.0316 24 149 89 182
person 0.0236 9 145 102 194
person 0.0201 239 184 328 292
person 0.0195 298 181 351 264
person 0.0186 16 146 41 169
person 0.0174 -1 172 56 314
person 0.0128 294 157 312 184
person 0.0126 212 164 285 228
person 0.0123 206 158 230 182
person 0.0105 343 153 388 189
person 0.0093 194 148 243 203
person 0.0089 90 228 182 300
person 0.0088 28 153 66 187
person 0.0083 303 151 327 173
person 0.0076 263 147 317 201
person 0.0075 242 172 273 199
person 0.0066 220 152 276 185
person 0.0065 5 164 44 209
person 0.0060 346 159 361 188
person 0.0059 -6 133 65 258
person 0.0057 244 177 273 214
person 0.0054 195 218 313 324
person 0.0053 195 165 233 210
person 0.0051 0 143 124 252
person 0.0047 210 139 355 257
person 0.0044 313 154 361 187
person 0.0043 44 187 219 315
person 0.0036 289 133 440 260
person 0.0035 288 151 308 173
person 0.0034 194 158 219 189
person 0.0034 211 249 283 336
person 0.0032 208 153 230 172
person 0.0032 -1 207 11 291
person 0.0030 245 165 266 184
person 0.0029 381 165 408 186
person 0.0028 391 171 425 226
person 0.0027 74 224 259 323
person 0.0026 73 159 96 187
person 0.0025 246 141 271 154
person 0.0024 329 146 402 200
person 0.0024 360 163 384 182
person 0.0022 273 151 296 173
person 0.0021 408 170 467 226
person 0.0021 266 124 286 137
person 0.0021 16 143 39 159
person 0.0019 210 147 287 197
person 0.0019 382 182 416 235
person 0.0018 155 149 271 244
person 0.0018 254 184 307 232
person 0.0018 380 165 415 200
person 0.0018 360 170 382 200
person 0.0018 16 149 42 190
person 0.0017 69 225 115 268
person 0.0017 348 170 361 199
person 0.0016 313 165 359 204
person 0.0016 396 163 428 204
person 0.0014 37 153 60 173
person 0.0014 230 167 254 183
person 0.0014 339 166 381 201
person 0.0014 302 178 331 214
person 0.0013 269 166 291 205
person 0.0012 42 155 59 187
person 0.0011 264 162 389 273
person 0.0010 197 167 247 196
person 0.0010 326 161 350 180
person 0.0010 346 155 366 172
person 0.0010 245 157 268 193
sofa 0.0010 16 149 160 248
train 0.0019 13 27 330 206
train 0.0010 -15 38 204 196
tvmonitor 0.1834 404 103 478 162
tvmonitor 0.0188 116 242 165 278
tvmonitor 0.0081 382 77 497 202
tvmonitor 0.0048 248 175 272 197
tvmonitor 0.0022 217 172 261 193
tvmonitor 0.0021 65 102 110 133
tvmonitor 0.0020 471 190 501 227
tvmonitor 0.0018 333 108 396 170
tvmonitor 0.0018 341 118 385 157
tvmonitor 0.0018 482 173 501 227
tvmonitor 0.0016 483 187 500 210
tvmonitor 0.0011 340 105 386 139
tvmonitor 0.0010 481 202 500 224
