car 0.0206 310 69 496 365
car 0.0012 1 117 258 374
chair 0.0756 5 83 172 342
chair 0.0602 85 227 338 375
chair 0.0133 -6 231 140 371
chair 0.0108 183 87 251 156
chair 0.0082 195 90 251 126
chair 0.0070 182 104 227 144
chair 0.0057 55 171 436 375
chair 0.0046 -2 176 266 378
chair 0.0040 170 143 246 218
chair 0.0028 197 113 241 153
chair 0.0022 134 88 221 155
chair 0.0016 156 279 265 373
chair 0.0015 180 92 233 127
chair 0.0012 15 139 97 230
chair 0.0010 152 100 207 141
person 0.1112 245 273 478 377
person 0.0971 52 59 139 137
person 0.0916 14 64 179 261
person 0.0644 13 9 93 74
person 0.0487 6 26 93 112
person 0.0431 23 37 166 161
person 0.0412 9 54 96 138
person 0.0385 -9 124 138 359
person 0.0348 19 34 324 338
person 0.0335 0 45 59 151
person 0.0213 0 38 119 222
person 0.0183 0 9 59 82
person 0.0167 72 125 355 368
person 0.0153 30 15 81 58
person 0.0137 57 31 126 117
person 0.0117 81 68 174 140
person 0.0107 49 14 90 53
person 0.0098 51 43 516 390
person 0.0083 7 18 50 65
person 0.0078 0 24 17 79
person 0.0060 2 40 46 84
person 0.0054 130 17 445 300
person 0.0043 0 122 36 251
person 0.0039 88 234 492 379
person 0.0032 61 46 280 219
person 0.0031 364 23 501 356
person 0.0027 25 5 82 41
person 0.0026 46 14 125 78
person 0.0025 438 10 503 366
person 0.0024 1 44 54 268
person 0.0021 2 -1 44 41
person 0.0020 49 83 149 160
person 0.0019 -1 6 28 63
person 0.0016 0 37 14 116
person 0.0015 244 109 487 372
person 0.0014 24 43 79 89
person 0.0014 70 73 122 126
person 0.0014 63 21 110 64
person 0.0014 1 48 21 77
person 0.0013 28 74 81 120
person 0.0013 133 69 221 141
person 0.0013 5 69 48 123
person 0.0012 61 18 82 50
person 0.0012 2 1 22 39
person 0.0012 0 59 11 155
person 0.0011 46 23 92 70
person 0.0011 -2 123 64 360
person 0.0011 42 28 64 47
person 0.0010 0 178 42 311
