car 0.0012 266 476 328 500
chair 0.0036 57 391 171 495
chair 0.0024 0 367 26 511
chair 0.0010 -11 361 137 501
diningtable 0.0021 36 383 234 497
diningtable 0.0014 111 365 324 500
person 0.9651 2 251 119 494
person 0.2466 91 95 191 347
person 0.0463 192 211 218 268
person 0.0317 315 187 328 254
person 0.0174 306 186 330 304
person 0.0122 68 131 211 433
person 0.0115 188 214 231 282
person 0.0079 184 219 211 272
person 0.0052 197 217 213 263
person 0.0048 262 196 318 295
person 0.0044 111 95 172 173
person 0.0041 193 216 207 265
person 0.0039 0 302 24 509
person 0.0035 316 216 329 302
person 0.0032 34 249 192 482
person 0.0027 55 92 324 412
person 0.0027 195 196 224 250
person 0.0026 176 206 217 293
person 0.0024 55 248 112 330
person 0.0022 179 219 193 248
person 0.0020 174 212 197 263
person 0.0020 0 243 27 399
person 0.0020 105 115 178 224
person 0.0019 124 106 162 151
person 0.0019 314 185 329 213
person 0.0018 180 193 209 244
person 0.0018 205 210 233 270
person 0.0018 1 234 34 494
person 0.0016 306 205 320 271
person 0.0014 309 180 330 234
person 0.0014 0 276 5 393
person 0.0012 85 53 191 238
person 0.0012 300 191 327 256
person 0.0012 302 221 328 338
person 0.0012 235 206 297 286
person 0.0011 199 208 217 238
person 0.0011 174 122 186 154
person 0.0011 203 230 234 287
person 0.0010 3 250 66 327
person 0.0010 214 214 228 268
pottedplant 0.0014 315 262 328 296
pottedplant 0.0013 318 244 328 307
tvmonitor 0.0078 73 402 159 496
