bottle 0.0024 76 154 95 178
bus 0.0037 250 32 476 285
car 0.0295 -3 138 194 368
car 0.0097 40 126 307 370
car 0.0081 54 149 141 217
car 0.0030 92 228 337 374
car 0.0029 -2 159 42 263
car 0.0025 123 180 166 206
car 0.0019 73 156 122 206
car 0.0017 113 165 160 207
car 0.0015 -5 137 56 361
car 0.0015 460 201 499 342
car 0.0014 98 154 173 218
chair 0.0066 448 187 496 301
chair 0.0013 420 169 482 267
chair 0.0012 444 143 502 344
diningtable 0.0012 119 273 455 377
person 0.9870 184 127 292 370
person 0.7478 335 156 384 264
person 0.0141 370 168 433 261
person 0.0040 338 138 463 287
person 0.0025 342 158 377 224
person 0.0018 204 137 290 242
person 0.0016 311 166 366 260
person 0.0010 48 33 210 225
