aeroplane 0.0012 416 287 488 338
aeroplane 0.0010 334 316 491 362
bicycle 0.0084 423 6 472 38
bicycle 0.0026 434 8 462 35
boat 0.0026 150 321 499 487
car 0.0049 368 469 493 498
car 0.0026 258 486 298 497
car 0.0025 249 473 344 497
car 0.0020 242 461 329 494
car 0.0017 341 473 443 499
car 0.0017 356 489 395 499
car 0.0015 335 488 376 498
car 0.0014 372 487 412 498
car 0.0013 217 459 301 483
car 0.0011 242 463 279 477
cow 0.0065 433 119 504 243
horse 0.0324 379 106 502 315
horse 0.0108 136 117 309 288
horse 0.0097 302 120 495 365
horse 0.0044 434 132 502 270
horse 0.0034 48 149 450 422
horse 0.0017 41 137 307 358
person 0.9969 172 80 281 252
person 0.0139 79 74 294 271
person 0.0136 437 0 464 26
person 0.0084 426 0 472 32
person 0.0080 423 0 450 24
person 0.0078 58 338 87 403
person 0.0067 60 340 84 376
person 0.0049 65 344 112 403
person 0.0046 35 337 51 357
person 0.0039 51 335 130 416
person 0.0037 226 80 502 346
person 0.0024 33 341 91 444
person 0.0014 424 -7 445 35
person 0.0013 69 344 89 375
person 0.0012 69 346 89 401
person 0.0012 197 357 300 437
person 0.0012 170 341 190 366
person 0.0012 436 0 461 45
person 0.0010 119 328 380 476
person 0.0010 266 399 287 415
pottedplant 0.0047 490 330 500 417
pottedplant 0.0036 145 231 502 416
pottedplant 0.0023 224 296 427 356
pottedplant 0.0020 487 343 498 370
pottedplant 0.0018 270 311 385 346
pottedplant 0.0017 487 352 498 388
pottedplant 0.0015 437 347 499 441
pottedplant 0.0014 444 371 497 418
pottedplant 0.0011 443 317 496 415
