chair 0.0023 -2 179 75 259
chair 0.0020 160 225 221 299
chair 0.0020 173 235 211 285
chair 0.0018 111 271 180 374
chair 0.0015 0 204 70 289
chair 0.0015 11 195 62 238
chair 0.0014 5 378 66 499
person 0.2935 124 234 209 361
person 0.0663 281 193 295 251
person 0.0547 129 231 192 300
person 0.0470 -2 107 20 222
person 0.0406 285 191 311 247
person 0.0348 0 127 19 195
person 0.0276 114 234 183 326
person 0.0267 -2 155 29 281
person 0.0222 27 180 203 402
person 0.0216 293 195 308 239
person 0.0152 -2 149 78 433
person 0.0119 109 76 136 124
person 0.0116 96 177 231 340
person 0.0115 -1 230 128 505
person 0.0095 -7 107 85 324
person 0.0091 323 178 332 234
person 0.0084 303 206 318 234
person 0.0076 0 113 13 181
person 0.0070 158 235 223 336
person 0.0053 0 191 20 252
person 0.0049 2 178 38 480
person 0.0033 0 197 11 278
person 0.0027 -4 88 41 336
person 0.0026 319 204 330 231
person 0.0025 1 212 28 269
person 0.0024 297 193 322 237
person 0.0022 293 191 309 220
person 0.0020 0 369 38 507
person 0.0018 0 161 9 245
person 0.0018 283 209 308 261
person 0.0014 -1 173 19 233
person 0.0014 16 457 62 500
person 0.0013 322 140 332 227
person 0.0013 125 247 169 305
person 0.0013 24 251 202 481
person 0.0013 0 147 15 180
person 0.0012 -3 469 40 501
person 0.0011 278 206 298 263
pottedplant 0.0024 125 378 165 417
