bottle 0.0013 255 151 472 376
chair 0.0066 385 353 499 403
chair 0.0032 0 229 114 402
chair 0.0017 26 227 252 404
person 0.8837 26 23 393 377
person 0.2849 299 246 429 402
person 0.2139 222 -16 505 358
person 0.1069 390 120 500 400
person 0.0853 309 184 500 400
person 0.0417 -1 34 104 429
person 0.0361 318 261 413 326
person 0.0341 73 120 495 402
person 0.0214 433 43 500 426
person 0.0214 0 8 59 396
person 0.0149 139 236 430 403
person 0.0098 336 265 400 310
person 0.0083 69 15 354 216
person 0.0035 219 287 445 400
person 0.0030 10 108 273 408
person 0.0024 0 95 43 241
person 0.0023 292 256 371 333
person 0.0021 115 358 305 402
person 0.0018 311 262 359 308
person 0.0016 38 306 381 401
person 0.0014 0 70 10 194
person 0.0013 356 246 440 337
