bus 0.0154 378 13 500 243
bus 0.0024 38 153 95 219
bus 0.0011 449 75 498 184
car 0.0142 103 205 148 237
car 0.0121 85 200 122 238
car 0.0036 121 210 158 242
car 0.0025 128 213 151 231
person 0.4619 97 202 114 239
person 0.3781 5 202 37 277
person 0.2966 12 209 32 267
person 0.1535 81 205 97 239
person 0.0756 -1 211 11 264
person 0.0022 0 270 10 351
person 0.0018 4 199 34 337
person 0.0017 -1 223 10 250
person 0.0012 0 214 12 315
person 0.0012 14 221 34 251
person 0.0012 378 0 430 36
person 0.0012 0 209 13 238
person 0.0010 0 239 29 362
person 0.0010 82 203 99 223
tvmonitor 0.0016 43 167 89 208
