bottle 0.0063 389 130 404 170
bottle 0.0023 398 132 414 171
bottle 0.0019 366 111 381 163
bottle 0.0017 416 140 439 165
bottle 0.0014 369 128 383 167
bottle 0.0011 391 142 406 182
chair 0.1508 257 148 313 235
chair 0.0969 288 129 433 302
chair 0.0713 187 100 306 227
chair 0.0476 -1 95 113 340
chair 0.0472 91 145 232 295
chair 0.0358 207 144 298 228
chair 0.0353 320 170 394 265
chair 0.0322 264 113 397 264
chair 0.0303 189 103 249 218
chair 0.0299 346 83 382 131
chair 0.0226 227 124 348 245
chair 0.0146 274 105 319 146
chair 0.0144 288 164 373 263
chair 0.0066 160 127 338 296
chair 0.0034 250 108 319 219
chair 0.0033 271 178 314 238
chair 0.0028 296 68 349 147
chair 0.0027 337 141 465 338
chair 0.0023 266 66 323 147
chair 0.0020 198 93 276 172
chair 0.0020 194 103 246 152
chair 0.0018 80 142 135 232
chair 0.0018 28 86 174 299
chair 0.0017 146 111 281 257
chair 0.0016 14 141 93 233
chair 0.0015 175 159 242 265
chair 0.0011 297 104 340 146
diningtable 0.0391 -1 143 112 350
diningtable 0.0036 327 100 469 333
diningtable 0.0021 13 170 94 262
person 0.2097 84 135 195 302
person 0.0312 65 201 197 340
person 0.0237 93 142 162 228
person 0.0198 94 161 170 266
person 0.0121 84 202 177 286
person 0.0092 72 220 138 330
person 0.0071 67 53 199 273
person 0.0038 26 223 176 371
person 0.0012 77 166 134 265
person 0.0010 -2 42 55 332
pottedplant 0.0089 341 83 383 132
pottedplant 0.0022 346 86 376 106
pottedplant 0.0010 346 82 390 113
sofa 0.0431 12 113 194 326
sofa 0.0190 88 166 237 317
