bottle 0.0056 351 26 372 49
bottle 0.0038 163 335 210 373
bottle 0.0032 353 29 370 66
bottle 0.0028 342 28 377 65
bottle 0.0021 362 32 377 64
bottle 0.0017 359 28 379 51
chair 0.0075 5 290 98 372
chair 0.0019 -3 228 121 370
diningtable 0.0015 151 269 501 377
motorbike 0.0256 69 219 503 374
motorbike 0.0011 11 162 336 371
person 0.8005 18 28 322 351
person 0.7110 43 -23 528 343
person 0.2970 -1 43 196 385
person 0.1882 235 8 495 363
person 0.0649 450 57 499 374
person 0.0301 401 54 495 376
person 0.0241 107 111 382 368
person 0.0191 137 5 361 136
person 0.0117 467 98 499 276
person 0.0110 -6 21 133 299
person 0.0096 237 0 277 47
person 0.0075 220 0 289 69
person 0.0062 458 1 499 140
person 0.0058 7 166 174 369
person 0.0052 486 109 500 251
person 0.0046 124 -7 449 212
person 0.0039 309 112 493 367
person 0.0034 465 54 499 207
person 0.0031 243 -1 325 49
person 0.0031 17 35 172 174
person 0.0030 -1 39 54 332
person 0.0028 253 0 298 43
person 0.0025 487 76 500 198
person 0.0023 395 -2 500 141
person 0.0021 289 0 372 77
person 0.0020 414 0 475 30
person 0.0018 22 15 243 256
person 0.0016 446 -4 499 206
person 0.0016 300 0 353 37
person 0.0014 244 2 267 45
person 0.0011 221 0 429 98
person 0.0010 226 328 334 377
