bottle 0.0190 346 142 366 189
bottle 0.0067 366 172 420 250
bottle 0.0056 353 173 400 254
bottle 0.0054 284 109 364 199
bottle 0.0045 338 13 378 53
bottle 0.0025 329 120 376 203
bottle 0.0023 370 185 403 236
bottle 0.0022 341 136 391 235
bottle 0.0021 367 144 433 237
bottle 0.0016 348 15 369 51
bottle 0.0011 370 151 418 184
bottle 0.0010 336 151 367 197
chair 0.4072 399 3 474 92
chair 0.1701 134 6 201 64
chair 0.1113 441 7 503 88
chair 0.0840 133 13 163 53
chair 0.0550 148 2 193 38
chair 0.0480 382 5 449 84
chair 0.0291 167 178 485 371
chair 0.0172 247 92 334 177
chair 0.0161 216 88 297 168
chair 0.0145 411 20 462 68
chair 0.0137 453 23 498 67
chair 0.0131 96 42 316 207
chair 0.0126 173 83 244 170
chair 0.0113 8 211 199 378
chair 0.0102 390 21 436 65
chair 0.0084 107 5 176 71
chair 0.0065 157 0 181 18
chair 0.0063 3 1 53 93
chair 0.0058 153 25 211 67
chair 0.0049 19 5 89 90
chair 0.0035 390 45 440 84
chair 0.0031 406 43 468 86
chair 0.0031 136 14 161 35
chair 0.0029 3 32 58 118
chair 0.0028 167 61 252 146
chair 0.0026 231 107 282 151
chair 0.0024 191 106 234 154
chair 0.0024 458 41 500 89
chair 0.0020 163 2 239 70
chair 0.0019 151 11 178 31
chair 0.0017 180 0 223 35
chair 0.0016 135 20 184 73
chair 0.0015 117 8 139 29
chair 0.0015 118 65 207 184
chair 0.0012 223 83 281 123
chair 0.0012 255 105 305 140
chair 0.0012 169 3 194 40
chair 0.0012 6 274 267 370
chair 0.0012 132 20 156 71
chair 0.0011 208 61 382 243
chair 0.0011 127 42 166 81
chair 0.0010 185 84 239 122
chair 0.0010 7 18 47 65
chair 0.0010 34 19 76 67
diningtable 0.0133 151 21 350 182
diningtable 0.0051 207 67 295 143
diningtable 0.0016 65 224 509 375
motorbike 0.0062 134 120 521 377
motorbike 0.0013 23 226 471 370
person 0.6635 21 137 256 358
person 0.6277 91 32 209 212
person 0.3980 311 8 398 187
person 0.2357 309 161 505 373
person 0.0431 63 -1 130 88
person 0.0313 322 0 387 86
person 0.0169 59 42 357 395
person 0.0113 64 0 129 27
person 0.0105 110 0 137 12
person 0.0091 186 12 393 192
person 0.0084 113 1 166 31
person 0.0080 267 33 388 224
person 0.0062 -11 38 216 342
person 0.0053 309 7 375 131
person 0.0052 384 103 500 343
person 0.0043 308 284 506 371
person 0.0033 301 -1 412 105
person 0.0026 48 0 144 42
person 0.0026 1 122 117 319
person 0.0023 0 11 15 85
person 0.0017 30 0 165 92
person 0.0016 76 14 117 69
person 0.0016 102 2 145 41
person 0.0015 5 60 59 124
person 0.0012 71 0 101 14
person 0.0012 96 -3 147 19
person 0.0011 117 3 139 42
person 0.0011 322 327 490 375
person 0.0011 157 -4 180 27
person 0.0010 489 141 499 243
pottedplant 0.0141 386 2 407 18
pottedplant 0.0134 411 1 462 28
pottedplant 0.0096 396 2 419 15
pottedplant 0.0066 91 0 121 12
pottedplant 0.0033 453 0 500 30
pottedplant 0.0028 384 2 429 33
pottedplant 0.0022 417 1 448 13
pottedplant 0.0020 74 -2 136 19
pottedplant 0.0020 439 3 462 15
pottedplant 0.0020 402 -6 473 52
pottedplant 0.0019 386 7 403 24
sheep 0.0055 375 50 502 266
sheep 0.0010 390 113 489 203
