bicycle 0.0058 166 236 317 393
bicycle 0.0014 127 241 450 399
bottle 0.0030 309 79 326 123
bottle 0.0016 343 147 358 179
bottle 0.0013 320 80 343 125
chair 0.0400 276 61 310 105
chair 0.0117 338 60 384 99
chair 0.0090 309 65 360 101
chair 0.0063 337 78 377 125
chair 0.0059 328 65 385 145
chair 0.0054 309 81 355 122
chair 0.0050 328 49 396 111
chair 0.0049 314 56 361 87
chair 0.0046 279 75 306 98
chair 0.0046 234 70 280 101
chair 0.0043 286 59 306 83
chair 0.0042 489 95 501 168
chair 0.0030 242 75 271 93
chair 0.0028 295 49 358 112
chair 0.0025 487 105 500 129
chair 0.0024 369 59 435 156
chair 0.0023 320 75 345 90
chair 0.0022 325 63 351 83
chair 0.0021 376 55 426 94
chair 0.0020 466 72 497 209
chair 0.0020 371 94 432 191
chair 0.0019 366 42 443 110
chair 0.0019 294 64 336 107
chair 0.0015 343 75 365 90
chair 0.0014 343 62 368 83
chair 0.0013 306 72 325 92
chair 0.0012 486 114 500 141
chair 0.0011 380 82 421 128
chair 0.0010 269 75 292 98
diningtable 0.0018 73 54 423 286
dog 0.0010 192 265 253 370
person 0.9410 193 202 274 368
person 0.0130 58 192 288 388
person 0.0098 332 50 483 410
person 0.0060 342 125 360 175
person 0.0055 216 95 235 115
person 0.0047 28 90 238 376
person 0.0040 186 93 207 113
person 0.0037 63 215 133 321
person 0.0029 41 163 154 361
person 0.0029 167 195 394 388
person 0.0029 468 86 498 252
person 0.0028 225 96 240 114
person 0.0023 201 39 450 425
person 0.0022 188 89 236 121
person 0.0020 225 99 240 131
person 0.0017 451 10 502 331
person 0.0017 349 135 379 191
person 0.0016 -1 -1 125 340
person 0.0015 217 96 236 131
person 0.0015 205 93 239 131
person 0.0012 168 87 185 112
person 0.0011 341 28 472 195
person 0.0010 382 22 495 323
pottedplant 0.0013 318 127 352 169
