aeroplane 0.1127 -18 0 440 271
aeroplane 0.0013 82 81 413 284
bicycle 0.0219 184 164 209 212
bicycle 0.0017 189 176 205 203
bicycle 0.0015 187 179 203 221
car 0.0131 31 -4 540 276
person 0.7249 47 108 79 194
person 0.2810 186 155 203 204
person 0.1867 117 156 134 196
person 0.1030 138 156 154 195
person 0.1028 50 124 75 179
person 0.0857 188 158 215 208
person 0.0419 84 155 104 184
person 0.0119 186 154 202 179
person 0.0088 52 146 77 184
person 0.0078 131 150 155 187
person 0.0075 184 149 210 190
person 0.0048 47 111 77 151
person 0.0035 89 165 105 186
person 0.0026 168 160 198 207
person 0.0026 181 149 198 188
person 0.0026 76 145 109 185
person 0.0025 111 151 153 209
person 0.0022 160 152 205 216
person 0.0020 37 118 73 162
person 0.0020 21 87 95 222
person 0.0018 -1 113 11 169
person 0.0011 54 127 76 151
person 0.0011 82 157 115 198
person 0.0010 180 155 197 174
person 0.0010 1 93 41 180
