chair 0.1614 252 227 403 374
chair 0.0629 137 234 445 375
chair 0.0162 212 95 288 173
chair 0.0101 334 217 491 375
chair 0.0062 327 246 400 357
chair 0.0060 272 138 316 183
chair 0.0033 332 233 395 313
chair 0.0031 261 126 323 194
chair 0.0027 282 251 370 354
chair 0.0026 341 249 390 292
chair 0.0019 230 128 277 180
chair 0.0016 222 106 284 152
chair 0.0012 368 263 508 380
chair 0.0010 227 290 355 373
diningtable 0.0070 63 278 436 374
diningtable 0.0022 152 173 430 374
person 0.9722 26 51 312 390
person 0.4507 309 40 494 386
person 0.2252 222 39 443 337
person 0.0739 124 121 151 142
person 0.0507 378 114 496 368
person 0.0401 269 129 400 362
person 0.0273 5 11 203 366
person 0.0225 444 38 497 386
person 0.0197 143 41 348 279
person 0.0187 309 164 332 190
person 0.0114 100 34 480 395
person 0.0104 116 118 142 139
person 0.0096 159 132 179 148
person 0.0089 290 171 309 213
person 0.0080 9 15 120 298
person 0.0078 284 164 310 188
person 0.0073 292 163 377 265
person 0.0066 282 160 316 201
person 0.0052 115 113 160 145
person 0.0047 466 82 499 290
person 0.0036 299 161 334 197
person 0.0023 -3 16 60 295
person 0.0020 1 109 132 366
person 0.0020 304 169 324 210
person 0.0020 286 151 369 227
person 0.0019 266 149 327 216
person 0.0016 192 138 216 169
person 0.0015 468 59 499 202
person 0.0012 275 169 293 217
person 0.0011 470 94 502 147
person 0.0010 480 85 499 158
