bottle 0.0391 450 42 467 93
bottle 0.0141 131 278 160 315
bottle 0.0086 152 282 175 307
bottle 0.0053 129 301 152 323
bottle 0.0044 421 58 438 98
bottle 0.0042 119 286 157 326
bottle 0.0025 484 38 501 96
bottle 0.0016 169 287 196 307
bottle 0.0014 455 54 472 97
bottle 0.0014 421 44 440 88
bottle 0.0013 154 273 178 298
bottle 0.0010 107 270 161 337
bottle 0.0010 133 272 159 294
car 0.0025 150 43 214 105
car 0.0018 156 56 205 96
car 0.0018 279 56 313 71
car 0.0015 249 75 269 89
car 0.0013 226 75 256 88
car 0.0011 189 52 221 96
horse 0.0651 202 55 455 372
horse 0.0061 328 70 469 350
horse 0.0058 276 40 454 280
person 0.9843 333 5 404 211
person 0.8767 26 24 148 350
person 0.2461 145 93 281 329
person 0.0780 121 82 380 344
person 0.0731 119 59 225 325
person 0.0299 -1 57 51 370
person 0.0172 58 9 198 318
person 0.0113 -1 131 41 299
person 0.0097 0 68 13 175
person 0.0082 0 163 10 311
person 0.0063 328 0 400 92
person 0.0061 2 52 35 206
person 0.0060 272 30 408 224
person 0.0049 0 42 10 229
person 0.0044 7 103 119 371
person 0.0032 144 75 198 182
person 0.0031 328 57 348 99
person 0.0028 313 46 368 150
person 0.0027 140 153 188 283
person 0.0020 393 77 474 300
person 0.0016 366 34 427 175
person 0.0015 2 185 32 353
person 0.0014 0 196 9 393
person 0.0014 265 73 281 92
person 0.0011 297 178 434 367
person 0.0010 300 259 366 347
person 0.0010 35 162 157 365
