bicycle 0.0045 291 160 444 295
chair 0.0569 -4 183 128 310
chair 0.0253 12 150 178 301
chair 0.0230 1 233 170 310
chair 0.0175 318 88 387 140
chair 0.0131 -7 269 139 311
chair 0.0124 -3 193 35 304
chair 0.0080 351 132 460 269
chair 0.0079 314 89 360 127
chair 0.0061 11 102 105 298
chair 0.0047 297 92 371 168
chair 0.0038 -2 143 31 261
chair 0.0034 -1 139 48 311
chair 0.0032 -2 236 45 312
chair 0.0020 26 175 88 278
chair 0.0018 374 132 450 220
chair 0.0018 16 277 109 310
chair 0.0015 446 120 501 280
chair 0.0015 330 91 384 117
chair 0.0013 346 94 373 107
chair 0.0012 152 193 267 302
chair 0.0012 59 182 136 272
chair 0.0011 368 92 389 108
horse 0.0012 229 185 432 308
motorbike 0.0060 294 193 445 305
motorbike 0.0018 339 165 457 288
motorbike 0.0011 288 130 450 277
motorbike 0.0011 366 187 444 263
person 0.9653 211 76 372 281
person 0.5524 37 66 152 296
person 0.4676 445 82 499 227
person 0.3468 22 60 94 293
person 0.2170 375 81 454 191
person 0.1195 387 81 487 229
person 0.0666 15 55 77 124
person 0.0612 65 53 129 117
person 0.0509 156 99 206 158
person 0.0453 106 87 144 132
person 0.0400 60 77 127 136
person 0.0337 456 194 502 264
person 0.0301 223 141 422 307
person 0.0296 7 56 58 250
person 0.0293 187 91 232 175
person 0.0226 118 73 236 291
person 0.0187 203 69 312 202
person 0.0127 489 95 500 202
person 0.0124 80 89 119 126
person 0.0112 20 67 76 193
person 0.0102 395 89 474 178
person 0.0098 297 78 436 229
person 0.0094 193 118 213 157
person 0.0091 146 104 193 138
person 0.0079 76 105 115 141
person 0.0069 24 46 150 175
person 0.0066 77 60 119 98
person 0.0066 11 56 59 158
person 0.0056 292 103 318 119
person 0.0055 115 93 139 128
person 0.0053 447 85 494 143
person 0.0049 0 141 14 228
person 0.0049 1 118 34 238
person 0.0048 0 87 11 211
person 0.0048 216 71 276 144
person 0.0040 486 104 500 262
person 0.0040 144 96 280 302
person 0.0039 25 61 68 105
person 0.0037 194 104 225 158
person 0.0031 67 62 191 259
person 0.0025 112 83 154 168
person 0.0019 318 88 357 120
person 0.0018 325 91 347 109
person 0.0017 416 189 471 263
person 0.0014 156 60 277 210
person 0.0012 170 107 192 137
person 0.0012 61 102 129 202
person 0.0012 266 82 394 188
person 0.0011 484 182 500 258
person 0.0010 203 89 226 114
person 0.0010 114 87 139 109
