bicycle 0.1077 17 280 411 377
bicycle 0.0032 164 293 253 371
bicycle 0.0014 108 228 449 373
bicycle 0.0014 56 176 289 375
bicycle 0.0011 212 281 509 375
boat 0.0054 165 283 484 375
boat 0.0010 91 321 482 382
chair 0.0028 446 329 504 372
chair 0.0012 11 282 104 377
chair 0.0010 0 277 51 375
person 0.9371 163 107 334 368
person 0.4958 1 163 61 375
person 0.4058 55 188 154 372
person 0.0302 446 293 495 382
person 0.0178 6 214 102 375
person 0.0047 453 243 495 367
person 0.0033 0 250 10 369
person 0.0028 0 161 52 278
person 0.0020 445 155 503 392
person 0.0019 386 285 502 374
person 0.0018 0 168 11 339
person 0.0017 158 82 277 312
person 0.0017 63 125 292 372
person 0.0014 453 311 492 363
person 0.0012 483 270 498 351
person 0.0011 460 209 499 339
