horse 0.4463 75 165 114 258
horse 0.4061 228 146 275 183
horse 0.2240 193 148 237 185
horse 0.1945 256 147 305 181
horse 0.1575 194 151 242 232
horse 0.1343 258 156 331 182
horse 0.0224 213 145 273 229
horse 0.0219 331 113 413 172
horse 0.0151 277 146 350 174
horse 0.0144 322 50 483 228
horse 0.0066 343 123 398 159
horse 0.0057 231 134 284 165
horse 0.0053 250 132 310 166
horse 0.0051 155 155 210 186
horse 0.0049 277 138 369 190
horse 0.0049 98 26 468 254
horse 0.0048 60 154 132 267
horse 0.0046 115 86 311 247
horse 0.0045 76 165 107 218
horse 0.0042 197 162 240 202
horse 0.0037 248 116 316 179
horse 0.0036 136 152 188 238
horse 0.0033 353 82 453 156
horse 0.0032 329 126 386 167
horse 0.0030 328 84 410 154
horse 0.0029 279 116 374 174
horse 0.0029 98 148 165 266
horse 0.0029 354 127 435 164
horse 0.0028 323 131 417 191
horse 0.0026 310 140 366 174
horse 0.0024 191 150 216 172
horse 0.0022 169 131 327 248
horse 0.0020 279 151 312 171
horse 0.0020 353 129 449 189
horse 0.0017 357 141 429 173
horse 0.0017 188 159 225 205
horse 0.0016 240 147 268 173
horse 0.0016 200 150 235 172
horse 0.0014 219 118 286 179
horse 0.0012 244 139 269 158
horse 0.0012 271 164 323 201
horse 0.0011 278 132 352 166
horse 0.0011 334 117 385 152
horse 0.0010 279 161 313 178
horse 0.0010 38 177 97 253
horse 0.0010 231 147 256 173
person 0.8627 116 146 155 252
person 0.0066 113 154 133 242
person 0.0051 0 176 8 244
person 0.0027 131 160 156 259
person 0.0021 8 0 42 10
person 0.0019 190 169 245 249
person 0.0018 0 138 9 231
person 0.0015 325 6 480 177
person 0.0013 122 179 155 240
person 0.0012 150 164 171 230
person 0.0012 90 173 115 247
person 0.0011 307 8 356 73
train 0.0023 14 29 253 249
tvmonitor 0.0041 451 67 502 156
tvmonitor 0.0024 376 44 497 185
tvmonitor 0.0022 413 76 485 153
