bottle 0.0261 150 225 179 273
bottle 0.0084 139 208 186 284
bottle 0.0018 212 126 225 151
bottle 0.0014 295 341 367 374
bottle 0.0013 156 226 194 272
bottle 0.0012 228 135 247 197
bottle 0.0010 173 205 247 282
bus 0.0013 457 84 500 179
car 0.0100 471 136 500 179
car 0.0011 414 140 454 187
car 0.0011 1 180 188 368
chair 0.8798 339 228 471 370
chair 0.0893 303 197 444 359
chair 0.0436 332 171 484 334
chair 0.0256 332 247 416 358
chair 0.0222 282 272 458 374
chair 0.0222 357 212 439 334
chair 0.0194 373 263 494 378
chair 0.0128 217 236 441 365
chair 0.0062 160 280 408 370
chair 0.0057 396 198 493 285
chair 0.0029 404 212 484 332
chair 0.0023 451 277 497 376
chair 0.0020 285 294 377 377
chair 0.0019 330 206 411 284
chair 0.0017 432 223 506 378
chair 0.0017 221 294 352 371
chair 0.0016 341 226 398 261
chair 0.0012 273 330 387 374
chair 0.0012 341 248 401 290
chair 0.0011 372 217 416 256
chair 0.0010 378 113 504 319
chair 0.0010 455 212 499 335
person 0.9533 128 120 371 372
person 0.0526 122 86 161 175
person 0.0240 284 28 302 76
person 0.0181 0 158 13 256
person 0.0098 480 131 499 177
person 0.0083 128 104 150 167
person 0.0057 -1 174 27 371
person 0.0031 70 156 273 329
person 0.0027 233 117 403 329
person 0.0025 25 171 40 194
person 0.0024 330 98 348 147
person 0.0022 0 168 12 337
person 0.0019 0 152 12 213
person 0.0018 456 171 500 267
person 0.0018 76 219 347 371
person 0.0018 287 25 304 50
person 0.0016 102 88 327 294
person 0.0015 467 120 501 194
person 0.0014 305 88 323 131
person 0.0012 158 123 178 153
person 0.0011 0 154 27 284
person 0.0011 115 114 132 163
person 0.0010 469 132 487 177
person 0.0010 65 347 132 376
pottedplant 0.0053 154 104 187 158
tvmonitor 0.5323 108 175 186 263
tvmonitor 0.5122 343 144 403 221
tvmonitor 0.0475 357 141 435 222
tvmonitor 0.0447 137 119 358 321
tvmonitor 0.0164 212 173 284 258
tvmonitor 0.0131 358 151 396 210
tvmonitor 0.0102 120 190 170 240
tvmonitor 0.0099 181 174 253 259
tvmonitor 0.0081 82 155 247 287
tvmonitor 0.0058 324 104 479 270
tvmonitor 0.0054 330 165 404 255
tvmonitor 0.0040 336 166 375 216
tvmonitor 0.0030 64 178 131 266
tvmonitor 0.0027 272 121 459 309
tvmonitor 0.0025 227 194 271 238
tvmonitor 0.0022 367 157 423 206
tvmonitor 0.0013 14 155 181 289
