bus 0.7311 39 40 459 287
bus 0.0516 331 35 460 175
bus 0.0439 6 -8 344 209
bus 0.0375 112 133 322 277
bus 0.0243 5 7 346 106
bus 0.0160 178 13 477 191
bus 0.0067 364 14 509 186
bus 0.0063 0 -8 186 251
bus 0.0016 15 82 267 288
chair 0.0022 394 166 499 282
chair 0.0016 294 189 360 267
chair 0.0013 291 167 443 281
motorbike 0.0035 392 133 502 276
person 0.9022 345 55 433 267
person 0.0866 120 190 170 260
person 0.0158 345 66 411 138
person 0.0107 149 40 190 66
person 0.0096 212 184 273 261
person 0.0091 382 48 496 282
person 0.0065 458 24 498 87
person 0.0046 0 19 40 90
person 0.0044 188 40 232 67
person 0.0040 435 58 499 270
person 0.0039 142 41 180 75
person 0.0035 177 165 296 277
person 0.0031 149 39 174 59
person 0.0030 125 204 164 247
person 0.0024 481 25 500 75
person 0.0024 308 118 435 283
person 0.0023 132 31 207 78
person 0.0022 77 172 207 280
person 0.0022 207 41 233 58
person 0.0020 199 37 239 62
person 0.0019 259 36 300 67
person 0.0019 2 35 37 72
person 0.0018 159 36 202 65
person 0.0017 172 185 249 261
person 0.0016 222 23 431 265
person 0.0016 28 39 77 67
person 0.0013 0 27 13 90
person 0.0013 250 27 311 82
person 0.0012 440 154 500 259
person 0.0012 446 93 497 189
person 0.0012 171 32 248 79
person 0.0012 191 40 217 59
person 0.0011 11 26 93 80
person 0.0011 129 193 200 259
person 0.0010 233 38 280 66
person 0.0010 471 41 498 80
tvmonitor 0.0263 -2 72 111 254
tvmonitor 0.0092 137 161 285 279
tvmonitor 0.0038 7 129 90 202
