bottle 0.2114 192 217 224 315
bottle 0.0145 193 229 212 302
bottle 0.0048 80 179 338 365
bottle 0.0043 216 226 282 310
bottle 0.0043 178 247 231 352
bottle 0.0014 265 235 281 296
chair 0.0526 278 7 366 70
chair 0.0028 366 223 502 370
chair 0.0028 251 168 501 370
chair 0.0020 455 244 496 364
chair 0.0017 489 273 500 344
chair 0.0016 325 11 397 74
chair 0.0012 340 22 387 63
chair 0.0010 386 292 499 370
diningtable 0.0168 71 220 429 378
person 0.9649 298 39 486 334
person 0.9464 9 20 253 356
person 0.4105 271 -1 321 64
person 0.1760 -1 37 145 398
person 0.0138 304 164 502 371
person 0.0023 34 157 307 381
person 0.0017 -7 38 62 338
person 0.0014 458 209 497 341
person 0.0013 281 -4 355 56
person 0.0010 0 106 12 223
person 0.0010 490 216 500 346
