chair 0.0081 335 210 471 373
chair 0.0029 456 278 498 377
chair 0.0017 401 293 490 371
chair 0.0011 375 136 489 309
person 0.9702 112 4 201 303
person 0.9509 342 152 471 378
person 0.0604 260 54 304 140
person 0.0218 12 362 37 374
person 0.0089 206 56 244 142
person 0.0030 302 23 357 127
person 0.0030 238 -1 334 151
person 0.0030 218 28 272 127
person 0.0023 -1 360 30 375
person 0.0020 250 2 311 90
person 0.0019 265 -4 386 155
person 0.0019 209 11 281 81
person 0.0015 0 348 42 376
person 0.0013 180 165 476 381
person 0.0012 444 165 499 377
person 0.0011 195 31 247 124
