boat 0.0016 179 119 394 370
bottle 0.0011 397 254 488 356
bottle 0.0011 265 232 283 268
car 0.0054 116 142 304 350
car 0.0020 76 211 128 255
chair 0.0344 55 175 120 260
chair 0.0129 346 109 389 209
chair 0.0017 349 158 390 212
chair 0.0011 38 157 136 280
diningtable 0.0111 145 167 415 379
diningtable 0.0016 120 272 380 375
motorbike 0.0095 89 164 348 378
person 0.4824 275 90 347 280
person 0.3225 414 83 452 180
person 0.0513 271 85 326 188
person 0.0499 177 175 244 245
person 0.0226 369 262 500 378
person 0.0181 421 83 456 127
person 0.0111 244 76 353 349
person 0.0110 33 169 103 270
person 0.0102 412 76 464 145
person 0.0072 454 84 500 181
person 0.0062 185 182 223 230
person 0.0060 242 226 495 374
person 0.0027 170 184 190 225
person 0.0024 388 82 443 182
person 0.0022 198 184 238 234
person 0.0021 464 130 501 245
person 0.0020 167 174 201 220
person 0.0018 443 167 499 379
person 0.0016 418 102 443 175
person 0.0014 276 86 311 128
person 0.0013 156 170 216 256
person 0.0013 444 67 504 244
person 0.0013 460 85 497 124
person 0.0013 469 178 501 309
person 0.0010 271 157 327 261
person 0.0010 193 192 215 250
tvmonitor 0.0285 222 83 273 176
tvmonitor 0.0035 228 99 268 150
tvmonitor 0.0029 228 84 273 125
tvmonitor 0.0020 6 1 105 156
tvmonitor 0.0016 15 1 92 81
