car 0.0605 0 248 58 365
car 0.0010 -2 175 101 375
cow 0.4049 254 172 327 248
cow 0.0165 231 160 341 266
cow 0.0034 263 171 318 216
person 0.5750 216 155 251 257
person 0.4263 190 125 218 173
person 0.2129 163 130 191 171
person 0.0811 200 139 240 247
person 0.0406 158 126 198 190
person 0.0344 189 130 211 192
person 0.0072 154 133 196 241
person 0.0072 208 155 226 231
person 0.0059 175 138 196 214
person 0.0050 217 150 233 175
person 0.0025 156 131 175 172
person 0.0024 159 123 197 158
person 0.0023 170 128 189 153
person 0.0020 179 115 229 167
person 0.0016 168 147 191 174
person 0.0014 -1 113 57 379
person 0.0012 219 153 250 209
person 0.0012 214 146 230 185
person 0.0011 192 125 213 153
person 0.0011 187 154 209 230
person 0.0010 205 150 236 208
person 0.0010 198 151 284 262
train 0.0049 90 117 242 262
