bottle 0.0546 5 286 48 373
bottle 0.0150 21 294 89 373
bottle 0.0046 295 230 370 323
bottle 0.0019 307 252 361 293
bottle 0.0015 30 337 84 374
car 0.0012 459 1 499 36
chair 0.0116 216 89 429 292
chair 0.0070 187 36 395 220
chair 0.0030 4 192 100 357
chair 0.0022 52 210 116 285
chair 0.0014 287 117 361 202
chair 0.0010 354 99 463 283
diningtable 0.0010 15 279 333 374
dog 0.0090 298 234 505 377
dog 0.0048 287 268 434 374
dog 0.0018 315 239 393 364
dog 0.0013 373 281 503 369
person 0.8048 71 122 332 373
person 0.6982 184 114 396 378
person 0.1268 295 229 416 376
person 0.0826 389 9 478 248
person 0.0485 409 1 469 139
person 0.0071 92 67 418 321
person 0.0038 374 -5 460 146
person 0.0032 1 -2 98 150
person 0.0026 3 103 103 325
person 0.0019 17 17 84 124
person 0.0016 355 35 464 286
person 0.0015 401 66 469 183
person 0.0015 385 -4 445 97
person 0.0014 -4 12 45 128
pottedplant 0.0104 201 34 382 164
pottedplant 0.0011 0 34 103 288
