bird 0.0061 234 30 323 91
bird 0.0041 232 35 285 77
bird 0.0023 215 15 287 75
bird 0.0019 252 44 306 80
bird 0.0012 227 26 274 64
bird 0.0011 164 7 407 122
bottle 0.0738 219 29 285 86
bottle 0.0131 0 -3 15 46
bottle 0.0075 337 307 390 334
bottle 0.0024 -1 7 25 52
bottle 0.0021 -1 -2 28 81
bottle 0.0020 124 130 165 168
bottle 0.0013 358 299 379 335
bottle 0.0011 0 -1 29 38
bottle 0.0011 0 6 18 30
car 0.0026 -2 208 117 329
car 0.0024 1 216 47 329
diningtable 0.0088 -3 203 425 331
person 0.9385 89 39 484 346
person 0.1775 11 9 342 319
person 0.0525 84 11 419 237
person 0.0163 52 19 228 171
person 0.0034 301 42 500 350
person 0.0017 446 44 501 343
person 0.0014 374 97 498 337
person 0.0014 -3 7 28 116
person 0.0013 210 0 503 238
