bottle 0.0038 262 339 317 375
car 0.1754 284 204 308 218
car 0.0081 286 211 310 224
car 0.0075 273 206 295 217
car 0.0049 301 203 319 218
car 0.0029 303 214 323 230
car 0.0022 232 204 250 218
car 0.0016 250 206 270 217
car 0.0010 345 213 365 230
car 0.0010 324 214 348 229
chair 0.0037 282 343 361 375
chair 0.0021 254 329 329 375
chair 0.0019 272 299 374 371
cow 0.0043 0 276 30 316
person 0.8989 263 159 396 376
person 0.7572 115 172 255 375
person 0.0116 145 175 345 375
person 0.0023 89 170 197 378
sheep 0.0179 -3 269 27 303
sheep 0.0013 0 273 20 311
