car 0.0045 454 172 496 204
car 0.0044 308 170 333 181
car 0.0033 325 169 346 182
car 0.0018 197 167 238 190
car 0.0014 153 166 177 180
car 0.0013 220 167 260 188
cow 0.7928 41 133 173 218
cow 0.0037 101 143 157 176
cow 0.0034 73 144 130 177
cow 0.0025 153 164 195 191
cow 0.0023 146 144 176 181
cow 0.0022 35 145 98 213
cow 0.0021 97 159 157 197
cow 0.0015 68 160 132 197
cow 0.0015 0 128 11 196
dog 0.3322 448 186 494 207
dog 0.0211 388 182 426 218
dog 0.0180 481 189 497 206
dog 0.0148 462 187 507 211
dog 0.0092 450 178 499 222
dog 0.0049 390 164 424 208
dog 0.0022 373 193 421 220
dog 0.0015 451 183 482 198
dog 0.0014 448 188 468 203
dog 0.0013 467 192 505 224
dog 0.0010 455 184 478 210
dog 0.0010 426 186 475 212
person 0.9235 378 127 427 217
person 0.0540 227 169 248 187
person 0.0525 221 170 236 187
person 0.0067 245 170 259 182
person 0.0061 195 169 208 185
person 0.0055 400 149 422 205
person 0.0050 223 173 245 190
person 0.0043 377 151 416 199
person 0.0029 379 147 400 205
person 0.0023 247 -1 396 121
person 0.0015 381 129 418 170
person 0.0015 0 108 11 193
person 0.0014 338 140 401 211
pottedplant 0.0021 301 8 427 211
pottedplant 0.0011 462 90 502 179
