bird 0.0014 285 30 361 103
bird 0.0010 305 82 350 114
car 0.9786 211 103 454 283
car 0.0022 272 146 384 221
dog 0.0019 257 26 330 105
person 0.7222 338 135 385 164
person 0.1348 303 133 363 166
person 0.0597 320 130 399 171
person 0.0319 280 125 382 173
person 0.0280 342 134 366 167
person 0.0121 380 135 428 168
person 0.0105 284 5 364 87
person 0.0090 333 142 380 175
person 0.0077 258 4 325 86
person 0.0072 293 133 339 163
person 0.0059 276 133 321 163
person 0.0040 347 121 395 160
person 0.0037 284 140 312 163
person 0.0032 251 0 397 93
person 0.0029 264 135 291 162
person 0.0028 339 130 368 153
person 0.0024 298 119 358 159
person 0.0024 301 141 332 163
person 0.0022 -2 6 52 309
person 0.0018 320 138 353 163
person 0.0014 262 119 297 161
person 0.0013 0 8 115 309
person 0.0011 329 2 396 82
person 0.0011 370 126 439 178
person 0.0010 -2 26 197 346
