bottle 0.0047 13 323 80 415
bottle 0.0010 22 343 67 394
car 0.0132 109 -34 379 158
car 0.0064 203 -12 392 211
car 0.0028 249 -15 400 131
car 0.0017 182 -50 362 101
chair 0.0035 5 313 149 498
dog 0.0079 135 0 407 281
dog 0.0048 186 161 358 497
dog 0.0017 205 21 388 405
dog 0.0014 252 13 398 262
dog 0.0014 267 39 339 147
dog 0.0014 303 37 362 148
dog 0.0010 306 75 359 190
motorbike 0.0215 -1 309 210 492
person 0.9614 15 140 249 504
person 0.0423 53 90 362 488
person 0.0076 7 169 148 488
person 0.0057 -7 37 95 310
person 0.0037 60 111 258 340
sofa 0.0115 141 -19 403 222
sofa 0.0031 103 22 384 329
