car 0.0189 411 108 494 140
car 0.0107 256 41 275 57
car 0.0058 490 91 500 150
car 0.0022 488 93 499 119
car 0.0020 263 27 284 50
car 0.0013 269 14 292 31
car 0.0012 386 116 497 197
car 0.0010 452 106 495 144
car 0.0010 448 87 499 172
cow 0.0017 272 161 318 203
cow 0.0014 279 150 315 188
cow 0.0010 286 153 307 179
person 0.6409 305 108 500 333
person 0.2301 93 1 169 146
person 0.0834 10 0 84 100
person 0.0627 294 126 370 209
person 0.0305 67 7 208 246
person 0.0148 491 83 499 132
person 0.0109 240 109 416 330
person 0.0058 0 10 64 119
person 0.0040 333 65 345 87
person 0.0039 258 94 393 234
person 0.0033 320 95 493 235
person 0.0025 434 52 504 328
person 0.0024 67 2 128 90
person 0.0014 329 58 345 81
person 0.0013 262 37 281 60
person 0.0012 262 150 332 208
person 0.0010 466 19 499 125
pottedplant 0.0055 159 104 202 148
pottedplant 0.0055 160 79 199 124
pottedplant 0.0054 149 61 204 139
pottedplant 0.0039 152 73 184 117
pottedplant 0.0016 156 78 178 109
sheep 0.3032 1 84 269 353
sheep 0.0115 145 87 212 160
sheep 0.0066 97 136 313 355
sheep 0.0059 81 24 260 232
sheep 0.0036 0 83 131 342
sheep 0.0020 43 12 378 307
train 0.0093 263 38 366 91
train 0.0060 278 51 347 84
