bottle 0.5996 34 102 73 212
bottle 0.5367 322 151 352 204
bottle 0.5359 89 98 109 171
bottle 0.1235 81 101 102 168
bottle 0.0629 38 98 69 169
bottle 0.0552 0 102 17 198
bottle 0.0542 0 78 20 166
bottle 0.0476 32 53 76 155
bottle 0.0447 311 134 357 203
bottle 0.0398 37 78 60 140
bottle 0.0345 23 88 43 154
bottle 0.0339 25 162 42 221
bottle 0.0329 0 137 17 225
bottle 0.0328 426 158 440 198
bottle 0.0292 42 93 65 148
bottle 0.0203 23 119 43 182
bottle 0.0184 61 121 82 186
bottle 0.0164 5 129 41 239
bottle 0.0160 325 144 384 221
bottle 0.0139 327 165 348 211
bottle 0.0121 79 101 116 206
bottle 0.0114 306 151 337 205
bottle 0.0109 341 154 360 206
bottle 0.0101 53 104 78 170
bottle 0.0095 73 121 90 176
bottle 0.0090 111 111 130 166
bottle 0.0063 427 164 443 218
bottle 0.0061 89 87 109 137
bottle 0.0061 14 66 92 252
bottle 0.0052 46 100 77 145
bottle 0.0049 54 160 72 228
bottle 0.0047 55 128 77 200
bottle 0.0044 0 149 13 264
bottle 0.0044 43 106 64 134
bottle 0.0041 346 170 364 212
bottle 0.0038 75 162 92 229
bottle 0.0034 -1 123 25 177
bottle 0.0031 66 48 115 162
bottle 0.0030 331 143 347 165
bottle 0.0028 363 158 383 203
bottle 0.0027 42 160 61 224
bottle 0.0026 82 108 103 137
bottle 0.0026 29 229 172 373
bottle 0.0025 7 104 40 162
bottle 0.0024 334 140 378 189
bottle 0.0024 327 152 349 180
bottle 0.0023 5 287 113 370
bottle 0.0022 6 128 38 189
bottle 0.0022 5 158 36 215
bottle 0.0020 122 226 141 278
bottle 0.0019 42 126 65 204
bottle 0.0019 350 180 398 212
bottle 0.0018 271 137 311 183
bottle 0.0017 70 135 124 232
bottle 0.0017 0 109 22 135
bottle 0.0017 361 174 383 215
bottle 0.0017 83 122 112 179
bottle 0.0016 282 145 316 191
bottle 0.0016 350 183 369 228
bottle 0.0015 24 110 41 136
bottle 0.0015 23 126 42 150
bottle 0.0014 0 122 22 149
bottle 0.0014 258 121 323 200
bottle 0.0014 0 138 19 165
bottle 0.0013 113 136 131 168
bottle 0.0013 34 67 56 126
bottle 0.0012 50 79 73 140
bottle 0.0011 36 95 59 126
bottle 0.0011 113 99 134 148
bottle 0.0011 108 229 150 276
bottle 0.0010 362 186 381 227
bottle 0.0010 363 170 384 192
bottle 0.0010 353 163 394 200
bottle 0.0010 20 257 96 356
bottle 0.0010 130 128 153 174
car 0.0010 175 -3 464 88
chair 0.0013 61 208 437 380
person 0.9644 38 39 390 394
person 0.0780 7 75 43 194
person 0.0717 137 34 506 341
person 0.0348 3 38 40 166
person 0.0201 29 4 316 271
person 0.0192 92 154 478 373
person 0.0167 3 -12 118 159
person 0.0079 9 34 97 227
person 0.0065 -4 64 57 253
person 0.0057 243 44 484 272
person 0.0042 0 4 52 197
person 0.0027 32 18 91 127
person 0.0024 21 4 159 190
person 0.0021 0 33 14 125
person 0.0014 56 16 122 118
person 0.0013 49 -4 205 154
person 0.0012 3 76 37 132
person 0.0011 30 117 242 368
person 0.0010 249 145 332 225
person 0.0010 14 39 181 334
pottedplant 0.0042 54 3 136 78
pottedplant 0.0033 90 6 162 68
pottedplant 0.0025 104 17 151 58
pottedplant 0.0018 17 -4 167 103
sofa 0.0016 143 0 436 84
