chair 0.9482 4 265 73 388
chair 0.9068 296 273 374 440
chair 0.0299 330 260 375 406
chair 0.0138 13 294 69 351
chair 0.0094 10 270 65 329
chair 0.0027 185 298 246 426
chair 0.0017 338 266 375 319
chair 0.0015 34 270 97 382
chair 0.0012 292 203 372 390
chair 0.0012 311 296 358 346
chair 0.0012 0 248 44 344
chair 0.0011 6 257 121 400
chair 0.0011 339 291 375 354
person 0.9351 123 208 200 465
person 0.8363 170 216 264 459
person 0.0276 124 199 247 405
person 0.0069 132 214 188 365
person 0.0042 301 253 363 340
person 0.0034 189 246 245 409
person 0.0019 217 287 264 441
person 0.0019 310 270 351 315
person 0.0015 183 220 251 353
person 0.0010 273 246 336 332
person 0.0010 185 198 289 400
