bicycle 0.0067 -2 23 117 242
boat 0.0049 82 -20 498 341
boat 0.0037 163 145 325 307
boat 0.0012 191 168 291 219
bus 0.5523 189 212 295 290
bus 0.4691 185 202 319 346
bus 0.0510 0 124 111 368
bus 0.0216 154 160 410 338
bus 0.0139 206 232 283 271
bus 0.0118 236 213 326 283
bus 0.0099 258 229 310 266
bus 0.0041 7 48 169 387
bus 0.0034 223 239 331 303
bus 0.0034 138 177 312 316
bus 0.0021 -2 184 65 360
car 0.9885 26 250 235 372
car 0.7118 191 240 326 368
car 0.0446 1 239 118 363
car 0.0360 228 260 325 349
car 0.0209 4 260 47 348
car 0.0170 206 276 297 372
car 0.0164 202 274 248 311
car 0.0119 244 270 486 379
car 0.0116 48 201 283 361
car 0.0098 210 256 281 293
car 0.0074 243 285 313 367
car 0.0069 196 258 245 291
car 0.0056 249 255 311 287
car 0.0052 -5 -4 120 325
car 0.0046 4 279 41 331
car 0.0042 387 220 490 380
car 0.0028 103 260 230 351
car 0.0028 211 252 268 280
car 0.0026 227 254 255 269
car 0.0026 250 282 310 322
car 0.0026 0 265 12 355
car 0.0024 201 324 233 376
car 0.0019 401 355 507 374
car 0.0018 6 303 43 350
car 0.0016 303 282 351 319
car 0.0016 210 276 285 316
car 0.0015 173 259 192 277
car 0.0014 157 258 204 290
car 0.0014 290 262 364 340
car 0.0014 86 265 329 376
car 0.0013 259 310 294 367
car 0.0013 10 232 86 322
car 0.0012 302 293 426 368
car 0.0012 309 258 356 292
car 0.0011 247 254 273 269
car 0.0011 22 288 83 373
car 0.0010 -4 223 64 373
car 0.0010 74 276 191 378
car 0.0010 279 289 317 329
motorbike 0.0025 184 246 222 287
person 0.1367 174 46 484 395
person 0.0057 301 12 497 369
person 0.0014 -1 22 48 128
person 0.0012 1 3 115 142
person 0.0011 210 248 227 265
person 0.0010 205 253 229 274
person 0.0010 0 44 11 145
