bus 0.9773 192 34 471 302
bus 0.0322 8 -3 259 296
bus 0.0153 112 90 406 286
bus 0.0018 326 -12 538 296
bus 0.0016 216 130 286 208
car 0.0019 10 314 95 333
car 0.0016 1 311 48 334
chair 0.0013 215 194 435 333
chair 0.0013 271 204 328 276
person 0.0245 193 177 209 215
person 0.0080 26 27 227 354
person 0.0045 253 150 267 171
person 0.0030 270 150 283 171
person 0.0028 194 197 209 219
person 0.0020 207 175 224 216
person 0.0019 194 192 208 249
person 0.0016 371 99 386 121
person 0.0015 210 195 229 247
person 0.0013 1 206 32 335
person 0.0011 370 109 385 125
person 0.0011 306 127 329 142
person 0.0011 289 127 307 142
person 0.0010 384 90 402 124
person 0.0010 467 207 499 332
