car 0.0272 477 84 500 105
car 0.0130 479 81 499 132
car 0.0024 477 90 501 116
car 0.0011 469 69 502 138
chair 0.0018 0 36 59 276
chair 0.0012 0 88 47 226
dog 0.5716 232 191 418 306
dog 0.3622 319 201 404 273
dog 0.3262 121 169 220 281
dog 0.0907 266 202 389 272
dog 0.0221 339 195 401 236
dog 0.0195 240 194 353 253
dog 0.0192 63 163 216 312
dog 0.0110 335 214 394 259
dog 0.0041 199 177 393 273
dog 0.0031 287 197 368 233
dog 0.0024 369 195 416 231
dog 0.0022 259 200 329 235
dog 0.0019 258 219 324 255
dog 0.0016 292 217 363 256
dog 0.0015 134 166 226 226
dog 0.0012 99 170 189 264
dog 0.0010 163 167 237 261
horse 0.0013 -1 -7 61 213
person 0.7695 45 24 134 253
person 0.0206 482 84 499 156
person 0.0053 0 12 10 176
person 0.0037 0 23 11 106
person 0.0035 0 10 60 247
person 0.0022 -3 5 61 88
person 0.0020 62 25 124 112
person 0.0014 52 26 198 281
person 0.0010 64 50 122 208
pottedplant 0.0011 228 222 277 254
train 0.0051 294 33 504 111
train 0.0032 280 47 459 94
