bottle 0.0096 274 327 304 394
bottle 0.0046 145 155 177 202
bottle 0.0024 151 146 172 211
bottle 0.0018 56 38 112 132
bottle 0.0013 68 54 105 119
bottle 0.0012 129 167 174 209
bottle 0.0011 142 147 160 208
car 0.0016 2 186 85 373
chair 0.0014 0 68 38 198
chair 0.0010 6 248 78 369
person 0.8699 64 61 245 423
person 0.0097 57 45 201 236
person 0.0069 113 110 335 434
person 0.0059 334 96 445 386
person 0.0031 398 123 447 209
person 0.0027 53 17 395 394
person 0.0026 348 132 450 208
person 0.0026 50 218 318 467
person 0.0025 6 214 80 341
person 0.0018 2 178 49 298
person 0.0018 326 152 459 234
person 0.0017 66 35 108 86
person 0.0011 400 151 446 195
pottedplant 0.0049 67 56 446 424
pottedplant 0.0031 2 92 94 313
pottedplant 0.0018 297 50 434 215
pottedplant 0.0015 51 19 120 103
pottedplant 0.0012 6 151 82 265
