bicycle 0.0538 66 282 412 366
bicycle 0.0236 147 327 330 366
bicycle 0.0145 87 319 391 370
bicycle 0.0113 36 219 372 363
bicycle 0.0038 186 339 292 367
bicycle 0.0013 158 348 268 366
chair 0.0033 446 162 479 253
chair 0.0020 388 171 454 249
cow 0.0010 30 249 86 338
horse 0.2502 4 47 405 384
horse 0.0225 195 52 425 371
horse 0.0010 231 62 395 247
person 0.9958 213 35 309 221
person 0.0996 301 72 404 243
person 0.0133 91 24 318 237
person 0.0036 350 121 411 242
person 0.0025 448 129 480 247
person 0.0024 71 330 118 366
person 0.0018 214 43 291 155
person 0.0011 305 81 399 171
person 0.0010 38 159 301 363
