bottle 0.0034 209 275 271 379
bottle 0.0032 13 332 49 374
bottle 0.0017 0 331 17 375
bottle 0.0014 182 261 256 349
chair 0.0176 3 280 44 377
chair 0.0034 0 277 123 370
chair 0.0016 -1 224 64 374
diningtable 0.5032 44 272 381 379
diningtable 0.0134 -5 232 261 371
diningtable 0.0088 6 196 421 365
diningtable 0.0046 184 281 469 374
diningtable 0.0042 183 279 256 376
diningtable 0.0014 -8 283 195 368
person 0.9048 0 176 172 369
person 0.8372 313 191 491 366
person 0.8159 228 141 359 279
person 0.1486 278 170 459 325
person 0.1482 16 148 165 295
person 0.0922 315 282 500 372
person 0.0147 191 153 392 318
person 0.0067 351 208 441 290
person 0.0060 71 127 353 298
person 0.0047 317 224 425 306
person 0.0046 68 149 134 231
person 0.0038 177 227 479 373
person 0.0038 -2 186 69 369
person 0.0027 377 155 500 344
person 0.0024 463 205 500 344
person 0.0017 279 157 368 265
person 0.0015 2 120 125 269
person 0.0015 242 147 332 245
person 0.0011 99 0 157 28
person 0.0011 440 181 503 365
person 0.0010 405 219 479 325
