bicycle 0.0116 4 0 132 194
bicycle 0.0088 1 304 92 502
bicycle 0.0053 244 71 364 431
bicycle 0.0037 -4 -6 100 139
bicycle 0.0018 50 30 369 467
car 0.0052 263 1 345 32
car 0.0040 292 1 371 32
car 0.0020 241 0 366 48
car 0.0013 236 1 314 36
car 0.0013 194 -2 295 58
car 0.0012 332 1 379 37
car 0.0010 214 2 275 42
chair 0.0060 0 355 94 503
chair 0.0043 338 158 374 271
chair 0.0022 323 24 377 397
chair 0.0012 -2 8 84 113
person 0.9553 75 60 242 524
person 0.0596 69 32 290 334
person 0.0232 49 88 165 495
person 0.0195 297 60 371 442
person 0.0085 285 3 376 272
person 0.0052 242 89 370 482
person 0.0043 -3 0 94 427
person 0.0033 336 177 375 326
person 0.0023 -2 8 43 117
person 0.0021 326 107 377 470
person 0.0018 0 2 44 421
person 0.0015 345 186 376 244
person 0.0012 251 196 292 242
person 0.0012 225 -8 378 212
person 0.0010 367 292 375 458
pottedplant 0.0022 240 32 368 396
