person 0.9183 356 182 385 267
person 0.8296 389 170 422 265
person 0.4877 438 177 475 262
person 0.1217 443 188 473 238
person 0.0435 344 184 362 256
person 0.0368 304 175 342 266
person 0.0322 455 191 475 250
person 0.0247 347 185 377 255
person 0.0198 402 198 424 271
person 0.0171 377 181 395 268
person 0.0148 307 189 323 208
person 0.0143 392 170 423 223
person 0.0138 89 145 191 347
person 0.0111 115 75 176 185
person 0.0101 100 52 190 219
person 0.0077 448 191 485 291
person 0.0075 306 184 323 236
person 0.0048 445 201 468 267
person 0.0025 381 207 407 267
person 0.0025 325 183 343 236
person 0.0019 79 39 269 346
person 0.0016 420 195 446 249
person 0.0015 100 155 169 273
person 0.0015 325 186 343 211
person 0.0015 398 169 417 191
person 0.0014 457 191 476 222
person 0.0013 445 187 469 209
person 0.0012 383 172 400 221
person 0.0012 271 168 290 195
person 0.0010 450 213 479 263
person 0.0010 261 174 313 264
pottedplant 0.0437 425 155 483 238
pottedplant 0.0327 461 230 499 371
pottedplant 0.0101 430 169 473 219
pottedplant 0.0051 448 171 485 218
pottedplant 0.0038 401 49 498 264
pottedplant 0.0033 434 157 477 204
pottedplant 0.0019 465 308 499 360
pottedplant 0.0011 465 274 499 331
pottedplant 0.0010 461 246 497 303
train 0.7567 63 91 432 337
train 0.0068 87 80 265 357
train 0.0013 238 105 487 283
train 0.0012 184 161 243 271
