bottle 0.0016 288 138 339 215
chair 0.0029 323 156 436 274
chair 0.0011 0 157 114 273
chair 0.0010 393 213 432 273
person 0.9377 106 36 259 281
person 0.7321 245 33 389 239
person 0.3115 324 74 430 279
person 0.2629 5 45 140 278
person 0.1039 1 39 108 195
person 0.0950 382 5 431 226
person 0.0578 340 21 431 214
person 0.0101 226 87 357 272
person 0.0045 389 2 433 108
person 0.0037 393 52 429 177
person 0.0028 154 37 336 283
person 0.0027 424 20 431 200
person 0.0026 282 28 406 171
person 0.0019 12 23 217 214
person 0.0018 376 114 431 274
person 0.0011 39 77 191 276
person 0.0011 388 96 429 216
person 0.0010 342 -9 431 121
person 0.0010 0 28 51 291
