bottle 0.0015 323 250 342 303
bus 0.0018 296 -2 504 127
car 0.0023 443 0 503 25
car 0.0022 161 -4 486 90
chair 0.0023 456 208 498 281
person 0.9615 114 150 179 330
person 0.7233 216 132 283 298
person 0.6617 437 41 498 188
person 0.6516 151 -2 203 138
person 0.6062 324 158 381 338
person 0.5038 -3 6 27 119
person 0.3412 253 132 324 304
person 0.3214 299 161 366 332
person 0.0924 157 10 238 156
person 0.0477 291 128 365 271
person 0.0260 158 70 208 150
person 0.0232 271 174 318 310
person 0.0188 306 131 365 204
person 0.0183 327 127 373 259
person 0.0100 297 206 346 326
person 0.0099 0 39 18 124
person 0.0092 269 130 309 163
person 0.0091 268 132 320 200
person 0.0088 137 0 212 45
person 0.0083 138 169 184 317
person 0.0056 486 88 499 204
person 0.0044 458 104 496 216
person 0.0039 312 129 356 163
person 0.0035 446 43 502 287
person 0.0034 6 0 180 127
person 0.0028 489 44 499 173
person 0.0026 118 149 169 242
person 0.0020 0 0 18 65
person 0.0020 273 138 309 185
person 0.0018 287 193 305 281
person 0.0018 0 63 16 152
person 0.0017 259 125 323 171
person 0.0016 464 166 500 273
person 0.0015 297 138 333 181
person 0.0013 180 135 265 304
person 0.0012 312 138 356 185
person 0.0012 301 125 367 173
person 0.0012 -3 55 27 168
person 0.0011 437 88 477 185
person 0.0011 32 1 85 32
person 0.0011 1 9 31 64
person 0.0010 232 126 271 161
