person 0.4804 77 66 124 156
person 0.4738 124 136 195 201
person 0.3673 347 71 389 194
person 0.3540 229 87 267 175
person 0.3513 41 97 91 202
person 0.2902 137 89 189 176
person 0.2840 185 88 223 173
person 0.2330 359 64 420 191
person 0.2037 282 95 322 172
person 0.1198 303 66 339 169
person 0.0964 107 102 192 205
person 0.0922 152 75 193 158
person 0.0916 122 91 171 177
person 0.0446 55 76 126 193
person 0.0321 104 73 144 161
person 0.0100 159 70 197 125
person 0.0087 273 144 358 201
person 0.0083 63 107 112 191
person 0.0076 79 71 116 112
person 0.0060 256 99 339 202
person 0.0059 99 70 121 107
person 0.0053 277 60 311 129
person 0.0052 287 114 342 183
person 0.0042 232 65 271 130
person 0.0036 192 68 227 127
person 0.0035 331 84 407 208
person 0.0034 0 104 10 173
person 0.0031 171 81 193 130
person 0.0029 372 65 413 128
person 0.0022 246 119 264 175
person 0.0020 70 67 103 105
person 0.0020 85 61 174 174
person 0.0019 169 79 243 182
person 0.0018 231 117 367 220
person 0.0017 84 84 121 134
person 0.0016 195 78 220 115
person 0.0015 159 141 179 177
person 0.0015 100 63 142 127
person 0.0013 153 80 184 116
person 0.0013 215 65 282 171
person 0.0012 98 74 118 139
person 0.0011 108 83 129 129
person 0.0010 259 63 325 171
person 0.0010 95 116 322 222
