aeroplane 0.9823 -1 98 500 231
aeroplane 0.3117 12 117 352 214
aeroplane 0.0796 52 31 524 208
aeroplane 0.0060 -38 147 457 274
aeroplane 0.0011 283 106 508 222
aeroplane 0.0010 -3 134 221 199
aeroplane 0.0010 217 57 507 185
boat 0.0100 375 61 507 210
boat 0.0058 408 73 475 159
boat 0.0033 454 67 499 165
boat 0.0014 431 49 505 185
car 0.0628 0 166 21 178
car 0.0616 16 162 45 175
car 0.0352 21 159 47 170
car 0.0156 29 162 59 175
car 0.0076 11 159 52 180
car 0.0065 437 171 463 180
car 0.0044 1 154 44 182
car 0.0042 1 155 18 171
car 0.0021 20 154 66 173
car 0.0020 -5 160 31 182
car 0.0017 0 175 18 189
person 0.0078 230 205 256 223
person 0.0042 243 203 262 222
person 0.0030 128 155 150 167
person 0.0027 209 141 227 154
person 0.0025 64 203 80 222
person 0.0017 129 161 151 178
person 0.0014 247 166 271 180
person 0.0014 487 182 499 239
person 0.0013 0 169 12 227
person 0.0013 268 166 290 180
person 0.0013 193 164 211 180
person 0.0013 212 164 229 179
person 0.0011 228 165 250 179
person 0.0011 489 193 499 277
person 0.0010 210 150 227 164
