bottle 0.0163 303 93 348 178
bottle 0.0068 302 97 321 176
bottle 0.0059 459 77 487 188
bottle 0.0037 453 98 474 177
bottle 0.0033 451 95 468 151
bottle 0.0022 295 96 312 148
bottle 0.0016 455 126 485 179
bottle 0.0015 303 90 319 131
bottle 0.0014 467 24 497 178
bottle 0.0010 326 102 346 171
chair 0.0010 0 236 46 368
person 0.6682 165 211 267 375
person 0.5649 0 177 131 372
person 0.5577 250 179 331 380
person 0.2592 296 163 451 376
person 0.1584 116 186 220 377
person 0.0191 136 193 194 290
person 0.0056 -2 62 105 317
person 0.0051 348 0 475 211
person 0.0047 144 196 189 239
person 0.0045 261 209 379 377
person 0.0044 1 175 64 371
person 0.0044 70 175 132 262
person 0.0039 380 -7 498 326
person 0.0035 365 173 501 373
person 0.0031 250 184 315 307
person 0.0030 59 154 205 355
person 0.0030 1 5 52 87
person 0.0030 70 149 128 233
person 0.0029 20 138 84 240
person 0.0027 103 179 171 260
person 0.0025 61 -24 440 341
person 0.0024 405 0 480 82
person 0.0023 -3 -4 59 207
person 0.0022 13 174 87 264
person 0.0021 454 2 499 39
person 0.0021 410 1 470 35
person 0.0020 455 0 499 85
person 0.0020 0 110 12 195
person 0.0018 0 184 53 303
person 0.0017 68 2 130 75
person 0.0017 26 93 155 346
person 0.0017 15 3 79 81
person 0.0015 0 112 10 276
person 0.0014 68 0 123 34
person 0.0013 390 1 490 146
person 0.0013 -2 70 36 193
person 0.0012 0 -4 13 44
person 0.0011 40 2 228 259
person 0.0011 180 205 247 283
person 0.0011 137 150 284 356
person 0.0010 144 0 213 29
person 0.0010 450 232 499 376
