bicycle 0.7899 372 155 499 271
bicycle 0.5048 316 244 490 367
bicycle 0.2441 270 129 465 286
bicycle 0.0971 318 156 490 320
bicycle 0.0217 372 188 501 357
bicycle 0.0177 269 188 476 362
bicycle 0.0164 440 170 500 251
bicycle 0.0162 221 147 334 269
bicycle 0.0070 348 286 464 368
bicycle 0.0024 0 240 51 363
bicycle 0.0017 322 257 414 344
bicycle 0.0017 454 187 494 233
bicycle 0.0014 352 195 468 278
bicycle 0.0012 430 93 508 281
bottle 0.0020 487 175 499 240
bottle 0.0017 483 195 499 220
bottle 0.0016 438 195 457 217
bottle 0.0010 484 208 499 234
car 0.0030 485 336 499 363
car 0.0012 472 331 499 371
car 0.0010 454 335 496 369
car 0.0010 351 319 465 374
person 0.9424 210 86 304 241
person 0.9174 310 21 408 282
person 0.2185 0 138 48 351
person 0.0320 0 116 33 257
person 0.0187 214 88 289 182
person 0.0133 291 19 413 144
person 0.0120 0 224 8 331
person 0.0105 -1 0 46 316
person 0.0075 488 330 499 370
person 0.0031 0 149 14 348
person 0.0027 2 129 96 356
person 0.0015 293 23 372 116
person 0.0011 333 106 350 165
person 0.0011 0 141 19 269
pottedplant 0.0010 301 343 363 368
