car 0.0051 -33 51 317 383
dog 0.3234 140 150 338 493
person 0.8476 32 147 354 494
person 0.0221 312 144 333 283
person 0.0142 -11 80 244 508
person 0.0096 320 165 333 271
person 0.0084 0 360 125 506
person 0.0051 0 68 36 191
person 0.0043 2 72 64 179
person 0.0043 313 176 333 244
person 0.0035 324 118 333 252
person 0.0034 16 77 321 363
person 0.0016 323 141 333 373
person 0.0014 0 297 333 498
person 0.0014 310 193 334 376
person 0.0010 297 382 334 498
person 0.0010 -2 46 129 380
person 0.0010 1 328 29 491
