bicycle 0.9482 25 162 224 324
bicycle 0.0086 13 161 125 325
bicycle 0.0023 3 -1 51 35
bicycle 0.0021 29 191 77 300
bicycle 0.0018 23 0 82 31
bicycle 0.0014 60 150 350 331
bicycle 0.0010 45 198 152 291
bottle 0.0010 96 238 117 260
bus 0.0527 393 8 483 228
bus 0.0093 347 2 469 285
bus 0.0087 471 18 501 161
bus 0.0026 449 16 499 214
bus 0.0025 273 42 460 342
bus 0.0012 392 116 483 311
bus 0.0012 470 84 500 198
car 0.0047 461 209 499 328
chair 0.0039 71 123 254 324
person 0.0301 224 96 269 190
person 0.0264 362 27 462 309
person 0.0170 302 33 428 299
person 0.0143 417 195 460 295
person 0.0117 19 102 169 294
person 0.0077 114 125 165 215
person 0.0063 82 49 187 288
person 0.0061 378 52 427 131
person 0.0060 194 96 241 191
person 0.0037 349 194 385 296
person 0.0033 384 69 415 112
person 0.0031 340 86 386 197
person 0.0030 417 36 472 141
person 0.0029 482 108 500 160
person 0.0027 351 73 383 115
person 0.0021 342 60 389 128
person 0.0021 368 195 388 247
person 0.0020 351 90 385 129
person 0.0020 293 46 346 136
person 0.0020 384 91 414 134
person 0.0019 380 77 424 154
person 0.0018 231 115 266 169
person 0.0017 221 5 425 273
person 0.0017 421 218 455 271
person 0.0016 180 48 310 230
person 0.0015 470 85 499 246
person 0.0015 386 137 432 250
person 0.0014 440 205 458 265
person 0.0013 346 4 468 183
person 0.0012 74 29 262 307
person 0.0011 0 0 13 37
person 0.0010 383 81 431 199
pottedplant 0.0129 196 19 374 212
pottedplant 0.0058 1 0 96 71
pottedplant 0.0039 220 78 281 163
pottedplant 0.0037 252 73 325 158
pottedplant 0.0019 263 44 324 137
pottedplant 0.0015 139 13 300 222
train 0.0140 391 57 485 324
train 0.0011 352 112 469 315
tvmonitor 0.0114 387 45 424 84
tvmonitor 0.0093 432 42 466 79
tvmonitor 0.0070 413 25 472 103
tvmonitor 0.0044 381 30 435 101
tvmonitor 0.0031 393 48 425 71
tvmonitor 0.0027 361 41 392 76
tvmonitor 0.0022 419 46 454 88
tvmonitor 0.0019 484 28 500 86
tvmonitor 0.0018 466 10 500 121
tvmonitor 0.0015 391 27 424 64
tvmonitor 0.0015 440 54 466 82
tvmonitor 0.0010 470 40 498 88
