boat 0.0567 35 75 167 259
boat 0.0078 2 119 128 264
boat 0.0027 56 124 133 207
car 0.0061 302 103 503 287
car 0.0056 395 133 501 200
car 0.0051 395 161 496 221
car 0.0035 443 144 500 170
car 0.0031 445 130 500 199
car 0.0027 387 103 499 234
car 0.0022 476 162 499 179
car 0.0020 485 134 499 183
car 0.0019 469 156 500 189
car 0.0018 85 157 173 218
car 0.0017 410 201 478 227
car 0.0017 101 171 163 203
car 0.0017 409 177 480 206
car 0.0015 394 116 501 173
car 0.0015 469 141 500 176
car 0.0013 400 138 428 155
car 0.0013 480 149 500 170
car 0.0012 397 187 492 240
car 0.0011 136 150 213 225
car 0.0011 416 132 492 165
car 0.0011 366 158 454 225
car 0.0010 446 151 497 229
chair 0.0180 120 55 234 264
dog 0.0156 267 112 448 315
horse 0.0245 46 51 376 323
horse 0.0165 148 61 354 269
horse 0.0054 267 80 451 319
person 0.7430 138 20 218 250
person 0.0103 59 12 209 232
person 0.0054 172 51 322 241
person 0.0042 214 82 284 147
person 0.0028 0 67 9 173
person 0.0028 150 10 209 119
person 0.0019 132 2 226 142
person 0.0010 146 62 205 212
