bottle 0.0025 175 159 195 200
bottle 0.0019 239 33 286 113
bottle 0.0012 139 365 188 376
chair 0.0157 28 111 87 251
chair 0.0018 8 94 91 330
chair 0.0018 63 131 111 238
chair 0.0010 71 124 106 185
person 0.9461 80 73 212 367
person 0.8478 279 98 377 376
person 0.1854 37 99 90 223
person 0.1628 187 79 318 365
person 0.0633 43 93 90 169
person 0.0489 50 99 87 147
person 0.0123 0 95 12 147
person 0.0085 64 99 107 213
person 0.0062 83 94 100 121
person 0.0047 43 87 84 130
person 0.0033 76 84 110 130
person 0.0032 33 101 69 142
person 0.0027 178 223 323 372
person 0.0026 93 94 113 120
person 0.0025 36 81 172 355
person 0.0020 83 99 100 141
person 0.0019 32 75 90 141
person 0.0017 70 96 103 152
person 0.0014 85 90 120 128
person 0.0014 0 97 25 145
person 0.0013 7 102 48 143
person 0.0012 45 125 86 182
person 0.0012 0 81 11 219
person 0.0011 38 102 56 141
person 0.0011 79 86 97 109
person 0.0011 0 99 43 224
pottedplant 0.0030 248 30 398 172
pottedplant 0.0022 331 55 399 146
pottedplant 0.0018 298 10 436 139
pottedplant 0.0014 330 25 404 116
