bottle 0.0831 76 237 121 321
diningtable 0.0035 71 282 504 372
diningtable 0.0012 40 325 461 378
person 0.9284 120 86 390 298
person 0.1491 83 141 347 352
person 0.0170 122 88 322 228
person 0.0135 -1 207 121 343
person 0.0115 79 227 496 375
person 0.0113 487 60 499 124
person 0.0046 7 236 104 321
person 0.0041 0 281 350 376
person 0.0012 0 231 56 322
person 0.0012 27 95 252 339
person 0.0012 438 133 502 359
person 0.0010 -3 261 62 342
tvmonitor 0.0047 437 228 500 325
tvmonitor 0.0032 444 200 500 295
