bottle 0.0044 207 314 287 340
bottle 0.0037 170 304 324 340
bottle 0.0031 61 197 284 334
bottle 0.0019 174 315 254 340
bottle 0.0017 215 305 261 339
bottle 0.0012 196 305 247 338
chair 0.0100 2 154 114 333
chair 0.0095 469 175 500 319
chair 0.0032 362 150 507 334
chair 0.0019 22 147 258 333
chair 0.0015 451 154 499 334
chair 0.0012 136 201 442 338
diningtable 0.0013 187 303 385 340
diningtable 0.0010 56 293 441 347
person 0.9067 303 46 500 345
person 0.7456 41 72 293 330
person 0.7411 158 44 346 348
person 0.1487 195 24 456 324
person 0.0154 26 0 411 295
person 0.0129 451 23 500 313
person 0.0123 471 32 498 205
person 0.0076 7 99 191 334
person 0.0041 465 102 498 236
person 0.0041 486 33 499 239
person 0.0024 381 18 498 272
person 0.0021 92 145 405 337
person 0.0016 487 114 499 290
person 0.0013 290 15 461 236
person 0.0013 156 11 342 186
