aeroplane 0.0056 7 241 419 354
boat 0.8835 127 98 450 329
boat 0.3147 290 108 436 268
boat 0.0600 -2 202 433 345
boat 0.0406 240 149 479 336
boat 0.0166 302 118 362 247
boat 0.0164 305 109 349 210
boat 0.0151 303 130 504 296
boat 0.0120 332 207 391 266
boat 0.0099 323 135 399 240
boat 0.0058 370 193 450 253
boat 0.0049 3 296 54 328
boat 0.0043 -7 28 437 350
boat 0.0019 390 188 482 254
boat 0.0019 -3 277 53 342
boat 0.0018 237 181 338 252
boat 0.0017 377 205 504 346
boat 0.0012 286 181 381 253
boat 0.0011 29 295 86 324
boat 0.0010 261 201 315 235
bus 0.6220 -3 355 97 372
bus 0.2991 0 341 121 375
bus 0.1559 127 350 206 372
bus 0.1280 0 362 55 373
bus 0.0833 32 347 141 371
bus 0.0702 1 340 57 372
bus 0.0590 98 347 178 372
bus 0.0345 17 364 72 374
bus 0.0261 107 338 228 372
bus 0.0236 49 324 121 351
bus 0.0210 166 352 261 372
bus 0.0164 34 313 145 362
bus 0.0122 -12 355 43 375
bus 0.0114 3 322 55 355
bus 0.0114 19 324 74 355
bus 0.0096 39 364 95 374
bus 0.0094 14 307 105 368
bus 0.0056 122 341 303 373
bus 0.0048 100 322 173 349
bus 0.0036 74 311 197 362
bus 0.0034 92 330 124 346
bus 0.0034 -16 325 142 388
bus 0.0034 2 310 54 344
bus 0.0033 45 312 123 341
bus 0.0033 0 344 17 364
bus 0.0029 -1 336 32 372
bus 0.0027 0 330 11 375
bus 0.0027 13 353 41 377
bus 0.0026 35 331 62 347
bus 0.0024 64 364 107 374
bus 0.0023 5 347 47 364
bus 0.0022 137 325 194 359
bus 0.0021 70 332 100 348
bus 0.0019 72 344 104 360
bus 0.0019 48 345 88 360
bus 0.0019 1 296 59 361
bus 0.0019 27 345 67 361
bus 0.0017 50 332 82 349
bus 0.0012 32 351 60 377
bus 0.0010 10 330 44 346
bus 0.0010 1 348 17 380
bus 0.0010 14 294 259 368
bus 0.0010 22 324 246 381
car 0.2246 283 359 359 373
car 0.0464 137 364 196 373
car 0.0357 198 354 293 373
car 0.0211 137 359 218 373
car 0.0128 239 356 344 373
car 0.0121 315 362 357 373
car 0.0107 -1 360 28 373
car 0.0075 256 346 392 373
car 0.0028 123 364 163 374
car 0.0025 311 351 408 372
car 0.0011 154 357 247 374
person 0.3227 377 211 397 259
person 0.1822 487 213 499 259
person 0.0952 345 217 382 255
person 0.0866 391 218 423 258
person 0.0241 368 216 388 255
person 0.0144 281 365 320 374
person 0.0138 334 211 379 243
person 0.0126 385 208 433 269
person 0.0116 376 207 407 248
person 0.0112 484 211 499 238
person 0.0108 455 223 484 242
person 0.0108 380 211 400 235
person 0.0098 368 237 384 259
person 0.0097 379 235 399 259
person 0.0097 203 357 239 373
person 0.0091 456 359 480 374
person 0.0089 331 240 345 260
person 0.0089 422 240 442 258
person 0.0087 401 239 423 260
person 0.0086 190 363 219 374
person 0.0078 388 205 431 243
person 0.0077 331 226 346 247
person 0.0072 452 220 494 251
person 0.0071 337 225 368 246
person 0.0060 338 214 374 233
person 0.0058 489 233 500 297
person 0.0056 350 204 369 218
person 0.0052 343 240 362 260
person 0.0048 304 241 328 255
person 0.0047 415 223 461 260
person 0.0047 262 360 289 372
person 0.0044 474 214 499 258
person 0.0044 375 231 406 262
person 0.0042 113 358 142 373
person 0.0039 340 216 366 252
person 0.0036 458 218 484 236
person 0.0036 46 285 62 302
person 0.0031 487 237 499 260
person 0.0031 364 213 384 235
person 0.0030 479 360 500 374
person 0.0029 393 235 432 262
person 0.0028 396 228 423 249
person 0.0023 444 226 463 245
person 0.0022 338 362 362 373
person 0.0022 441 242 460 257
person 0.0020 334 215 349 235
person 0.0018 362 288 380 302
person 0.0017 220 358 252 373
person 0.0017 405 206 473 276
person 0.0017 408 236 450 262
person 0.0016 457 202 500 282
person 0.0016 457 242 480 257
person 0.0016 384 204 403 219
person 0.0016 355 231 392 263
person 0.0015 118 346 138 368
person 0.0015 243 360 280 373
person 0.0014 419 230 447 247
person 0.0014 345 289 365 302
person 0.0014 233 211 247 233
person 0.0013 186 266 205 287
person 0.0013 403 203 425 218
person 0.0013 271 273 288 288
person 0.0013 446 213 464 234
person 0.0012 285 272 305 286
person 0.0012 457 271 477 286
person 0.0012 364 272 383 287
person 0.0012 316 223 356 260
person 0.0012 326 271 344 286
person 0.0011 442 271 462 285
person 0.0011 402 207 456 240
person 0.0011 400 211 425 231
person 0.0011 330 254 345 269
person 0.0011 285 214 300 230
person 0.0010 487 254 499 275
person 0.0010 327 289 347 302
person 0.0010 248 272 271 288
person 0.0010 334 205 348 217
person 0.0010 344 272 364 286
person 0.0010 343 255 361 268
person 0.0010 454 209 494 242
person 0.0010 306 271 325 285
person 0.0010 305 256 323 270
person 0.0010 451 225 497 325
