bottle 0.0099 229 223 286 240
bottle 0.0053 208 225 266 240
bottle 0.0046 236 216 271 238
bottle 0.0041 211 216 306 239
bottle 0.0024 234 233 267 240
bottle 0.0016 233 192 288 240
person 0.6687 25 5 294 234
person 0.0130 31 10 196 197
person 0.0065 243 141 322 241
person 0.0065 240 212 324 239
person 0.0040 149 25 316 253
person 0.0034 293 102 319 176
person 0.0027 -1 18 78 220
person 0.0022 98 2 315 168
person 0.0020 46 13 226 120
person 0.0018 37 4 181 89
person 0.0018 283 105 319 243
person 0.0014 0 -1 67 90
person 0.0014 201 113 320 237
person 0.0014 55 104 312 240
person 0.0013 233 226 324 239
person 0.0012 285 0 321 202
person 0.0011 11 0 58 16
