car 0.8849 -3 90 429 432
car 0.4459 91 32 484 363
car 0.0455 16 235 481 422
car 0.0040 -3 -1 120 183
car 0.0038 -15 333 439 457
car 0.0036 -3 3 352 315
car 0.0035 3 3 109 94
car 0.0030 409 3 476 41
car 0.0024 399 -1 488 58
car 0.0024 380 2 501 173
car 0.0021 1 -4 111 54
car 0.0013 17 0 95 34
person 0.0240 242 117 339 195
person 0.0050 0 201 8 341
person 0.0028 221 112 291 199
person 0.0024 256 130 326 179
person 0.0020 234 128 277 181
person 0.0018 489 282 500 397
person 0.0018 249 139 326 226
person 0.0010 7 0 182 114
person 0.0010 167 22 477 295
