car 0.8085 -5 183 193 316
car 0.5972 6 197 344 337
car 0.2901 170 196 352 315
car 0.2766 204 196 434 333
car 0.0054 164 206 202 241
car 0.0052 -4 170 141 278
car 0.0037 286 186 366 210
car 0.0036 8 245 266 335
car 0.0019 267 178 386 219
car 0.0016 266 192 386 246
car 0.0016 313 189 397 214
car 0.0012 138 196 209 249
car 0.0011 162 216 201 258
car 0.0011 1 187 55 255
car 0.0011 247 0 325 20
car 0.0010 140 197 189 229
car 0.0010 167 201 195 219
dog 0.9870 192 199 372 336
dog 0.2999 211 209 305 322
dog 0.1817 240 212 322 288
dog 0.0025 236 245 334 334
dog 0.0010 273 205 362 289
person 0.0266 41 194 147 250
person 0.0046 8 191 112 251
person 0.0043 66 203 128 236
person 0.0041 2 89 14 111
person 0.0039 90 194 179 248
person 0.0028 1 89 14 126
person 0.0025 109 202 166 236
pottedplant 0.0031 419 224 459 259
pottedplant 0.0018 62 52 206 233
pottedplant 0.0011 410 208 470 272
