boat 0.0107 20 139 381 242
boat 0.0018 94 80 307 242
car 0.2739 23 136 327 245
car 0.0385 41 -2 138 36
car 0.0140 79 -3 185 34
car 0.0087 30 0 98 28
car 0.0038 382 0 505 37
car 0.0036 265 0 391 38
car 0.0035 104 -4 238 33
car 0.0028 255 161 312 185
car 0.0027 442 1 501 30
car 0.0024 221 -1 352 37
car 0.0024 0 156 65 235
car 0.0020 250 162 331 218
car 0.0020 47 82 243 246
car 0.0017 130 -2 212 25
car 0.0012 3 0 48 22
car 0.0010 158 -4 266 32
chair 0.0012 -2 -1 40 28
dog 0.0028 117 154 163 191
dog 0.0021 106 131 172 194
motorbike 0.2438 98 41 241 225
motorbike 0.0741 59 73 283 252
person 0.9460 96 26 241 201
person 0.0057 347 0 463 37
person 0.0047 106 103 170 180
person 0.0041 380 0 440 33
person 0.0024 149 142 192 183
person 0.0022 211 0 283 27
person 0.0021 181 -2 244 25
person 0.0020 114 142 160 184
person 0.0018 411 0 493 31
person 0.0017 251 161 306 188
person 0.0017 289 0 367 29
person 0.0017 321 0 409 27
person 0.0015 129 98 215 183
person 0.0014 189 142 234 187
person 0.0013 171 95 236 187
person 0.0010 486 0 500 36
