boat 0.6136 240 186 313 205
boat 0.3157 222 197 339 215
boat 0.1232 222 182 335 209
boat 0.0534 204 196 359 223
boat 0.0073 197 198 286 217
boat 0.0059 274 200 365 219
boat 0.0055 10 151 51 188
boat 0.0044 215 186 276 209
boat 0.0042 277 187 361 206
boat 0.0028 249 201 303 210
boat 0.0022 218 207 301 232
boat 0.0020 234 144 330 202
boat 0.0019 180 198 251 219
boat 0.0016 232 197 407 229
boat 0.0015 177 185 254 207
boat 0.0014 232 201 286 211
boat 0.0014 140 176 291 209
boat 0.0014 156 124 416 203
boat 0.0014 151 162 422 218
boat 0.0012 274 201 317 210
bottle 0.0010 41 200 63 219
car 0.0298 412 110 476 130
car 0.0213 419 117 452 130
car 0.0137 66 142 105 154
car 0.0131 431 117 463 128
car 0.0088 441 110 498 129
car 0.0062 37 136 92 159
car 0.0058 60 137 115 156
car 0.0042 328 127 350 140
car 0.0038 52 140 88 156
car 0.0036 401 118 431 131
car 0.0036 285 131 311 141
car 0.0034 448 115 491 128
car 0.0034 12 142 52 182
car 0.0031 307 129 326 140
car 0.0022 377 111 438 131
car 0.0020 481 113 500 128
car 0.0018 361 124 385 135
car 0.0014 399 99 490 139
car 0.0013 401 124 426 134
dog 0.0014 -2 1 50 74
person 0.0720 260 185 296 203
person 0.0395 247 181 273 200
person 0.0043 267 177 289 203
person 0.0040 273 190 309 207
person 0.0034 236 184 258 204
person 0.0030 34 139 53 184
person 0.0029 131 132 146 155
person 0.0026 21 137 90 190
person 0.0025 371 226 387 245
person 0.0025 269 177 315 203
person 0.0018 121 137 139 156
person 0.0016 26 147 61 191
person 0.0016 32 143 77 181
person 0.0013 279 179 306 199
person 0.0011 14 2 90 70
