bottle 0.0039 304 204 322 243
bottle 0.0030 303 215 321 259
bottle 0.0023 289 202 309 243
car 0.0150 69 152 257 274
chair 0.3430 270 126 323 229
chair 0.0157 288 133 340 232
chair 0.0090 271 150 315 212
chair 0.0073 233 108 359 260
chair 0.0042 47 219 225 373
chair 0.0041 272 136 321 191
chair 0.0031 296 135 337 190
chair 0.0016 295 156 335 214
chair 0.0016 201 188 276 245
chair 0.0015 213 196 268 235
chair 0.0013 164 159 245 221
chair 0.0012 166 176 265 251
motorbike 0.0020 61 215 270 378
person 0.9603 288 91 468 379
person 0.5807 98 141 167 234
person 0.5046 84 153 178 270
person 0.4327 62 171 206 371
person 0.0442 287 116 342 212
person 0.0066 111 143 157 190
person 0.0065 73 168 140 268
person 0.0057 0 116 33 263
person 0.0050 438 286 499 371
person 0.0036 0 177 11 268
person 0.0028 287 105 453 230
person 0.0028 2 187 60 372
person 0.0025 366 113 500 370
person 0.0024 -1 118 118 312
person 0.0022 448 65 504 367
person 0.0020 0 169 36 318
person 0.0016 268 101 385 277
person 0.0015 0 109 9 281
person 0.0014 0 54 48 319
person 0.0012 34 116 178 273
person 0.0010 87 224 185 316
person 0.0010 71 143 145 234
tvmonitor 0.2326 0 284 100 370
tvmonitor 0.0442 1 238 61 366
tvmonitor 0.0068 49 290 142 370
tvmonitor 0.0056 7 231 195 367
tvmonitor 0.0037 2 197 100 363
tvmonitor 0.0021 2 230 89 320
tvmonitor 0.0015 2 325 105 377
tvmonitor 0.0013 3 73 45 116
tvmonitor 0.0012 15 305 88 356
