bus 0.0105 212 157 266 194
car 0.9910 50 223 299 308
car 0.9881 102 194 244 239
car 0.7399 156 191 262 231
car 0.6310 457 178 497 217
car 0.5408 372 172 438 209
car 0.4212 81 212 254 273
car 0.3086 222 195 276 226
car 0.3023 176 172 249 206
car 0.1097 77 146 133 184
car 0.1002 411 174 475 211
car 0.0958 109 177 242 219
car 0.0766 451 170 499 194
car 0.0655 99 197 185 228
car 0.0651 182 160 250 193
car 0.0419 471 172 497 189
car 0.0403 212 174 278 210
car 0.0394 475 184 499 226
car 0.0388 239 182 282 217
car 0.0293 109 176 166 203
car 0.0293 109 185 182 210
car 0.0186 69 233 204 298
car 0.0172 360 181 380 202
car 0.0116 469 182 500 206
car 0.0105 52 212 136 284
car 0.0101 93 242 311 339
car 0.0082 420 171 489 195
car 0.0076 80 163 127 196
car 0.0072 202 201 270 234
car 0.0067 249 195 275 220
car 0.0064 420 173 444 189
car 0.0051 398 171 430 185
car 0.0050 220 224 278 252
car 0.0048 255 196 291 224
car 0.0037 359 175 382 195
car 0.0035 378 182 408 204
car 0.0035 180 183 219 202
car 0.0034 430 172 469 187
car 0.0034 361 176 397 205
car 0.0033 183 174 222 191
car 0.0031 250 186 279 207
car 0.0029 73 201 123 232
car 0.0028 99 167 177 215
car 0.0028 269 177 295 190
car 0.0026 233 201 275 238
car 0.0025 477 166 497 199
car 0.0023 122 187 161 207
car 0.0021 119 216 208 256
car 0.0021 87 222 181 258
car 0.0018 83 178 132 209
car 0.0017 218 184 257 200
car 0.0017 71 151 136 208
car 0.0016 60 197 87 213
car 0.0016 467 194 498 243
car 0.0016 45 194 96 220
car 0.0016 262 184 288 206
car 0.0015 142 262 270 329
car 0.0015 110 184 142 206
car 0.0015 200 184 233 202
car 0.0014 254 178 296 207
car 0.0013 406 171 452 199
car 0.0012 221 200 261 221
car 0.0012 350 183 370 198
car 0.0012 109 169 134 185
car 0.0011 62 191 136 251
car 0.0011 399 183 427 205
car 0.0011 83 207 168 236
car 0.0010 71 155 101 177
car 0.0010 380 171 410 190
car 0.0010 95 145 150 181
car 0.0010 283 184 307 196
car 0.0010 63 222 121 266
