chair 0.0036 0 209 105 325
person 0.9511 220 62 270 177
person 0.8782 173 74 226 168
person 0.8765 321 196 429 327
person 0.8591 382 48 454 231
person 0.8420 301 70 351 201
person 0.7958 277 69 313 172
person 0.7304 220 158 298 294
person 0.7002 131 151 218 300
person 0.6832 331 118 394 225
person 0.6296 339 62 383 159
person 0.4859 151 99 200 183
person 0.4840 11 126 104 313
person 0.4527 105 125 168 203
person 0.4247 293 180 345 262
person 0.4171 182 147 229 241
person 0.3762 87 135 177 306
person 0.3579 304 155 348 233
person 0.2732 169 146 245 300
person 0.2585 120 118 169 177
person 0.2031 174 118 225 220
person 0.1110 326 94 386 187
person 0.0994 348 67 383 115
person 0.0793 137 118 185 201
person 0.0715 210 68 241 117
person 0.0659 281 187 370 314
person 0.0653 199 73 232 113
person 0.0592 79 129 141 213
person 0.0528 63 126 150 273
person 0.0484 88 131 161 241
person 0.0367 266 113 313 206
person 0.0364 305 65 350 131
person 0.0303 384 48 447 136
person 0.0245 149 113 189 165
person 0.0146 179 85 222 137
person 0.0137 261 67 326 209
person 0.0131 165 90 205 139
person 0.0117 283 84 314 143
person 0.0116 244 167 316 275
person 0.0109 208 62 293 266
person 0.0085 197 200 385 328
person 0.0084 304 168 340 207
person 0.0078 137 148 197 241
person 0.0078 229 154 290 240
person 0.0076 298 191 343 239
person 0.0072 141 136 180 183
person 0.0070 275 105 308 167
person 0.0067 128 111 166 141
person 0.0064 227 64 264 110
person 0.0064 324 65 354 106
person 0.0058 168 107 204 158
person 0.0056 138 114 174 157
person 0.0056 176 108 221 162
person 0.0054 228 122 282 203
person 0.0052 138 85 226 202
person 0.0049 229 107 268 164
person 0.0044 34 146 158 324
person 0.0044 27 124 89 216
person 0.0039 386 114 438 221
person 0.0039 164 75 200 115
person 0.0037 288 123 370 264
person 0.0035 -1 118 65 322
person 0.0031 225 84 266 141
person 0.0030 269 137 306 185
person 0.0029 180 75 214 113
person 0.0029 239 62 274 103
person 0.0028 306 109 348 164
person 0.0026 282 71 315 117
person 0.0025 157 64 208 129
person 0.0023 111 95 166 154
person 0.0021 21 156 91 272
person 0.0020 272 128 291 187
person 0.0020 113 126 147 167
person 0.0020 182 143 224 191
person 0.0018 335 116 388 158
person 0.0018 137 114 161 137
person 0.0017 0 130 11 243
person 0.0016 333 186 410 258
person 0.0015 234 147 277 181
person 0.0015 306 144 347 193
person 0.0015 211 72 234 98
person 0.0014 128 122 151 170
person 0.0013 310 173 331 197
person 0.0013 233 161 247 184
person 0.0012 231 152 247 195
person 0.0012 265 124 297 173
person 0.0011 230 113 336 280
person 0.0011 255 151 322 234
person 0.0010 343 106 459 269
person 0.0010 19 102 98 247
tvmonitor 0.1036 405 116 490 258
tvmonitor 0.0201 443 125 497 250
