car 0.3334 390 1 487 47
car 0.0376 309 4 503 85
car 0.0301 390 1 478 23
car 0.0093 359 8 507 133
car 0.0050 356 0 468 35
car 0.0045 455 1 496 41
car 0.0031 300 -7 511 49
car 0.0025 456 0 500 73
car 0.0022 464 12 498 58
car 0.0018 363 16 451 52
car 0.0013 382 28 487 114
chair 0.8469 258 4 312 42
chair 0.5526 69 6 196 134
chair 0.3605 102 22 172 115
chair 0.3573 234 2 283 36
chair 0.3569 73 19 130 117
chair 0.2314 294 1 330 43
chair 0.1923 247 8 326 53
chair 0.1544 121 1 204 80
chair 0.1454 284 7 371 58
chair 0.0632 219 0 258 12
chair 0.0605 250 -1 302 28
chair 0.0562 333 0 385 38
chair 0.0505 35 0 164 105
chair 0.0488 313 0 359 37
chair 0.0405 201 0 241 10
chair 0.0366 181 0 244 31
chair 0.0319 80 19 116 64
chair 0.0269 210 2 267 19
chair 0.0259 319 0 356 13
chair 0.0222 269 0 322 27
chair 0.0218 185 0 217 10
chair 0.0217 159 3 202 42
chair 0.0198 217 0 265 36
chair 0.0177 162 0 203 10
chair 0.0160 81 44 120 96
chair 0.0158 245 0 280 17
chair 0.0144 90 52 170 132
chair 0.0137 158 0 266 41
chair 0.0136 116 47 161 95
chair 0.0119 318 3 401 64
chair 0.0117 118 22 164 64
chair 0.0109 289 0 339 26
chair 0.0104 230 15 285 48
chair 0.0100 280 0 311 14
chair 0.0097 192 1 254 15
chair 0.0092 336 0 373 13
chair 0.0082 138 17 193 61
chair 0.0078 179 0 220 41
chair 0.0077 299 0 330 13
chair 0.0076 12 6 187 192
chair 0.0073 213 9 303 56
chair 0.0073 139 -1 203 30
chair 0.0072 300 27 334 66
chair 0.0063 259 0 293 15
chair 0.0056 135 6 192 41
chair 0.0056 141 45 190 91
chair 0.0054 312 13 358 54
chair 0.0049 103 0 168 30
chair 0.0049 79 72 119 121
chair 0.0048 10 -3 90 94
chair 0.0047 314 32 362 68
chair 0.0047 262 11 292 35
chair 0.0046 349 8 371 30
chair 0.0045 332 14 388 55
chair 0.0044 195 16 243 47
chair 0.0042 250 9 277 34
chair 0.0041 319 9 348 27
chair 0.0039 299 10 327 34
chair 0.0039 152 0 212 17
chair 0.0035 71 1 125 34
chair 0.0034 251 29 305 65
chair 0.0034 84 -2 189 48
chair 0.0032 275 28 324 64
chair 0.0031 167 10 198 30
chair 0.0030 281 11 307 34
chair 0.0029 213 17 266 47
chair 0.0029 104 10 146 62
chair 0.0026 144 0 182 10
chair 0.0024 172 0 229 16
chair 0.0023 106 72 157 118
chair 0.0021 129 32 167 71
chair 0.0021 57 -2 140 50
chair 0.0020 222 3 430 84
chair 0.0020 126 0 162 12
chair 0.0018 309 38 330 61
chair 0.0016 248 -3 275 29
chair 0.0015 187 6 210 29
chair 0.0015 302 22 328 44
chair 0.0013 278 33 381 94
chair 0.0012 132 10 161 30
chair 0.0012 147 12 177 32
chair 0.0011 32 -25 236 70
chair 0.0010 229 8 255 26
chair 0.0010 261 -5 289 31
dog 0.8807 70 25 504 354
dog 0.3788 21 59 338 378
dog 0.0517 63 158 437 373
dog 0.0010 -2 219 351 367
person 0.0990 351 0 396 37
person 0.0619 385 1 408 22
person 0.0379 315 0 416 46
person 0.0270 365 0 420 34
person 0.0197 4 3 103 255
person 0.0197 -2 -21 195 336
person 0.0129 359 7 386 33
person 0.0101 357 0 393 16
person 0.0065 3 35 118 392
person 0.0052 410 2 450 19
person 0.0051 484 6 500 58
person 0.0045 209 37 520 393
person 0.0045 0 15 56 123
person 0.0038 2 -5 64 216
person 0.0022 425 0 473 16
person 0.0022 -1 -3 113 107
person 0.0021 398 1 433 18
person 0.0020 488 90 500 211
person 0.0018 472 89 500 227
person 0.0018 69 270 505 375
person 0.0014 484 81 499 161
person 0.0011 463 0 484 16
person 0.0010 306 -6 505 327
pottedplant 0.0028 470 -1 500 47
sheep 0.0267 123 3 448 205
sheep 0.0012 203 10 447 139
sofa 0.0056 316 13 501 126
