bottle 0.0076 376 302 450 372
bottle 0.0014 469 280 500 376
chair 0.0179 1 61 39 193
chair 0.0115 0 131 43 240
chair 0.0018 0 42 49 271
chair 0.0010 0 161 41 210
person 0.7629 17 55 241 377
person 0.6005 125 56 446 380
person 0.3806 298 114 504 380
person 0.0099 -4 67 124 365
person 0.0074 196 163 466 372
person 0.0061 128 153 364 372
person 0.0057 0 49 37 156
person 0.0054 13 -7 413 332
person 0.0048 0 53 31 100
person 0.0029 42 14 217 261
person 0.0027 468 229 499 381
person 0.0026 3 32 111 231
person 0.0017 486 96 500 201
person 0.0015 -1 83 53 346
person 0.0014 16 140 83 227
person 0.0012 376 31 502 345
person 0.0011 442 106 506 381
person 0.0011 472 88 500 229
person 0.0010 0 38 16 98
