boat 0.0052 324 22 490 357
car 0.8752 230 309 328 338
car 0.0879 153 295 214 329
car 0.0248 143 293 185 329
car 0.0182 216 303 292 325
car 0.0177 180 298 236 323
car 0.0146 235 306 320 325
car 0.0060 150 295 171 322
car 0.0044 255 316 335 349
car 0.0043 156 284 209 315
car 0.0031 171 304 228 335
car 0.0029 116 293 172 331
car 0.0024 306 318 331 335
car 0.0022 287 311 341 337
car 0.0018 330 11 488 317
car 0.0017 222 316 307 348
car 0.0017 164 300 201 323
car 0.0013 256 312 303 330
car 0.0013 109 286 154 326
car 0.0013 170 291 196 331
car 0.0012 144 281 184 317
car 0.0012 198 306 250 336
car 0.0012 151 290 171 310
car 0.0012 327 307 382 338
car 0.0011 202 301 237 319
car 0.0010 167 288 198 306
person 0.0839 109 44 463 392
person 0.0606 465 240 499 358
person 0.0214 479 234 499 326
person 0.0119 469 251 499 309
person 0.0090 463 252 484 308
person 0.0061 151 292 169 331
person 0.0036 463 256 483 282
person 0.0025 403 262 421 303
person 0.0018 458 248 490 291
person 0.0014 484 207 500 302
person 0.0012 56 114 368 364
person 0.0012 396 20 496 356
person 0.0011 123 312 138 334
person 0.0010 422 235 484 318
