bicycle 0.0072 317 122 489 369
bicycle 0.0010 246 79 496 310
bottle 0.0049 237 244 282 285
bottle 0.0019 213 245 261 287
bottle 0.0014 303 230 338 270
bottle 0.0013 249 242 271 286
bottle 0.0013 212 236 266 271
bottle 0.0011 312 239 332 264
bottle 0.0010 246 235 303 269
bottle 0.0010 314 229 351 272
car 0.0022 340 127 366 150
car 0.0012 20 117 82 197
car 0.0011 345 118 380 150
person 0.9234 187 88 323 345
person 0.5616 451 12 499 303
person 0.0293 392 9 497 310
person 0.0195 223 164 333 366
person 0.0099 460 130 499 296
person 0.0092 111 83 331 254
person 0.0073 447 107 499 382
person 0.0022 464 4 498 202
person 0.0014 178 56 370 275
sheep 0.1515 187 178 326 362
sheep 0.1204 45 226 302 375
sheep 0.0087 182 232 253 322
sheep 0.0064 207 225 292 311
sheep 0.0048 137 278 365 371
sheep 0.0020 279 170 462 371
sheep 0.0016 133 250 221 350
sheep 0.0012 197 249 247 287
sheep 0.0011 258 233 314 365
sheep 0.0010 304 276 499 375
