bottle 0.0793 118 263 209 342
bottle 0.0122 97 338 157 374
bottle 0.0068 136 278 199 323
bottle 0.0041 98 233 229 363
bottle 0.0040 87 298 179 369
bottle 0.0028 115 275 172 313
bottle 0.0027 117 265 171 296
bottle 0.0026 123 287 213 364
bottle 0.0025 103 361 140 376
bottle 0.0020 136 266 189 298
bottle 0.0018 115 285 170 331
bottle 0.0017 345 256 391 294
bottle 0.0013 90 362 128 375
bottle 0.0013 160 273 202 317
bottle 0.0013 56 296 133 371
bottle 0.0011 78 335 132 373
bottle 0.0011 76 331 183 372
chair 0.8645 0 121 99 264
chair 0.1347 11 119 189 308
chair 0.0254 372 99 498 330
chair 0.0109 -2 128 59 352
chair 0.0050 463 124 501 250
chair 0.0028 -5 75 60 257
chair 0.0025 -1 171 41 320
chair 0.0016 448 76 500 296
chair 0.0015 -1 166 109 376
chair 0.0011 13 191 90 296
person 0.8900 61 121 208 362
person 0.6772 344 76 467 293
person 0.6591 181 78 321 193
person 0.2448 68 129 191 259
person 0.1381 169 90 339 274
person 0.0513 60 109 276 270
person 0.0324 179 71 464 240
person 0.0075 10 298 99 374
person 0.0059 108 99 318 325
person 0.0050 139 88 221 178
person 0.0050 113 73 250 189
person 0.0032 4 294 51 377
person 0.0023 174 109 257 199
person 0.0018 97 237 183 313
person 0.0016 359 99 448 210
person 0.0014 449 52 503 266
person 0.0012 22 335 80 373
sofa 0.0819 161 76 487 295
sofa 0.0161 70 163 248 370
sofa 0.0043 124 99 379 324
