car 0.0112 2 28 44 65
car 0.0010 0 217 30 264
chair 0.0011 6 290 124 462
motorbike 0.8761 189 212 391 415
motorbike 0.0028 78 285 497 455
person 0.6239 196 208 316 411
person 0.0338 214 224 289 382
person 0.0144 107 195 330 426
person 0.0085 279 254 374 359
person 0.0078 450 14 499 316
person 0.0020 49 65 285 477
person 0.0017 460 42 500 220
person 0.0016 242 242 340 368
tvmonitor 0.0044 0 249 45 360
tvmonitor 0.0017 0 211 34 342
tvmonitor 0.0012 2 225 116 400
tvmonitor 0.0012 11 263 100 366
tvmonitor 0.0011 1 277 40 336
