car 0.9967 24 19 481 297
car 0.9903 315 6 396 37
car 0.8818 253 24 479 240
car 0.2783 78 105 500 370
car 0.0937 321 15 391 47
car 0.0640 377 12 399 28
car 0.0328 53 2 143 28
car 0.0315 355 21 499 237
car 0.0292 30 -1 165 39
car 0.0280 323 2 395 23
car 0.0255 363 10 393 29
car 0.0215 33 18 81 51
car 0.0201 335 11 378 30
car 0.0134 19 17 67 46
car 0.0128 89 1 170 25
car 0.0115 0 7 16 54
car 0.0098 405 10 426 24
car 0.0090 369 7 410 31
car 0.0081 -2 11 28 50
car 0.0080 305 19 369 49
car 0.0077 292 10 388 64
car 0.0068 33 10 154 69
car 0.0060 21 5 87 39
car 0.0058 1 2 39 44
car 0.0055 310 12 332 33
car 0.0053 312 23 492 141
car 0.0052 0 23 19 46
car 0.0048 23 9 95 62
car 0.0048 409 0 465 26
car 0.0046 475 0 500 16
car 0.0042 374 3 428 28
car 0.0042 352 4 393 20
car 0.0041 6 0 105 46
car 0.0039 8 29 282 344
car 0.0038 379 2 406 19
car 0.0035 406 2 426 19
car 0.0025 0 121 8 209
car 0.0024 366 -1 416 24
car 0.0024 303 8 342 36
car 0.0023 319 11 347 30
car 0.0022 295 39 344 90
car 0.0021 437 -1 505 18
car 0.0020 340 4 374 38
car 0.0020 58 20 127 55
car 0.0019 453 0 493 13
car 0.0019 332 4 381 19
car 0.0018 72 8 174 30
car 0.0018 17 26 49 45
car 0.0015 1 82 34 233
car 0.0014 0 26 9 101
car 0.0014 327 25 384 74
car 0.0013 266 3 318 33
car 0.0010 0 5 22 35
car 0.0010 221 5 277 33
car 0.0010 415 2 442 17
person 0.0201 0 0 20 48
person 0.0051 141 69 181 117
person 0.0049 160 46 253 107
person 0.0040 128 44 215 111
person 0.0037 129 69 164 119
person 0.0026 204 44 291 104
person 0.0020 88 38 188 108
