bottle 0.0051 302 371 329 496
bottle 0.0041 298 451 333 501
bottle 0.0023 322 351 332 473
dog 0.0010 313 334 332 399
person 0.9974 91 131 191 294
person 0.9083 272 151 333 288
person 0.0418 114 259 154 294
person 0.0277 93 218 147 291
person 0.0244 103 202 170 295
person 0.0211 95 228 124 285
person 0.0159 309 318 331 492
person 0.0139 102 252 138 295
person 0.0121 270 164 332 413
person 0.0099 290 125 333 237
person 0.0070 103 249 167 304
person 0.0063 295 66 333 209
person 0.0045 282 87 337 269
person 0.0040 298 226 333 492
person 0.0038 306 240 332 410
person 0.0031 258 41 335 239
person 0.0028 259 226 333 496
person 0.0021 96 229 117 258
person 0.0017 324 132 332 237
person 0.0015 0 279 6 428
person 0.0015 57 184 224 381
person 0.0013 327 205 333 346
person 0.0012 294 213 333 349
person 0.0010 297 177 334 225
person 0.0010 276 212 321 271
person 0.0010 294 208 332 270
person 0.0010 273 264 325 384
