bottle 0.8677 304 268 344 376
bottle 0.1921 257 258 307 356
bottle 0.0747 271 229 372 376
bottle 0.0552 0 252 15 308
bottle 0.0360 295 231 346 328
bottle 0.0137 285 327 376 374
bottle 0.0126 250 228 317 326
bottle 0.0114 261 278 298 335
bottle 0.0090 302 250 339 304
bottle 0.0069 303 341 360 375
bottle 0.0048 1 264 18 295
bottle 0.0047 14 259 33 302
bottle 0.0039 1 252 15 282
bottle 0.0030 303 268 337 324
bottle 0.0028 1 255 28 305
bottle 0.0026 0 218 14 288
bottle 0.0024 330 338 370 374
bottle 0.0021 322 350 398 376
bottle 0.0019 263 220 459 374
bottle 0.0018 323 291 392 371
bottle 0.0018 297 325 334 375
bottle 0.0014 263 299 299 359
bottle 0.0014 0 324 17 377
bottle 0.0014 0 281 15 310
bottle 0.0013 16 243 37 294
bottle 0.0013 0 276 13 338
bottle 0.0012 261 251 304 305
bottle 0.0011 327 328 348 375
chair 0.0240 26 229 95 307
chair 0.0156 0 231 47 316
chair 0.0051 47 219 126 309
chair 0.0044 38 246 84 296
chair 0.0025 7 244 46 294
chair 0.0018 10 227 51 273
chair 0.0013 453 283 500 375
chair 0.0012 20 219 66 256
diningtable 0.1187 -11 296 207 371
diningtable 0.1034 56 285 432 373
diningtable 0.0076 28 234 243 365
diningtable 0.0069 13 323 335 378
diningtable 0.0033 113 323 457 381
diningtable 0.0023 80 292 183 369
diningtable 0.0015 216 329 355 376
diningtable 0.0013 296 338 425 375
diningtable 0.0012 -1 329 188 377
diningtable 0.0010 -2 300 114 368
person 0.9925 65 192 216 320
person 0.9180 242 122 481 369
person 0.6312 216 133 377 346
person 0.0227 371 120 504 375
person 0.0179 218 223 265 320
person 0.0090 53 198 124 299
person 0.0075 462 1 499 85
person 0.0052 448 231 498 375
person 0.0049 2 2 59 260
person 0.0038 448 128 502 362
person 0.0037 480 3 499 66
person 0.0036 140 183 361 365
person 0.0031 469 174 501 308
person 0.0028 465 2 501 41
person 0.0021 0 154 10 292
person 0.0018 178 31 479 300
person 0.0016 245 189 329 296
person 0.0014 396 223 498 373
person 0.0011 444 -6 500 154
person 0.0010 4 206 118 331
pottedplant 0.6167 39 -3 144 154
pottedplant 0.3574 18 106 103 265
pottedplant 0.3167 27 35 153 227
pottedplant 0.2375 457 100 498 219
pottedplant 0.1933 470 116 502 247
pottedplant 0.1210 416 117 487 187
pottedplant 0.0523 53 133 117 237
pottedplant 0.0503 471 166 500 217
pottedplant 0.0299 404 93 500 226
pottedplant 0.0256 35 132 134 296
pottedplant 0.0206 408 128 429 153
pottedplant 0.0158 446 39 499 217
pottedplant 0.0144 25 -1 112 84
pottedplant 0.0105 13 0 110 201
pottedplant 0.0094 13 169 113 319
pottedplant 0.0074 21 206 98 290
pottedplant 0.0069 60 66 135 187
pottedplant 0.0046 431 17 468 61
pottedplant 0.0042 39 7 94 134
pottedplant 0.0042 400 130 436 164
pottedplant 0.0042 470 133 501 200
pottedplant 0.0042 9 115 52 250
pottedplant 0.0037 427 5 477 79
pottedplant 0.0034 479 140 499 223
pottedplant 0.0031 26 200 67 248
pottedplant 0.0029 420 132 484 229
pottedplant 0.0028 32 -1 148 51
pottedplant 0.0028 477 181 501 210
pottedplant 0.0025 473 178 499 238
pottedplant 0.0025 374 96 509 337
pottedplant 0.0024 52 19 132 64
pottedplant 0.0024 425 17 478 128
pottedplant 0.0024 455 109 503 316
pottedplant 0.0023 5 30 60 282
pottedplant 0.0022 0 132 8 257
pottedplant 0.0022 481 161 500 255
pottedplant 0.0021 65 44 120 89
pottedplant 0.0021 410 9 493 191
pottedplant 0.0018 32 227 84 265
pottedplant 0.0015 18 62 81 198
pottedplant 0.0012 364 119 453 187
pottedplant 0.0012 48 20 195 186
pottedplant 0.0012 452 168 497 212
pottedplant 0.0011 441 56 467 75
pottedplant 0.0010 434 2 469 45
tvmonitor 0.9241 152 30 343 181
tvmonitor 0.0138 227 3 278 36
tvmonitor 0.0107 123 43 372 264
tvmonitor 0.0034 426 115 476 166
tvmonitor 0.0034 409 128 450 170
tvmonitor 0.0025 67 22 289 186
tvmonitor 0.0010 202 10 300 76
