bicycle 0.0029 450 256 499 344
bicycle 0.0019 374 232 507 370
bicycle 0.0015 408 258 487 346
bicycle 0.0012 458 277 496 318
car 0.9114 8 280 114 328
car 0.5258 173 290 222 320
car 0.0365 37 300 147 365
car 0.0325 163 283 214 314
car 0.0237 6 284 51 321
car 0.0217 54 283 119 317
car 0.0132 0 285 11 332
car 0.0129 104 285 151 315
car 0.0100 -1 268 10 320
car 0.0081 116 286 137 314
car 0.0069 2 287 28 331
car 0.0034 0 294 17 323
car 0.0034 205 264 225 288
car 0.0031 140 277 186 314
car 0.0027 0 270 28 319
car 0.0027 0 281 13 308
car 0.0025 119 279 169 316
car 0.0022 4 283 131 372
car 0.0021 170 269 188 295
car 0.0018 58 311 130 351
car 0.0017 191 289 240 323
car 0.0017 126 281 229 323
car 0.0016 169 285 201 309
car 0.0016 85 278 126 317
car 0.0015 71 276 100 292
car 0.0014 190 267 215 292
car 0.0013 183 265 220 301
car 0.0013 114 263 142 274
person 0.0067 451 238 499 315
person 0.0060 459 253 497 298
person 0.0057 481 240 499 292
person 0.0049 117 282 135 317
person 0.0036 451 247 495 283
person 0.0020 470 246 501 285
person 0.0013 478 249 500 275
person 0.0011 463 245 483 286
pottedplant 0.0051 222 132 270 173
pottedplant 0.0019 378 197 505 352
train 0.0020 23 160 249 284
