bottle 0.3378 257 116 272 180
bottle 0.1570 231 129 260 193
bottle 0.1429 235 129 251 184
bottle 0.0274 217 109 273 184
bottle 0.0219 241 117 290 209
bottle 0.0208 250 110 287 171
bottle 0.0086 250 129 282 197
bottle 0.0060 244 102 259 158
bottle 0.0043 204 168 279 264
bottle 0.0035 247 455 291 498
bottle 0.0026 303 250 353 334
bottle 0.0024 218 100 258 151
bottle 0.0024 258 111 273 139
bottle 0.0023 309 266 347 317
bottle 0.0023 198 105 239 167
bottle 0.0020 208 138 241 182
bottle 0.0015 310 260 358 388
bottle 0.0015 243 96 262 116
bottle 0.0010 256 100 278 120
chair 0.0568 15 147 243 492
chair 0.0386 275 43 379 226
chair 0.0085 2 294 200 503
chair 0.0022 229 305 371 486
chair 0.0019 264 104 326 143
chair 0.0013 -1 104 26 314
chair 0.0012 246 94 315 125
chair 0.0012 93 372 340 495
chair 0.0010 2 216 94 506
person 0.8152 1 20 260 487
person 0.5710 103 104 333 396
person 0.1705 40 151 336 498
person 0.1022 40 41 386 309
person 0.0464 176 190 262 296
person 0.0205 173 173 376 481
person 0.0120 61 39 312 223
person 0.0037 148 202 236 292
person 0.0024 3 26 154 398
person 0.0024 27 2 294 118
person 0.0019 121 75 359 269
person 0.0016 128 56 240 140
person 0.0011 347 275 372 456
pottedplant 0.0116 187 89 249 177
pottedplant 0.0025 175 65 255 140
pottedplant 0.0012 191 77 243 121
sofa 0.0912 81 24 346 172
sofa 0.0257 222 53 392 217
sofa 0.0210 115 -2 367 127
sofa 0.0010 39 212 389 498
