bicycle 0.0085 430 22 481 118
bicycle 0.0021 439 31 472 93
bottle 0.0027 367 112 384 130
bottle 0.0023 2 338 45 374
bottle 0.0013 2 104 38 163
bottle 0.0010 1 334 19 375
car 0.0043 375 118 501 314
car 0.0015 313 77 496 257
car 0.0014 487 136 500 196
chair 0.0081 -3 171 105 374
chair 0.0038 365 269 503 374
chair 0.0034 -1 272 185 377
chair 0.0033 460 241 498 367
chair 0.0011 487 306 499 371
person 0.7927 86 46 270 338
person 0.7888 236 83 483 359
person 0.1705 82 58 413 385
person 0.0358 0 84 42 181
person 0.0124 429 0 479 90
person 0.0070 -3 91 113 345
person 0.0032 0 112 60 376
person 0.0025 435 16 470 68
person 0.0014 440 23 461 80
person 0.0013 290 361 311 373
person 0.0012 423 -7 476 56
person 0.0012 428 0 467 42
person 0.0010 24 20 153 301
tvmonitor 0.0676 386 140 487 229
tvmonitor 0.0193 312 110 492 265
