person 0.8164 297 137 420 365
person 0.5670 310 -5 405 255
person 0.2944 182 153 331 347
person 0.2272 279 29 322 165
person 0.0734 423 84 473 160
person 0.0666 307 3 352 150
person 0.0616 294 9 371 191
person 0.0143 215 232 298 327
person 0.0137 119 257 174 351
person 0.0095 381 80 427 173
person 0.0094 329 3 392 147
person 0.0090 249 -7 426 320
person 0.0064 450 82 492 168
person 0.0061 428 82 465 135
person 0.0036 234 23 349 229
person 0.0020 387 97 421 155
person 0.0019 385 80 421 134
person 0.0018 482 87 499 160
person 0.0017 129 243 208 319
person 0.0014 125 295 204 363
person 0.0013 163 76 404 304
person 0.0013 342 33 459 227
person 0.0011 335 54 394 197
person 0.0010 125 276 165 330
person 0.0010 253 7 341 156
