bicycle 0.1066 -5 223 427 503
bicycle 0.0059 80 359 270 503
car 0.0083 356 0 507 105
car 0.0014 292 3 509 177
car 0.0010 436 4 501 100
chair 0.0029 176 0 256 38
chair 0.0028 8 6 194 336
chair 0.0019 159 -4 275 54
chair 0.0013 196 -1 302 31
motorbike 0.9435 39 14 535 480
motorbike 0.1019 15 53 339 526
motorbike 0.0499 52 226 441 499
motorbike 0.0205 20 -9 406 204
motorbike 0.0076 232 139 487 502
motorbike 0.0062 11 11 258 333
motorbike 0.0054 70 -9 500 125
motorbike 0.0014 111 -25 392 72
person 0.0040 143 356 213 464
person 0.0023 154 375 200 431
person 0.0015 334 -1 380 14
person 0.0011 152 343 202 395
person 0.0010 306 0 403 21
