boat 0.0012 177 186 479 299
person 0.6325 285 158 302 208
person 0.4919 271 161 290 207
person 0.4296 252 155 270 206
person 0.3794 215 161 231 204
person 0.3238 444 168 487 226
person 0.2962 303 162 323 209
person 0.1355 444 182 468 226
person 0.1134 487 165 500 220
person 0.0913 2 146 15 217
person 0.0620 453 181 473 226
person 0.0493 328 174 349 212
person 0.0354 267 152 300 214
person 0.0279 457 168 480 219
person 0.0106 245 150 277 210
person 0.0099 2 130 15 191
person 0.0079 193 151 224 241
person 0.0077 288 158 303 181
person 0.0064 0 130 30 263
person 0.0056 197 158 223 202
person 0.0052 1 151 12 280
person 0.0048 471 165 499 219
person 0.0047 14 165 30 242
person 0.0036 308 169 336 211
person 0.0035 3 170 16 192
person 0.0033 13 155 30 209
person 0.0032 2 158 14 181
person 0.0032 284 166 313 212
person 0.0030 275 161 291 183
person 0.0027 449 168 491 201
person 0.0026 486 168 498 192
person 0.0025 489 145 500 198
person 0.0024 305 169 324 192
person 0.0022 0 157 26 205
person 0.0021 210 163 226 240
person 0.0019 449 152 496 216
person 0.0019 -2 124 43 312
person 0.0017 287 167 304 194
person 0.0017 284 155 310 192
person 0.0016 462 170 481 190
person 0.0015 252 156 269 182
person 0.0015 341 161 358 202
person 0.0014 195 169 222 221
person 0.0014 39 162 53 176
person 0.0013 438 148 453 166
person 0.0013 487 162 499 178
person 0.0012 290 154 304 170
person 0.0011 227 158 247 203
person 0.0011 268 179 287 205
person 0.0011 486 180 499 206
person 0.0010 4 181 18 201
person 0.0010 3 146 17 168
train 0.9202 297 123 508 219
train 0.8901 33 111 236 242
train 0.0229 303 153 336 212
train 0.0196 16 60 319 260
train 0.0159 333 145 473 201
train 0.0072 203 117 448 231
train 0.0054 -10 104 143 248
train 0.0053 106 110 307 282
train 0.0039 7 131 192 304
train 0.0036 317 149 418 204
train 0.0024 414 146 488 217
train 0.0015 139 138 209 214
train 0.0015 144 161 204 233
train 0.0014 0 105 43 295
train 0.0013 82 134 182 215
train 0.0010 103 187 478 299
train 0.0010 419 90 524 223
