bottle 0.0229 69 166 128 262
bottle 0.0177 14 58 164 379
bottle 0.0052 84 187 122 237
bottle 0.0010 1 181 33 311
car 0.9042 249 69 465 196
car 0.8993 -13 47 433 332
car 0.2602 428 75 481 108
car 0.2362 410 61 487 127
car 0.1122 95 110 483 376
car 0.0865 -1 36 136 350
car 0.0832 124 64 454 256
car 0.0464 348 66 469 126
car 0.0179 412 73 464 106
car 0.0172 368 78 443 110
car 0.0170 444 76 497 116
car 0.0059 385 50 499 219
car 0.0039 364 47 460 104
car 0.0037 251 58 474 311
car 0.0022 379 58 440 95
car 0.0021 291 71 440 129
car 0.0019 17 20 331 247
car 0.0015 488 74 500 141
car 0.0013 405 77 486 170
chair 0.0180 359 238 467 364
chair 0.0020 45 220 293 371
dog 0.0039 1 115 266 375
motorbike 0.0083 170 61 476 374
motorbike 0.0021 9 163 406 374
person 0.0879 422 56 462 99
person 0.0463 413 48 473 110
person 0.0103 1 105 349 384
person 0.0078 435 45 500 116
person 0.0046 426 45 468 87
person 0.0045 11 108 168 376
person 0.0027 445 60 494 101
person 0.0018 389 57 431 104
person 0.0018 366 115 502 374
person 0.0016 486 66 499 121
person 0.0010 361 55 381 76
