bicycle 0.7669 134 274 230 467
bicycle 0.0980 162 12 257 175
bicycle 0.0735 62 20 146 179
bicycle 0.0058 40 53 164 278
bicycle 0.0052 123 20 260 248
bicycle 0.0049 73 7 244 181
bicycle 0.0046 188 279 230 430
bicycle 0.0017 182 75 238 180
bicycle 0.0015 91 93 120 160
bicycle 0.0012 92 48 159 150
car 0.7037 131 136 280 439
car 0.1902 18 139 250 439
car 0.1233 141 221 348 422
car 0.0120 177 130 355 394
car 0.0020 292 176 364 393
car 0.0016 231 128 310 211
car 0.0015 33 215 174 423
car 0.0011 248 143 291 190
car 0.0010 216 148 277 188
car 0.0010 318 221 360 253
motorbike 0.0030 39 58 225 365
person 0.9638 115 113 246 414
person 0.8471 292 100 336 237
person 0.0723 136 105 167 154
person 0.0161 19 199 71 240
person 0.0061 296 144 349 262
person 0.0057 128 92 172 165
person 0.0036 0 238 6 357
person 0.0030 340 100 372 250
person 0.0019 188 259 232 408
person 0.0019 295 109 327 178
person 0.0015 143 106 163 141
person 0.0015 366 100 374 264
person 0.0012 42 198 80 243
person 0.0011 10 199 77 277
person 0.0011 246 183 299 225
