bottle 0.0013 421 99 446 116
bottle 0.0010 406 102 451 145
car 0.0462 57 117 365 358
motorbike 0.0073 182 229 384 361
motorbike 0.0037 99 114 391 357
motorbike 0.0013 192 300 315 363
person 0.8605 69 62 354 367
person 0.4554 356 -1 455 153
person 0.3108 75 2 349 202
person 0.1522 162 -19 407 337
person 0.0087 397 12 458 135
person 0.0078 86 2 342 100
person 0.0045 258 5 472 191
person 0.0039 163 0 335 43
person 0.0038 201 9 379 200
person 0.0024 50 -1 230 158
person 0.0017 48 15 232 364
person 0.0013 369 0 447 96
person 0.0013 283 0 455 109
