car 0.9404 108 154 227 340
car 0.8618 289 160 419 356
car 0.5291 303 179 512 363
car 0.1959 7 172 202 324
car 0.0563 141 157 268 297
car 0.0493 35 179 63 199
car 0.0466 3 180 134 296
car 0.0276 24 175 69 200
car 0.0158 208 153 276 181
car 0.0104 178 151 259 180
car 0.0081 171 143 269 190
car 0.0046 161 152 271 217
car 0.0041 0 206 11 272
car 0.0037 125 137 300 257
car 0.0021 129 163 220 278
car 0.0021 137 167 189 197
car 0.0017 0 172 43 271
car 0.0015 68 174 132 203
car 0.0013 0 148 10 214
car 0.0013 87 168 185 273
car 0.0012 181 162 248 198
car 0.0012 120 161 230 217
car 0.0011 428 173 505 334
person 0.9753 287 156 400 377
person 0.9449 102 157 168 371
person 0.5844 255 172 298 317
person 0.2367 153 168 209 325
person 0.1664 176 167 231 319
person 0.0246 237 178 280 303
person 0.0236 298 160 330 196
person 0.0115 269 165 289 189
person 0.0087 307 159 350 200
person 0.0053 264 163 298 197
person 0.0039 283 169 304 194
person 0.0028 255 173 322 357
person 0.0024 277 163 312 197
person 0.0018 208 164 295 318
person 0.0015 254 161 316 218
person 0.0014 252 184 268 263
person 0.0013 306 159 404 219
person 0.0010 282 172 302 213
person 0.0010 257 153 313 183
person 0.0010 101 170 170 203
