chair 0.0014 411 308 481 397
dog 0.0437 190 241 316 393
person 0.9036 61 48 228 419
person 0.8112 199 68 323 393
person 0.7418 296 85 458 385
person 0.0565 83 42 348 421
person 0.0109 43 114 167 400
person 0.0092 456 315 501 397
person 0.0063 202 50 321 240
person 0.0062 413 111 474 229
person 0.0060 321 85 478 266
person 0.0055 393 79 495 266
person 0.0050 456 219 498 367
person 0.0048 462 90 500 251
person 0.0043 0 122 44 399
person 0.0031 468 345 500 397
person 0.0024 448 181 496 279
person 0.0018 249 75 317 192
person 0.0017 488 158 500 285
person 0.0017 441 73 502 316
person 0.0017 386 122 501 399
person 0.0016 216 171 295 286
person 0.0016 247 301 324 399
person 0.0014 213 176 450 397
person 0.0014 221 75 297 192
person 0.0013 -4 -2 49 343
person 0.0013 400 238 494 397
person 0.0012 192 294 370 397
person 0.0011 421 178 482 276
person 0.0010 72 31 247 260
pottedplant 0.0391 1 252 47 385
pottedplant 0.0029 317 0 415 24
pottedplant 0.0016 275 1 378 25
pottedplant 0.0010 341 3 410 34
tvmonitor 0.0865 413 63 460 97
tvmonitor 0.0111 417 54 477 94
tvmonitor 0.0032 443 62 498 99
tvmonitor 0.0016 417 61 452 85
tvmonitor 0.0013 421 62 446 101
