bottle 0.0360 234 68 271 170
bottle 0.0159 278 187 304 241
bottle 0.0085 37 16 85 95
bottle 0.0056 242 81 264 157
bottle 0.0050 273 187 311 281
bottle 0.0045 286 190 300 239
bottle 0.0025 44 31 79 83
bottle 0.0025 258 75 271 163
bottle 0.0022 239 112 263 169
bottle 0.0021 219 60 261 152
bottle 0.0020 231 85 245 155
bottle 0.0015 58 28 70 98
bottle 0.0013 311 172 319 252
bottle 0.0011 290 196 303 255
chair 0.0076 37 136 75 175
chair 0.0044 27 140 61 184
chair 0.0014 18 127 68 199
chair 0.0012 289 215 319 399
person 0.9343 2 42 266 443
person 0.0233 0 122 29 439
person 0.0219 0 120 19 301
person 0.0127 284 196 320 356
person 0.0121 -2 116 76 445
person 0.0095 -1 161 19 387
person 0.0079 2 130 174 475
person 0.0052 90 140 326 466
person 0.0051 286 206 317 485
person 0.0042 22 36 243 240
person 0.0035 247 162 320 462
person 0.0034 35 136 76 175
person 0.0016 0 177 6 467
person 0.0015 313 107 320 244
person 0.0012 0 322 31 444
person 0.0011 -11 210 287 479
person 0.0010 0 160 9 301
person 0.0010 -4 303 125 467
person 0.0010 0 316 6 439
pottedplant 0.0159 289 186 314 239
pottedplant 0.0123 284 183 317 295
pottedplant 0.0064 288 199 315 259
pottedplant 0.0010 299 197 320 261
sofa 0.0012 27 285 342 480
