boat 0.0105 12 345 59 380
boat 0.0081 11 300 58 338
boat 0.0031 5 284 67 363
boat 0.0023 0 301 34 347
boat 0.0011 3 328 67 397
boat 0.0010 1 317 34 361
bottle 0.0235 64 282 75 321
bottle 0.0045 50 282 63 319
bottle 0.0022 56 283 82 321
bottle 0.0021 78 279 92 322
bottle 0.0018 42 285 74 320
bottle 0.0014 256 299 329 501
bottle 0.0010 12 284 59 319
car 0.0086 31 348 86 379
car 0.0016 -1 367 287 499
car 0.0013 -17 260 298 474
chair 0.0068 0 382 36 500
chair 0.0031 0 339 31 382
chair 0.0011 0 401 9 501
chair 0.0010 0 312 34 411
diningtable 0.0041 29 306 353 491
person 0.7312 98 48 345 378
person 0.1281 156 105 328 467
person 0.0212 5 29 276 330
person 0.0195 245 153 329 491
person 0.0102 -1 121 338 451
person 0.0042 26 340 41 371
person 0.0037 295 74 331 431
person 0.0034 0 187 37 308
person 0.0022 0 297 7 380
person 0.0019 306 125 332 299
person 0.0018 324 107 331 333
person 0.0014 0 340 12 367
person 0.0012 323 92 331 231
person 0.0011 0 277 37 375
person 0.0011 187 48 335 317
