bottle 0.2957 276 210 313 311
bottle 0.0028 252 152 354 422
car 0.0182 -6 312 326 479
chair 0.1149 38 178 104 259
chair 0.1068 16 180 117 310
chair 0.0702 -5 211 93 302
chair 0.0249 47 183 98 229
chair 0.0092 105 237 168 328
chair 0.0040 -4 215 42 304
chair 0.0030 53 144 217 428
chair 0.0026 12 173 306 482
chair 0.0014 11 225 73 280
chair 0.0014 73 188 121 306
chair 0.0011 9 174 86 269
diningtable 0.0044 29 256 399 475
diningtable 0.0028 280 301 380 498
diningtable 0.0025 0 364 319 498
diningtable 0.0012 232 254 383 468
person 0.9447 111 27 381 309
person 0.2452 56 88 377 478
person 0.0352 103 7 146 56
person 0.0274 40 25 282 323
person 0.0089 342 83 372 261
person 0.0072 196 79 224 130
person 0.0034 89 3 129 48
person 0.0032 336 59 373 360
person 0.0026 367 82 375 246
person 0.0023 217 35 374 249
person 0.0023 228 119 367 395
person 0.0018 65 118 255 373
person 0.0012 200 76 217 106
pottedplant 0.0587 339 273 375 395
pottedplant 0.0516 276 206 385 446
pottedplant 0.0091 352 300 375 375
pottedplant 0.0089 291 279 378 384
pottedplant 0.0036 362 285 375 388
pottedplant 0.0025 345 323 374 386
pottedplant 0.0022 342 207 375 371
pottedplant 0.0020 324 210 381 440
pottedplant 0.0020 334 305 376 368
