chair 0.0383 19 143 78 236
chair 0.0198 0 139 50 246
chair 0.0021 5 118 92 266
chair 0.0016 48 163 82 207
chair 0.0013 33 166 76 212
chair 0.0010 448 190 493 224
horse 0.3438 43 103 451 323
horse 0.0043 21 125 271 310
horse 0.0020 255 105 459 323
person 0.9955 210 10 296 215
person 0.6886 23 104 68 186
person 0.1581 437 163 478 225
person 0.0950 130 7 317 228
person 0.0580 486 166 499 230
person 0.0404 437 170 470 207
person 0.0396 0 120 53 217
person 0.0324 449 171 490 216
person 0.0093 463 164 483 209
person 0.0079 0 111 9 208
person 0.0069 455 171 495 248
person 0.0064 2 87 96 207
person 0.0052 442 131 499 215
person 0.0050 226 75 282 205
person 0.0032 194 34 358 246
person 0.0032 453 2 501 81
person 0.0031 442 184 464 229
person 0.0026 0 117 13 252
person 0.0024 28 102 65 144
person 0.0022 3 80 45 163
person 0.0022 34 137 75 188
person 0.0019 218 141 258 177
person 0.0018 0 146 43 186
person 0.0018 491 162 500 280
person 0.0017 470 162 499 213
person 0.0016 484 138 498 212
person 0.0015 6 114 48 159
person 0.0014 207 0 358 141
person 0.0012 -1 87 9 159
person 0.0011 327 159 348 211
person 0.0010 223 148 248 170
person 0.0010 215 26 286 149
