bottle 0.0765 448 220 467 256
bottle 0.0257 423 229 439 261
bottle 0.0127 411 226 424 250
bottle 0.0122 410 235 422 259
bottle 0.0094 446 235 463 259
bottle 0.0036 427 196 446 249
bottle 0.0022 483 238 499 310
bottle 0.0019 139 203 158 247
bottle 0.0018 408 197 426 247
bottle 0.0018 455 215 471 258
bottle 0.0016 467 272 486 310
bottle 0.0012 413 222 448 256
bottle 0.0012 113 212 132 258
bottle 0.0012 383 226 403 246
bottle 0.0011 443 194 464 256
bottle 0.0010 452 279 490 319
car 0.0010 232 0 488 73
chair 0.0070 285 225 359 301
diningtable 0.0677 348 221 478 323
diningtable 0.0036 382 231 447 263
diningtable 0.0012 362 233 426 262
diningtable 0.0010 406 224 484 315
motorbike 0.1135 281 158 382 288
motorbike 0.0626 219 165 361 309
motorbike 0.0013 162 157 253 317
person 0.7376 220 124 288 312
person 0.6896 145 119 213 318
person 0.6412 71 94 141 287
person 0.2772 391 164 429 234
person 0.1190 276 172 371 305
person 0.0856 24 109 68 218
person 0.0708 229 135 349 309
person 0.0697 269 133 300 180
person 0.0640 323 169 399 264
person 0.0638 171 116 241 318
person 0.0586 210 118 237 174
person 0.0394 71 96 133 188
person 0.0381 9 103 51 180
person 0.0337 421 171 451 220
person 0.0311 86 115 170 313
person 0.0303 28 114 62 163
person 0.0260 2 92 51 293
person 0.0201 18 108 51 156
person 0.0187 145 102 199 178
person 0.0170 197 120 233 258
person 0.0166 0 108 17 157
person 0.0144 393 166 425 208
person 0.0136 271 133 294 154
person 0.0131 99 129 145 252
person 0.0104 84 99 124 140
person 0.0104 293 154 370 232
person 0.0101 151 101 185 139
person 0.0097 342 149 373 186
person 0.0085 219 124 275 203
person 0.0082 266 136 395 261
person 0.0080 488 187 500 284
person 0.0075 0 109 19 134
person 0.0073 456 223 497 320
person 0.0072 104 93 149 182
person 0.0070 271 145 295 194
person 0.0063 299 173 421 312
person 0.0062 224 123 265 165
person 0.0060 110 92 143 140
person 0.0060 0 98 15 220
person 0.0057 429 185 449 231
person 0.0057 184 149 227 284
person 0.0057 341 166 385 209
person 0.0051 307 149 349 187
person 0.0049 404 183 426 233
person 0.0049 220 219 278 308
person 0.0043 57 135 76 182
person 0.0043 341 159 451 282
person 0.0040 14 88 88 252
person 0.0040 485 224 499 304
person 0.0039 267 145 319 233
person 0.0037 426 171 463 254
person 0.0037 24 107 46 143
person 0.0031 233 139 276 178
person 0.0026 430 166 459 212
person 0.0024 31 135 67 190
person 0.0024 296 143 358 197
person 0.0024 8 102 42 144
person 0.0023 151 112 191 158
person 0.0021 358 152 379 191
person 0.0021 275 151 311 192
person 0.0020 160 107 180 134
person 0.0020 211 131 232 208
person 0.0019 236 122 267 154
person 0.0018 4 83 46 161
person 0.0018 22 117 45 172
person 0.0017 30 109 50 135
person 0.0017 256 192 329 298
person 0.0017 56 137 76 159
person 0.0017 32 100 65 146
person 0.0016 316 155 335 193
person 0.0016 280 165 319 203
person 0.0015 114 110 146 161
person 0.0014 444 265 495 323
person 0.0014 0 84 14 138
person 0.0013 52 129 79 168
person 0.0013 54 41 199 248
person 0.0013 59 154 146 322
person 0.0012 70 196 135 294
person 0.0012 299 161 340 203
person 0.0011 0 118 19 143
person 0.0011 112 70 144 115
person 0.0010 54 112 74 156
person 0.0010 336 143 379 199
person 0.0010 75 228 129 309
person 0.0010 211 120 232 144
person 0.0010 26 85 71 160
pottedplant 0.0154 392 16 491 159
pottedplant 0.0048 -2 0 46 71
pottedplant 0.0048 1 248 36 290
pottedplant 0.0022 461 29 500 145
pottedplant 0.0014 0 16 41 56
pottedplant 0.0012 0 0 43 34
pottedplant 0.0011 148 50 171 71
tvmonitor 0.0011 261 0 463 33
