bottle 0.0010 386 234 405 274
bus 0.0142 -20 16 446 307
bus 0.0013 -3 176 198 318
chair 0.0012 0 200 52 290
person 0.8010 286 207 373 375
person 0.7131 409 192 494 375
person 0.0046 456 205 500 345
person 0.0037 333 207 398 283
person 0.0028 486 244 499 342
person 0.0023 343 193 479 375
person 0.0021 0 212 14 264
person 0.0019 154 196 198 232
person 0.0014 291 204 373 291
person 0.0014 378 205 430 282
person 0.0012 483 233 499 295
person 0.0012 482 202 500 275
person 0.0012 272 178 390 332
person 0.0011 266 134 301 174
person 0.0011 145 187 208 247
person 0.0010 34 240 50 260
