bus 0.0178 66 84 126 120
bus 0.0058 58 93 107 123
bus 0.0054 97 77 145 109
bus 0.0031 92 90 150 121
bus 0.0021 77 75 171 122
bus 0.0017 61 74 108 117
bus 0.0016 314 59 491 206
car 0.3844 366 162 421 194
car 0.0221 348 139 441 196
car 0.0172 486 151 500 205
car 0.0171 353 160 400 195
car 0.0080 378 167 415 189
car 0.0076 78 -3 420 99
car 0.0075 453 144 490 194
car 0.0059 352 146 395 187
car 0.0035 17 314 51 325
car 0.0033 474 156 499 201
car 0.0028 432 157 473 198
car 0.0018 328 313 392 342
car 0.0016 485 151 499 180
car 0.0016 366 174 424 203
car 0.0012 311 312 365 337
car 0.0012 408 126 491 197
car 0.0011 317 92 484 217
car 0.0010 44 2 304 85
car 0.0010 407 160 457 198
cat 0.0013 299 194 504 352
chair 0.0010 218 119 280 206
person 0.0195 486 137 499 199
person 0.0184 321 157 343 181
person 0.0096 441 140 461 197
person 0.0054 457 140 479 196
person 0.0034 304 147 348 184
person 0.0026 302 154 324 179
person 0.0020 462 116 498 205
person 0.0012 356 148 380 191
person 0.0011 292 137 361 191
