bottle 0.7604 165 86 225 121
bottle 0.2564 152 81 240 128
bottle 0.2217 163 76 220 109
bottle 0.0430 168 93 221 145
bottle 0.0390 182 69 234 109
bottle 0.0264 0 178 33 338
bottle 0.0182 197 89 243 125
bottle 0.0105 134 92 219 165
bottle 0.0076 132 84 199 121
bottle 0.0073 173 113 218 166
bottle 0.0036 0 357 34 506
bottle 0.0033 106 81 173 116
bottle 0.0032 158 114 202 167
bottle 0.0031 177 56 284 131
bottle 0.0031 200 63 244 110
bottle 0.0029 133 71 194 110
bottle 0.0025 88 69 192 127
bottle 0.0024 13 469 86 499
bottle 0.0023 152 99 200 146
bottle 0.0019 89 99 191 168
bottle 0.0018 161 55 225 92
bottle 0.0012 178 81 205 120
bottle 0.0011 211 83 233 130
diningtable 0.0540 5 299 213 497
diningtable 0.0028 -8 298 106 511
diningtable 0.0021 7 364 332 505
diningtable 0.0019 0 169 157 497
person 0.9403 131 43 405 467
person 0.0856 32 31 311 404
person 0.0654 26 112 188 319
person 0.0458 231 133 409 496
person 0.0392 382 72 403 206
person 0.0191 2 93 90 318
person 0.0160 12 80 197 492
person 0.0151 378 84 402 134
person 0.0115 132 29 329 257
person 0.0097 1 34 89 105
person 0.0088 379 85 402 328
person 0.0073 390 91 402 268
person 0.0063 -4 172 43 478
person 0.0061 1 324 37 486
person 0.0055 385 84 402 162
person 0.0047 364 53 401 447
person 0.0040 4 39 39 93
person 0.0031 289 66 401 442
person 0.0029 378 49 403 161
person 0.0027 0 80 46 340
person 0.0026 171 22 358 179
person 0.0024 4 34 91 172
person 0.0021 374 88 394 124
person 0.0020 391 48 403 124
person 0.0015 194 11 394 267
person 0.0010 5 87 272 277
tvmonitor 0.0099 2 68 90 282
tvmonitor 0.0010 0 91 42 248
