car 0.9852 293 201 326 229
car 0.0179 -33 192 454 354
car 0.0098 271 194 290 204
car 0.0040 300 192 324 206
car 0.0039 321 198 340 214
car 0.0036 291 192 315 207
car 0.0033 325 191 342 205
car 0.0028 275 196 293 212
car 0.0028 341 201 362 213
car 0.0024 248 194 273 203
car 0.0022 225 193 247 203
car 0.0019 250 199 271 209
car 0.0019 381 204 405 215
car 0.0016 228 199 249 208
car 0.0015 399 204 428 216
car 0.0015 363 203 389 213
car 0.0014 337 203 382 227
car 0.0013 309 194 351 226
car 0.0012 173 200 194 210
car 0.0011 294 183 328 217
car 0.0011 195 200 213 209
car 0.0010 488 176 500 239
car 0.0010 210 199 229 209
diningtable 0.0031 20 195 479 351
