bottle 0.0117 456 264 497 338
bottle 0.0031 460 280 483 336
bottle 0.0022 460 302 491 351
bottle 0.0018 484 275 498 339
bottle 0.0015 455 287 495 366
bottle 0.0010 458 300 479 341
chair 0.0417 319 7 499 358
diningtable 0.0036 40 225 535 368
dog 0.1681 167 67 322 256
dog 0.0407 201 82 278 166
dog 0.0255 178 141 256 234
dog 0.0250 198 136 299 235
dog 0.0150 172 110 267 204
dog 0.0047 213 84 268 131
dog 0.0025 179 71 268 143
dog 0.0024 117 118 225 193
dog 0.0015 172 117 234 156
dog 0.0014 242 136 319 234
dog 0.0012 170 104 236 139
person 0.7744 8 11 189 360
person 0.3550 23 14 318 304
person 0.1578 334 -19 492 331
person 0.0891 0 -2 255 213
person 0.0392 126 38 304 228
person 0.0157 14 -2 237 104
person 0.0075 452 51 500 378
person 0.0060 216 18 523 353
person 0.0045 1 160 266 369
person 0.0037 464 171 499 323
person 0.0017 488 165 500 337
person 0.0017 441 -2 499 268
person 0.0016 23 0 158 43
person 0.0013 45 0 370 150
person 0.0010 50 1 132 29
person 0.0010 51 138 140 231
person 0.0010 48 175 143 255
pottedplant 0.0084 458 220 501 332
sofa 0.1535 -16 70 366 364
sofa 0.0331 70 118 505 374
sofa 0.0050 150 81 401 295
sofa 0.0044 -43 216 460 372
