bicycle 0.0055 301 83 494 342
bicycle 0.0028 135 -7 445 143
boat 0.0010 74 282 498 370
car 0.2304 -3 9 350 133
car 0.0061 0 3 195 94
car 0.0060 2 10 205 185
car 0.0055 3 9 411 256
car 0.0035 -4 2 122 140
car 0.0028 92 -4 405 95
car 0.0026 162 0 340 40
car 0.0015 0 -11 53 155
car 0.0011 -1 -2 43 92
car 0.0011 0 25 36 171
person 0.0207 0 -2 111 318
person 0.0055 96 0 244 44
person 0.0023 130 0 213 31
person 0.0019 0 17 61 353
person 0.0018 374 -20 499 335
person 0.0016 189 -3 464 145
person 0.0014 328 196 404 287
person 0.0012 63 7 198 69
pottedplant 0.9200 229 69 421 305
pottedplant 0.4034 36 66 233 309
pottedplant 0.0273 24 15 320 250
pottedplant 0.0125 304 41 493 333
pottedplant 0.0080 -1 69 112 363
pottedplant 0.0075 287 165 367 265
pottedplant 0.0065 260 158 323 266
pottedplant 0.0064 49 100 366 330
pottedplant 0.0050 86 116 182 199
pottedplant 0.0025 89 142 180 232
pottedplant 0.0024 134 169 212 266
pottedplant 0.0022 127 113 213 203
pottedplant 0.0022 108 -1 477 269
pottedplant 0.0020 15 131 182 350
pottedplant 0.0018 319 168 405 268
pottedplant 0.0013 59 142 135 234
pottedplant 0.0011 58 114 137 202
pottedplant 0.0011 314 132 407 238
pottedplant 0.0011 265 149 459 326
