bottle 0.0036 358 0 460 216
bottle 0.0019 1 114 103 376
bottle 0.0018 386 112 430 212
bottle 0.0018 381 110 399 163
bottle 0.0011 381 122 400 147
car 0.0035 4 44 105 390
chair 0.0033 376 181 508 367
chair 0.0020 53 220 301 368
chair 0.0013 463 204 500 349
chair 0.0011 70 216 506 380
chair 0.0010 3 271 265 376
chair 0.0010 323 223 488 370
person 0.9217 98 132 323 371
person 0.0934 392 20 494 359
person 0.0892 3 334 36 374
person 0.0224 443 9 501 368
person 0.0126 412 129 463 246
person 0.0107 65 118 505 376
person 0.0091 387 140 433 233
person 0.0071 3 -22 111 342
person 0.0050 86 27 122 71
person 0.0039 17 343 92 375
person 0.0034 -1 220 105 375
person 0.0026 78 17 129 85
person 0.0021 27 64 396 321
person 0.0019 -3 -21 53 338
person 0.0018 459 110 496 264
person 0.0017 490 84 499 275
person 0.0016 1 342 21 381
person 0.0011 21 34 166 340
tvmonitor 0.0024 25 0 168 318
tvmonitor 0.0018 161 -1 345 96
tvmonitor 0.0014 133 1 434 202
