boat 0.0065 13 128 179 268
boat 0.0048 58 167 136 230
boat 0.0029 50 163 205 281
boat 0.0019 74 179 120 215
bus 0.0041 0 153 54 230
bus 0.0035 -5 134 125 258
bus 0.0033 282 186 360 263
bus 0.0017 9 157 100 228
bus 0.0016 1 180 48 218
bus 0.0012 88 165 254 278
car 0.8757 -3 212 67 322
car 0.8745 292 179 449 308
car 0.8117 54 208 149 277
car 0.6087 257 185 326 269
car 0.2760 322 159 382 179
car 0.2112 0 196 104 305
car 0.1712 185 187 250 266
car 0.0762 185 185 316 267
car 0.0547 38 161 161 286
car 0.0238 260 179 393 273
car 0.0202 153 191 277 281
car 0.0167 308 153 396 187
car 0.0161 66 221 135 265
car 0.0158 314 197 422 285
car 0.0158 93 213 167 278
car 0.0125 63 203 136 236
car 0.0084 381 158 442 181
car 0.0043 0 189 61 262
car 0.0035 2 278 44 321
car 0.0032 8 257 87 323
car 0.0028 105 235 151 272
car 0.0026 260 211 316 264
car 0.0023 371 165 450 219
car 0.0022 489 155 500 218
car 0.0020 135 212 200 271
car 0.0018 1 219 56 253
car 0.0017 262 197 319 246
car 0.0016 283 200 361 278
car 0.0015 382 171 435 210
car 0.0014 1 199 51 227
car 0.0013 360 163 389 176
car 0.0013 488 172 499 255
car 0.0013 80 232 131 276
car 0.0012 323 169 386 196
car 0.0011 316 166 402 216
car 0.0010 189 198 239 243
person 0.0086 210 200 230 217
person 0.0044 177 191 193 211
person 0.0040 193 200 210 218
person 0.0039 211 195 231 232
person 0.0035 208 193 229 213
person 0.0032 97 165 116 209
person 0.0032 407 291 427 310
person 0.0031 190 192 205 212
person 0.0023 381 291 403 311
person 0.0019 132 234 152 271
person 0.0019 381 196 427 234
person 0.0018 0 160 14 213
person 0.0018 424 293 444 312
person 0.0017 255 177 269 189
person 0.0017 361 181 440 256
person 0.0016 490 158 500 240
person 0.0014 0 204 49 240
person 0.0013 487 179 499 268
person 0.0011 208 182 231 192
person 0.0010 232 180 249 190
pottedplant 0.0067 375 295 493 337
pottedplant 0.0036 372 302 438 333
pottedplant 0.0027 395 304 478 334
pottedplant 0.0017 89 167 125 210
train 0.0015 386 163 500 325
