bottle 0.2219 290 167 308 219
bottle 0.0811 288 161 303 206
bottle 0.0681 235 163 255 215
bottle 0.0675 302 174 317 215
bottle 0.0467 268 162 288 224
bottle 0.0306 325 175 343 214
bottle 0.0291 348 170 366 217
bottle 0.0159 250 157 269 209
bottle 0.0134 105 344 164 373
bottle 0.0105 303 87 324 124
bottle 0.0062 287 143 304 193
bottle 0.0059 228 145 262 225
bottle 0.0049 271 141 292 194
bottle 0.0037 298 174 332 216
bottle 0.0035 168 154 185 205
bottle 0.0030 263 148 304 230
bottle 0.0027 328 159 347 206
bottle 0.0026 235 256 272 345
bottle 0.0023 302 171 319 197
bottle 0.0021 246 286 267 339
bottle 0.0021 246 141 269 194
bottle 0.0020 241 166 271 215
bottle 0.0020 283 181 311 228
bottle 0.0019 67 345 131 374
bottle 0.0017 264 159 294 205
bottle 0.0017 304 142 324 190
bottle 0.0017 91 334 180 374
bottle 0.0017 261 177 289 240
bottle 0.0016 233 139 255 198
bottle 0.0016 259 145 298 190
bottle 0.0015 329 87 351 129
bottle 0.0014 229 223 277 324
bottle 0.0014 310 106 328 126
bottle 0.0012 286 156 303 179
bottle 0.0012 214 154 233 207
bottle 0.0012 328 171 346 196
bottle 0.0012 63 335 102 373
bottle 0.0011 329 137 349 191
bottle 0.0011 310 170 355 211
bottle 0.0011 270 166 288 197
bottle 0.0010 290 98 311 121
chair 0.0091 368 296 438 371
chair 0.0047 393 292 491 373
chair 0.0045 379 309 423 354
chair 0.0014 372 222 503 370
chair 0.0013 313 281 495 372
diningtable 0.8808 92 166 479 382
diningtable 0.0084 42 223 382 374
diningtable 0.0027 87 270 486 375
diningtable 0.0017 229 224 500 371
diningtable 0.0016 209 102 447 341
person 0.9762 334 117 492 370
person 0.7956 327 93 386 217
person 0.7070 1 108 121 374
person 0.5536 116 77 224 353
person 0.3956 176 72 252 202
person 0.1287 137 79 197 193
person 0.1283 82 73 187 313
person 0.1130 319 93 414 271
person 0.0471 91 77 319 362
person 0.0142 206 71 265 184
person 0.0136 142 62 263 317
person 0.0117 314 87 365 179
person 0.0110 331 82 462 244
person 0.0095 193 67 251 145
person 0.0065 76 89 139 177
person 0.0043 468 179 501 367
person 0.0041 444 127 500 369
person 0.0039 53 60 159 262
person 0.0039 135 128 198 240
person 0.0034 358 110 434 205
person 0.0034 103 88 168 184
person 0.0031 309 87 347 128
person 0.0024 285 359 387 374
person 0.0021 330 88 369 127
person 0.0020 0 55 108 275
person 0.0018 487 196 499 364
person 0.0016 200 76 242 128
person 0.0013 96 126 164 244
person 0.0013 0 74 65 372
person 0.0012 1 105 43 210
person 0.0012 337 125 381 187
person 0.0011 214 106 260 212
person 0.0011 361 165 442 265
person 0.0011 186 68 291 236
person 0.0010 320 98 355 152
tvmonitor 0.0103 -3 15 54 112
