bicycle 0.3193 5 320 61 400
bicycle 0.2480 79 330 164 418
bicycle 0.0458 37 304 96 402
bicycle 0.0062 6 343 42 397
bicycle 0.0053 0 352 7 431
bicycle 0.0015 29 342 64 402
bicycle 0.0014 50 331 87 390
bicycle 0.0010 2 333 35 449
person 0.9868 89 254 160 385
person 0.9266 7 277 55 377
person 0.9108 45 275 86 379
person 0.8657 329 224 374 451
person 0.0251 15 281 50 345
person 0.0095 50 277 86 330
person 0.0069 3 276 44 329
person 0.0047 0 292 10 374
person 0.0040 27 269 104 401
person 0.0028 7 300 40 367
person 0.0021 342 207 375 312
person 0.0021 318 281 363 439
person 0.0010 93 291 129 352
