aeroplane 0.0021 4 20 416 115
boat 0.0054 244 2 325 23
boat 0.0028 212 0 358 32
boat 0.0027 274 0 389 32
boat 0.0014 182 -24 473 51
car 0.0031 88 34 171 56
car 0.0028 382 1 441 18
car 0.0018 89 0 185 19
motorbike 0.6391 251 161 473 281
motorbike 0.2320 239 106 401 275
motorbike 0.0127 223 160 368 267
motorbike 0.0082 240 180 334 252
motorbike 0.0021 265 184 383 251
person 0.9583 252 75 373 248
person 0.0223 314 19 354 53
person 0.0151 302 2 360 23
person 0.0100 432 0 462 12
person 0.0061 274 86 359 199
person 0.0049 404 0 479 17
person 0.0046 455 0 489 9
person 0.0045 362 0 444 17
person 0.0041 304 15 364 62
person 0.0040 155 73 365 257
person 0.0035 418 1 449 15
person 0.0022 390 1 431 16
person 0.0020 478 0 501 10
person 0.0016 362 1 394 16
person 0.0014 323 2 407 20
person 0.0013 232 176 271 210
person 0.0013 379 1 411 16
person 0.0012 254 114 334 217
person 0.0011 317 0 351 16
person 0.0010 320 6 346 26
