bicycle 0.0029 219 273 254 314
bottle 0.0060 198 242 217 286
bottle 0.0032 227 284 248 310
bottle 0.0027 230 266 249 289
bottle 0.0026 227 259 246 279
bottle 0.0026 197 239 214 261
bottle 0.0022 228 257 249 307
bottle 0.0013 225 295 245 318
bottle 0.0011 213 256 234 275
bottle 0.0010 187 243 223 285
bus 0.0022 357 186 392 202
car 0.0019 0 191 14 205
car 0.0016 52 188 77 199
car 0.0014 76 183 101 196
chair 0.0037 -1 283 63 373
person 0.9106 147 178 213 353
person 0.7883 220 189 288 370
person 0.2935 172 178 247 363
person 0.2221 246 194 300 364
person 0.0515 198 203 250 342
person 0.0111 212 184 263 309
person 0.0078 29 283 80 374
person 0.0019 221 185 251 225
person 0.0014 489 235 499 297
person 0.0013 192 178 249 257
person 0.0011 34 276 52 343
person 0.0011 152 178 210 261
sheep 0.0134 201 243 249 361
sheep 0.0012 167 224 265 369
train 0.0014 124 131 360 316
