bottle 0.0055 0 333 15 375
bottle 0.0027 0 355 22 376
bottle 0.0023 3 338 44 374
bottle 0.0015 7 359 43 376
car 0.0225 0 39 53 66
car 0.0098 -4 22 116 73
car 0.0063 10 33 95 62
car 0.0018 2 34 111 99
car 0.0013 -8 9 135 141
chair 0.0029 8 264 171 377
chair 0.0022 4 287 44 374
chair 0.0012 -5 162 147 372
person 0.9014 1 71 167 362
person 0.4721 161 58 432 312
person 0.2602 376 83 497 349
person 0.1014 230 74 415 257
person 0.0794 37 55 476 379
person 0.0106 213 105 502 367
person 0.0102 446 104 498 375
person 0.0098 7 223 168 371
person 0.0071 469 279 500 374
person 0.0051 1 25 251 306
person 0.0028 318 72 488 263
person 0.0018 465 194 500 356
person 0.0017 308 74 410 209
person 0.0016 486 116 499 275
person 0.0013 -2 59 139 216
person 0.0011 489 192 499 369
person 0.0011 461 131 498 297
sofa 0.2501 67 181 512 363
sofa 0.0018 -10 118 360 371
