dog 0.0063 123 205 198 289
dog 0.0024 130 216 175 255
dog 0.0013 155 215 203 255
person 0.8192 252 145 368 486
person 0.8123 99 168 228 481
person 0.1084 286 445 376 499
person 0.0658 0 322 43 488
person 0.0568 102 144 224 302
person 0.0349 206 474 302 500
person 0.0150 203 456 338 499
person 0.0098 0 305 85 499
person 0.0059 0 171 46 481
person 0.0036 140 475 248 500
person 0.0034 0 103 92 475
person 0.0034 112 165 208 263
person 0.0032 258 463 351 501
person 0.0032 337 454 377 500
person 0.0026 214 446 392 504
person 0.0024 330 179 373 472
person 0.0022 0 255 40 407
person 0.0022 140 197 221 291
person 0.0022 104 463 326 498
person 0.0021 362 437 374 499
person 0.0018 353 441 375 496
person 0.0014 79 130 204 381
person 0.0011 4 256 139 474
person 0.0010 231 483 275 499
