bottle 0.0864 2 279 41 374
bottle 0.0018 0 261 13 358
bottle 0.0015 1 305 18 370
bottle 0.0012 3 335 44 375
bus 0.0096 300 63 500 365
bus 0.0025 399 105 500 377
car 0.0027 302 21 493 306
car 0.0014 385 -1 480 44
chair 0.0975 1 239 37 375
chair 0.0103 -1 157 219 373
chair 0.0102 228 88 280 163
chair 0.0085 -1 236 118 369
chair 0.0079 8 289 98 371
chair 0.0037 1 150 34 339
chair 0.0027 1 277 34 334
chair 0.0017 -22 276 228 374
dog 0.0011 36 222 294 372
motorbike 0.0062 400 66 497 362
person 0.9752 23 57 306 386
person 0.0193 8 31 208 303
person 0.0103 0 61 45 374
person 0.0060 9 217 267 370
person 0.0046 98 5 404 314
person 0.0040 -4 61 130 372
person 0.0022 1 124 35 309
person 0.0020 437 27 498 236
person 0.0018 190 61 472 369
person 0.0014 400 36 495 343
person 0.0011 490 72 499 258
tvmonitor 0.2776 274 77 458 297
tvmonitor 0.0423 323 136 403 235
tvmonitor 0.0128 444 52 498 157
tvmonitor 0.0110 294 132 368 238
tvmonitor 0.0014 339 164 386 210
