car 0.8182 205 141 246 181
car 0.6575 83 131 133 155
car 0.0489 272 145 287 169
car 0.0486 88 128 118 148
car 0.0373 263 139 293 176
car 0.0272 112 134 135 154
car 0.0239 45 136 92 159
car 0.0177 24 131 85 159
car 0.0167 272 139 289 162
car 0.0103 275 143 317 173
car 0.0097 257 152 295 189
car 0.0071 235 139 280 180
car 0.0070 67 130 115 156
car 0.0051 82 133 100 155
car 0.0047 267 148 286 191
car 0.0042 283 149 309 168
car 0.0041 100 124 137 154
car 0.0040 205 146 238 170
car 0.0030 272 154 319 187
car 0.0025 8 118 98 164
car 0.0024 242 155 280 188
car 0.0021 264 158 284 181
car 0.0020 285 139 307 177
car 0.0019 279 139 308 159
car 0.0018 294 143 337 174
car 0.0018 266 126 309 163
car 0.0016 148 146 191 178
car 0.0016 195 119 251 182
car 0.0016 27 149 91 174
car 0.0014 1 135 54 161
car 0.0014 296 130 333 164
car 0.0013 287 147 308 194
car 0.0012 305 149 330 167
car 0.0011 111 142 146 180
car 0.0011 283 160 310 179
car 0.0011 145 130 195 157
car 0.0011 42 142 94 169
car 0.0010 73 144 124 173
car 0.0010 309 139 331 158
chair 0.0168 134 202 289 332
chair 0.0149 182 220 239 321
chair 0.0083 12 243 180 332
chair 0.0031 36 298 161 332
motorbike 0.8024 10 159 108 281
motorbike 0.0309 4 185 55 297
motorbike 0.0185 2 204 114 322
person 0.9867 195 35 473 350
person 0.0140 433 2 503 68
person 0.0048 51 166 113 264
person 0.0040 144 4 437 233
person 0.0026 450 88 499 342
person 0.0026 448 2 502 272
person 0.0026 268 -3 516 287
person 0.0024 391 -2 500 282
person 0.0023 465 87 498 193
person 0.0022 432 0 504 129
person 0.0021 0 3 15 58
person 0.0019 0 1 39 37
person 0.0017 297 2 363 28
person 0.0014 1 11 35 53
person 0.0014 452 30 497 150
person 0.0012 290 5 360 68
person 0.0012 488 45 500 196
person 0.0011 442 1 500 35
person 0.0010 0 109 12 161
