bicycle 0.9866 57 26 519 299
bicycle 0.1151 230 4 485 282
bicycle 0.0861 25 45 306 280
bicycle 0.0372 47 122 371 303
bicycle 0.0025 37 4 465 186
bicycle 0.0017 278 5 450 177
bicycle 0.0013 244 104 322 176
bottle 0.0011 258 120 309 160
car 0.0025 273 0 320 7
car 0.0025 292 1 368 20
car 0.0013 295 0 337 8
car 0.0011 200 1 290 21
car 0.0010 248 0 325 20
chair 0.6385 393 3 498 170
chair 0.4586 25 8 249 270
chair 0.1739 374 12 505 261
chair 0.0820 299 42 489 281
chair 0.0757 370 0 431 24
chair 0.0497 334 2 399 23
chair 0.0464 327 3 404 81
chair 0.0451 362 0 433 83
chair 0.0398 339 4 466 123
chair 0.0228 359 -1 443 37
chair 0.0188 20 7 165 169
chair 0.0174 382 -5 495 96
chair 0.0096 330 6 384 34
chair 0.0085 324 0 411 37
chair 0.0063 406 -1 478 23
chair 0.0026 393 -3 492 37
chair 0.0024 9 6 122 128
chair 0.0022 339 17 390 55
chair 0.0021 398 0 427 16
chair 0.0020 451 26 501 148
chair 0.0018 375 0 410 16
chair 0.0016 416 0 444 14
chair 0.0016 50 40 133 129
chair 0.0011 375 16 421 57
chair 0.0011 360 0 392 13
chair 0.0010 325 -25 483 59
