bottle 0.0048 145 56 155 85
bottle 0.0013 366 89 374 274
bottle 0.0011 143 438 234 499
bottle 0.0011 164 453 215 497
chair 0.0387 3 209 139 457
chair 0.0095 7 220 257 501
chair 0.0047 18 291 183 498
chair 0.0034 39 270 103 388
chair 0.0021 -4 120 149 381
chair 0.0017 3 287 90 499
chair 0.0013 67 268 130 385
chair 0.0013 336 383 374 499
diningtable 0.0018 55 362 372 501
dog 0.0195 240 176 370 468
dog 0.0024 80 232 345 488
dog 0.0010 270 219 347 348
person 0.8864 66 52 362 454
person 0.1099 3 87 265 496
person 0.0532 331 141 374 286
person 0.0494 250 137 368 441
person 0.0467 326 53 376 370
person 0.0217 297 46 373 300
person 0.0159 163 159 378 484
person 0.0050 340 65 375 206
person 0.0030 310 111 369 240
person 0.0019 329 158 372 485
person 0.0018 15 43 66 145
person 0.0011 113 38 126 61
person 0.0011 305 68 369 201
