bottle 0.0089 154 183 225 264
bottle 0.0018 160 209 225 290
bottle 0.0015 169 200 209 247
car 0.0032 -1 68 87 370
car 0.0021 262 14 331 84
car 0.0013 213 2 277 32
car 0.0011 195 14 293 79
car 0.0011 196 -1 295 44
car 0.0010 258 -2 337 51
chair 0.0054 -1 47 90 332
chair 0.0041 6 216 176 439
chair 0.0013 132 182 208 265
diningtable 0.1050 36 211 300 435
person 0.4813 126 98 314 284
person 0.1556 15 95 321 426
person 0.0510 4 3 169 244
person 0.0502 251 413 295 445
person 0.0291 54 19 330 289
person 0.0132 263 429 288 446
person 0.0103 119 400 268 445
person 0.0060 253 69 338 304
person 0.0054 -8 28 240 344
person 0.0048 186 415 257 445
person 0.0043 194 117 334 307
person 0.0038 8 3 220 104
person 0.0037 189 3 245 32
person 0.0031 207 418 282 445
person 0.0027 267 414 322 446
person 0.0025 3 46 115 333
person 0.0025 104 0 233 48
person 0.0025 6 163 174 428
person 0.0016 151 1 229 32
person 0.0013 -3 5 288 164
person 0.0010 49 393 287 450
person 0.0010 183 407 306 446
