boat 0.0129 136 169 371 360
car 0.0040 234 321 274 352
car 0.0032 233 327 259 348
car 0.0016 220 307 266 347
person 0.9260 194 126 373 289
person 0.1121 79 120 341 309
person 0.0090 133 174 208 257
person 0.0061 298 160 363 264
person 0.0047 173 172 246 255
person 0.0046 234 160 340 260
person 0.0038 141 72 361 259
person 0.0029 219 132 285 242
person 0.0027 63 129 106 246
person 0.0025 112 170 170 263
person 0.0025 42 94 236 340
person 0.0021 207 167 298 258
person 0.0021 183 117 243 201
person 0.0018 147 193 194 239
person 0.0012 57 121 112 199
tvmonitor 0.1911 140 142 373 337
tvmonitor 0.0307 71 111 279 323
