bus 0.4190 323 85 496 235
bus 0.0144 163 88 487 231
bus 0.0024 469 93 502 231
bus 0.0020 445 68 498 247
person 0.9337 325 160 398 321
person 0.5618 41 175 99 277
person 0.5558 155 152 204 296
person 0.4643 245 161 334 293
person 0.4446 377 158 424 284
person 0.3758 195 159 237 287
person 0.2220 60 176 120 271
person 0.2079 294 161 341 289
person 0.1654 213 163 266 284
person 0.1225 111 173 147 262
person 0.0480 280 163 373 308
person 0.0257 487 135 500 225
person 0.0177 118 181 137 233
person 0.0062 489 164 499 251
person 0.0048 72 187 118 246
person 0.0044 472 130 500 242
person 0.0038 207 171 226 221
person 0.0037 487 123 499 186
person 0.0036 203 183 237 247
person 0.0028 92 201 111 248
person 0.0022 220 189 259 244
person 0.0022 131 177 151 238
person 0.0018 65 209 105 266
person 0.0018 391 152 410 177
person 0.0018 329 167 351 218
person 0.0016 114 182 161 286
person 0.0014 43 186 90 248
person 0.0014 185 153 230 237
person 0.0013 107 195 143 246
person 0.0013 301 184 339 248
person 0.0012 399 151 418 172
person 0.0011 0 164 10 250
person 0.0011 3 169 48 264
person 0.0011 485 138 499 164
person 0.0010 354 150 392 183
train 0.0021 150 85 425 231
