bus 0.9996 -14 42 437 325
bus 0.0340 16 58 278 301
bus 0.0092 225 63 480 320
bus 0.0055 143 23 416 254
bus 0.0014 10 112 126 258
bus 0.0012 20 144 92 233
car 0.7224 155 82 485 347
car 0.3880 0 193 22 216
car 0.0603 4 188 29 223
car 0.0044 489 144 499 220
car 0.0020 14 194 29 219
car 0.0013 16 186 29 204
car 0.0013 486 167 498 194
person 0.0235 298 116 337 153
person 0.0044 225 134 272 174
person 0.0029 141 215 159 242
person 0.0028 343 59 378 95
person 0.0026 317 119 341 144
person 0.0022 207 139 244 185
person 0.0022 283 117 324 158
person 0.0020 189 65 242 143
person 0.0016 198 79 235 130
person 0.0015 348 67 372 90
person 0.0014 53 202 71 275
person 0.0012 214 121 284 193
person 0.0011 312 114 336 140
person 0.0011 197 132 235 176
