bottle 0.2500 120 21 216 195
bottle 0.0888 130 25 208 118
bottle 0.0405 127 77 202 187
bottle 0.0104 137 0 212 87
bottle 0.0072 109 52 169 144
bottle 0.0039 87 39 206 239
bottle 0.0025 144 45 193 96
bottle 0.0025 113 -3 239 102
bottle 0.0021 107 104 173 206
bottle 0.0017 144 126 192 177
bottle 0.0012 180 20 236 122
bottle 0.0010 207 43 226 88
chair 0.0025 340 44 470 215
chair 0.0012 359 85 445 177
chair 0.0011 126 217 448 375
person 0.6432 145 45 447 335
person 0.2337 93 30 247 293
person 0.1433 50 36 303 393
person 0.0988 390 118 497 373
person 0.0975 12 14 175 359
person 0.0676 442 121 498 371
person 0.0357 3 17 101 302
person 0.0231 179 148 462 380
person 0.0062 13 45 82 159
person 0.0056 327 52 484 326
person 0.0047 116 58 157 101
person 0.0027 -1 27 57 346
person 0.0025 110 49 170 113
person 0.0017 96 289 154 371
person 0.0016 74 290 132 373
person 0.0012 -1 119 42 256
person 0.0010 0 16 69 194
