bicycle 0.0164 11 71 163 240
bicycle 0.0026 15 105 103 239
bicycle 0.0010 43 67 271 241
bicycle 0.0010 273 39 310 115
bottle 0.0161 5 102 61 242
bottle 0.0049 12 146 52 243
bottle 0.0020 4 144 32 244
car 0.0044 232 -1 283 17
car 0.0027 221 -1 294 26
chair 0.0011 296 145 320 241
chair 0.0011 251 140 318 240
horse 0.0432 36 26 230 249
motorbike 0.3752 262 4 319 115
motorbike 0.3331 192 -1 267 93
motorbike 0.1217 191 4 235 84
motorbike 0.1069 137 0 230 90
motorbike 0.0725 93 5 173 81
motorbike 0.0663 169 8 251 109
motorbike 0.0384 106 0 154 59
motorbike 0.0336 214 -3 302 96
motorbike 0.0253 208 3 250 86
motorbike 0.0219 97 3 225 125
motorbike 0.0146 113 0 199 64
motorbike 0.0090 38 73 226 239
motorbike 0.0071 60 3 166 125
motorbike 0.0067 159 11 209 80
motorbike 0.0031 281 39 318 118
motorbike 0.0016 140 8 185 76
person 0.4142 0 0 68 99
person 0.2159 41 2 328 237
person 0.1090 0 22 66 254
person 0.0740 191 -2 232 56
person 0.0427 139 -2 175 18
person 0.0401 10 0 101 167
person 0.0389 275 -3 320 103
person 0.0245 0 10 37 229
person 0.0239 94 -3 137 60
person 0.0193 130 -2 183 27
person 0.0160 0 -5 42 134
person 0.0125 22 -11 201 215
person 0.0125 39 0 135 95
person 0.0106 115 -2 154 18
person 0.0082 70 2 155 60
person 0.0081 70 5 251 164
person 0.0071 208 -1 256 55
person 0.0063 192 0 226 25
person 0.0062 106 -1 163 26
person 0.0049 61 -3 116 55
person 0.0044 283 10 321 228
person 0.0040 2 1 66 53
person 0.0039 289 -2 321 62
person 0.0033 90 -1 132 16
person 0.0032 -2 0 73 28
person 0.0028 164 -1 204 20
person 0.0025 264 -2 311 61
person 0.0025 291 0 319 22
person 0.0025 213 0 257 22
person 0.0024 102 0 125 8
person 0.0023 196 7 225 38
person 0.0022 154 -2 214 28
person 0.0021 263 187 308 239
person 0.0021 160 -1 212 54
person 0.0021 8 2 107 64
person 0.0020 172 6 289 156
person 0.0019 260 0 309 18
person 0.0019 248 24 320 252
person 0.0016 -2 49 27 153
person 0.0015 0 37 6 153
person 0.0015 202 0 268 30
person 0.0015 287 106 320 239
person 0.0015 115 0 139 9
person 0.0014 7 -1 63 18
person 0.0013 88 0 120 6
person 0.0013 249 -1 321 27
person 0.0011 78 0 143 26
person 0.0010 40 19 78 109
person 0.0010 56 0 119 24
pottedplant 0.0036 80 0 107 5
pottedplant 0.0025 64 -1 110 15
