bottle 0.0016 251 314 279 366
bottle 0.0010 226 327 240 372
chair 0.0018 0 277 31 452
chair 0.0010 1 155 37 488
chair 0.0010 -4 231 108 485
person 0.9038 2 106 153 486
person 0.7879 185 126 362 370
person 0.3460 194 167 226 223
person 0.1141 188 164 239 237
person 0.1140 124 166 377 478
person 0.0860 224 157 253 215
person 0.0324 47 149 264 506
person 0.0261 214 150 270 219
person 0.0243 338 159 374 268
person 0.0222 169 166 194 221
person 0.0217 344 171 375 327
person 0.0123 332 152 375 501
person 0.0113 162 167 211 248
person 0.0101 216 173 260 224
person 0.0090 364 173 374 301
person 0.0089 202 163 243 214
person 0.0077 342 175 373 238
person 0.0077 21 74 234 360
person 0.0066 325 153 350 207
person 0.0060 0 99 37 471
person 0.0055 179 169 213 221
person 0.0052 362 162 374 242
person 0.0038 -1 140 25 356
person 0.0037 336 149 368 205
person 0.0037 234 156 262 214
person 0.0034 86 116 350 318
person 0.0034 332 129 371 229
person 0.0031 152 201 212 289
person 0.0029 -1 121 31 220
person 0.0027 0 132 8 309
person 0.0027 333 313 373 497
person 0.0027 174 166 191 206
person 0.0026 331 158 348 196
person 0.0023 228 159 247 196
person 0.0019 213 172 230 226
person 0.0019 200 167 221 204
person 0.0019 171 214 210 256
person 0.0017 317 134 363 213
person 0.0017 202 193 241 238
person 0.0016 179 195 254 294
person 0.0016 283 129 377 453
person 0.0016 312 155 342 203
person 0.0016 341 206 371 266
person 0.0014 366 176 374 417
person 0.0013 229 160 317 258
person 0.0013 7 134 32 186
person 0.0013 334 149 349 184
person 0.0013 227 139 313 213
person 0.0012 343 188 360 250
person 0.0011 313 157 365 259
person 0.0011 351 185 375 256
person 0.0011 360 181 373 217
person 0.0010 0 161 8 433
person 0.0010 0 136 10 225
