bottle 0.0025 362 134 380 167
bottle 0.0020 362 140 381 156
bottle 0.0017 343 141 394 213
bottle 0.0010 357 136 389 164
bus 0.0133 28 -16 469 246
car 0.0021 10 104 245 258
chair 0.1274 375 110 500 238
chair 0.0012 1 113 118 276
diningtable 0.0035 8 119 183 272
person 0.5709 228 100 270 218
person 0.0089 228 170 274 224
person 0.0044 158 85 281 236
person 0.0024 374 31 502 246
person 0.0017 188 133 248 217
person 0.0015 233 98 265 127
person 0.0014 229 100 253 118
tvmonitor 0.0010 330 125 492 258
