car 0.8218 47 267 88 297
car 0.5229 5 263 49 301
car 0.0855 82 270 99 292
car 0.0146 66 268 99 293
car 0.0135 43 269 74 291
car 0.0068 24 265 67 297
car 0.0045 16 264 43 287
car 0.0037 16 259 44 274
car 0.0026 35 269 54 292
car 0.0023 0 252 15 273
car 0.0022 35 257 55 273
car 0.0017 4 257 32 274
car 0.0015 305 262 330 317
car 0.0014 6 265 35 286
car 0.0013 2 247 34 281
car 0.0012 0 264 13 294
car 0.0011 37 273 82 304
car 0.0010 0 257 22 305
person 0.0164 217 254 232 298
person 0.0089 322 244 332 311
person 0.0061 229 267 242 298
person 0.0043 322 267 332 328
person 0.0027 253 265 270 297
person 0.0024 220 261 250 300
person 0.0023 51 391 120 489
person 0.0021 200 281 214 352
person 0.0010 247 260 273 300
