bicycle 0.0104 24 252 395 331
bicycle 0.0027 141 300 351 333
bicycle 0.0025 23 296 396 335
bicycle 0.0016 191 310 302 332
bottle 0.0037 312 285 329 319
car 0.0014 384 0 496 42
car 0.0011 10 1 104 24
motorbike 0.0089 -2 254 351 330
motorbike 0.0024 23 315 146 333
motorbike 0.0017 0 295 345 336
motorbike 0.0014 -2 313 60 333
person 0.8562 149 148 329 332
person 0.8086 390 8 432 110
person 0.1427 7 289 85 331
person 0.1091 90 304 174 330
person 0.0639 67 296 197 331
person 0.0396 394 13 431 61
person 0.0220 114 308 222 331
person 0.0140 62 305 145 332
person 0.0099 180 319 214 331
person 0.0079 -8 257 209 331
person 0.0069 154 311 267 332
person 0.0062 6 204 348 330
person 0.0046 1 287 59 322
person 0.0027 395 4 469 65
person 0.0027 98 302 322 333
person 0.0023 398 16 462 106
person 0.0017 194 322 240 332
person 0.0017 401 52 425 110
person 0.0016 -20 291 223 337
person 0.0014 39 127 318 318
person 0.0013 485 0 500 42
person 0.0012 220 137 296 196
person 0.0011 408 14 458 53
