bottle 0.0014 307 5 323 43
bottle 0.0012 335 2 351 38
bottle 0.0012 469 278 499 376
bottle 0.0010 332 1 351 22
car 0.0041 457 201 500 341
chair 0.0015 318 276 483 378
diningtable 0.1519 6 227 496 386
diningtable 0.0105 131 274 511 376
diningtable 0.0031 25 321 477 377
diningtable 0.0012 314 227 494 377
dog 0.0125 -1 298 48 370
person 0.8869 90 143 488 284
person 0.1317 205 164 510 318
person 0.1054 41 62 459 266
person 0.0609 33 115 326 259
person 0.0321 165 152 246 225
person 0.0195 390 150 497 350
person 0.0154 121 123 239 192
person 0.0042 312 163 496 376
person 0.0028 150 170 212 205
person 0.0024 441 175 501 364
person 0.0022 -1 246 40 364
person 0.0021 1 312 43 365
person 0.0019 247 180 405 251
person 0.0018 0 302 106 367
person 0.0018 179 153 309 226
person 0.0015 290 98 507 284
person 0.0014 175 165 237 209
person 0.0013 411 103 455 138
person 0.0013 10 362 47 374
person 0.0012 208 26 514 296
person 0.0010 32 361 61 373
person 0.0010 294 7 436 140
pottedplant 0.1132 43 112 83 157
pottedplant 0.0034 33 60 84 154
pottedplant 0.0019 41 85 79 126
pottedplant 0.0011 13 12 95 189
pottedplant 0.0010 46 114 77 132
sofa 0.6120 36 126 474 292
sofa 0.0120 37 185 543 363
sofa 0.0016 21 141 253 284
