bottle 0.0088 376 295 410 330
bottle 0.0041 380 302 402 327
bottle 0.0026 368 292 385 330
bottle 0.0021 377 315 404 332
bottle 0.0018 117 148 133 170
bottle 0.0015 187 196 206 221
bottle 0.0012 367 317 391 332
bottle 0.0012 370 301 432 331
chair 0.3910 172 213 227 332
chair 0.1939 108 192 174 330
chair 0.1920 2 175 45 259
chair 0.0977 129 200 213 326
chair 0.0811 290 206 369 322
chair 0.0755 2 195 39 240
chair 0.0352 193 195 301 329
chair 0.0350 215 150 337 321
chair 0.0162 4 202 107 332
chair 0.0145 315 199 405 326
chair 0.0108 0 181 12 265
chair 0.0095 4 169 44 211
chair 0.0077 31 194 81 234
chair 0.0062 0 215 33 261
chair 0.0049 65 177 117 258
chair 0.0042 304 172 361 263
chair 0.0042 13 243 176 335
chair 0.0040 72 193 111 235
chair 0.0037 361 260 449 330
chair 0.0036 333 178 391 308
chair 0.0030 336 252 398 332
chair 0.0029 331 209 479 327
chair 0.0028 73 192 125 290
chair 0.0025 69 217 132 316
chair 0.0025 297 241 436 331
chair 0.0022 68 179 106 212
chair 0.0020 79 185 100 208
chair 0.0016 41 181 95 211
chair 0.0015 25 188 65 229
chair 0.0013 304 217 359 259
chair 0.0012 259 212 324 322
chair 0.0011 90 190 125 228
chair 0.0011 53 254 141 330
chair 0.0011 0 197 14 222
chair 0.0010 26 199 63 246
chair 0.0010 9 199 43 218
chair 0.0010 96 248 169 331
chair 0.0010 0 209 15 235
chair 0.0010 81 215 118 261
diningtable 0.0133 17 178 92 252
diningtable 0.0052 30 174 83 209
diningtable 0.0016 4 159 104 277
person 0.8958 207 84 320 340
person 0.7772 113 162 180 326
person 0.3814 358 140 395 181
person 0.1733 342 145 363 181
person 0.1559 385 238 501 334
person 0.1137 10 143 48 183
person 0.0778 196 78 316 221
person 0.0429 442 223 501 326
person 0.0423 0 132 15 183
person 0.0381 320 175 404 316
person 0.0370 55 160 73 176
person 0.0355 4 148 50 236
person 0.0351 23 148 66 181
person 0.0345 370 143 405 184
person 0.0150 134 168 192 265
person 0.0104 18 162 89 225
person 0.0083 366 144 392 169
person 0.0073 1 141 13 225
person 0.0070 -1 205 35 333
person 0.0069 30 144 51 177
person 0.0064 325 147 343 190
person 0.0056 345 143 365 161
person 0.0054 15 143 74 194
person 0.0047 329 143 348 179
person 0.0037 107 163 183 228
person 0.0032 163 164 253 327
person 0.0025 336 169 400 270
person 0.0025 394 158 499 324
person 0.0022 443 106 501 332
person 0.0021 456 184 500 304
person 0.0019 0 146 24 195
person 0.0019 303 148 348 237
person 0.0017 350 146 401 232
person 0.0016 369 142 389 160
person 0.0016 0 133 14 159
person 0.0016 322 145 356 192
person 0.0016 20 157 44 182
person 0.0013 325 166 470 323
person 0.0012 33 156 55 180
person 0.0012 349 135 390 168
person 0.0012 6 130 38 168
person 0.0011 491 95 500 149
person 0.0010 491 124 500 169
person 0.0010 2 156 17 185
person 0.0010 312 150 348 185
