car 0.4651 0 317 66 342
car 0.0202 264 210 319 239
car 0.0106 0 312 34 345
car 0.0056 0 322 17 345
car 0.0049 304 205 349 236
car 0.0020 323 213 346 238
car 0.0016 279 219 313 237
chair 0.0018 461 -4 499 151
motorbike 0.1346 22 318 76 348
person 0.5725 198 313 217 358
person 0.5549 178 310 199 357
person 0.4540 130 311 147 348
person 0.3282 423 315 444 354
person 0.1799 115 311 133 348
person 0.1122 248 325 321 377
person 0.0814 79 316 107 360
person 0.0778 43 319 79 349
person 0.0646 75 310 92 347
person 0.0501 58 313 78 343
person 0.0430 155 345 203 373
person 0.0288 83 327 112 373
person 0.0156 382 346 432 375
person 0.0133 204 316 224 355
person 0.0117 142 359 218 375
person 0.0109 13 311 41 346
person 0.0101 36 313 64 336
person 0.0083 487 302 499 342
person 0.0078 93 310 112 346
person 0.0074 185 309 220 364
person 0.0068 408 346 461 372
person 0.0066 393 313 428 355
person 0.0057 211 314 230 340
person 0.0057 482 197 499 278
person 0.0052 0 310 15 346
person 0.0048 184 339 231 372
person 0.0046 230 341 283 376
person 0.0044 158 363 206 375
person 0.0042 488 315 500 358
person 0.0038 382 310 402 367
person 0.0033 369 335 444 377
person 0.0033 324 338 345 373
person 0.0031 142 364 183 375
person 0.0030 215 329 296 378
person 0.0025 301 341 356 375
person 0.0022 309 335 330 374
person 0.0021 117 340 158 372
person 0.0020 322 361 350 375
person 0.0019 435 318 454 355
person 0.0017 190 327 218 371
person 0.0016 325 331 406 378
person 0.0015 186 364 214 375
person 0.0015 384 302 434 370
person 0.0014 303 359 333 374
person 0.0014 380 334 399 371
person 0.0012 171 327 242 376
person 0.0012 485 174 500 243
person 0.0011 280 329 373 375
person 0.0011 424 171 460 218
person 0.0011 485 326 499 345
pottedplant 0.0060 339 344 391 376
pottedplant 0.0049 380 355 449 375
pottedplant 0.0047 310 9 496 305
pottedplant 0.0016 391 361 432 374
pottedplant 0.0014 216 18 445 298
pottedplant 0.0014 377 362 408 374
pottedplant 0.0014 299 334 338 376
