cow 0.0032 0 6 104 222
cow 0.0021 54 23 199 211
horse 0.0084 192 43 384 334
horse 0.0057 1 193 191 329
person 0.9378 83 86 178 293
person 0.5622 220 10 303 273
person 0.5045 148 51 220 286
person 0.0507 334 44 493 341
person 0.0253 216 8 429 321
person 0.0103 129 27 239 211
person 0.0092 155 57 215 171
person 0.0071 64 172 200 314
person 0.0049 44 33 161 249
person 0.0049 159 97 208 234
person 0.0049 -2 18 62 255
person 0.0046 230 71 277 207
person 0.0046 446 46 499 338
person 0.0033 460 200 500 333
person 0.0032 92 87 162 194
person 0.0025 97 125 165 256
person 0.0019 178 124 235 258
person 0.0018 267 -2 388 242
person 0.0015 464 112 498 273
person 0.0012 169 73 228 205
person 0.0012 0 67 120 319
person 0.0011 382 141 497 335
sheep 0.0010 29 22 169 209
