bottle 0.0863 400 274 417 320
bottle 0.0232 382 269 401 320
bottle 0.0166 379 72 394 108
bottle 0.0165 374 71 389 106
bottle 0.0136 406 71 425 111
bottle 0.0051 385 272 423 315
bottle 0.0020 465 104 485 142
bottle 0.0017 418 272 438 315
bottle 0.0017 388 286 405 320
bottle 0.0014 456 93 478 111
bottle 0.0014 384 261 433 332
bottle 0.0012 373 72 404 109
bottle 0.0011 425 186 447 234
bottle 0.0011 373 270 390 318
bottle 0.0011 405 257 423 310
bottle 0.0011 482 276 499 369
bottle 0.0010 381 242 399 287
diningtable 0.0054 348 300 477 366
person 0.8912 259 110 376 372
person 0.7854 131 105 262 377
person 0.2326 447 130 500 362
person 0.0459 308 144 395 351
person 0.0200 162 107 336 380
person 0.0191 186 46 226 92
person 0.0153 327 168 379 316
person 0.0130 459 80 495 117
person 0.0053 396 168 496 379
person 0.0042 9 2 107 324
person 0.0039 461 112 498 263
person 0.0038 461 87 499 173
person 0.0032 351 47 371 106
person 0.0027 457 224 499 379
person 0.0025 480 95 498 146
person 0.0022 487 203 499 357
person 0.0022 480 93 496 113
person 0.0021 464 105 497 148
person 0.0021 490 143 499 388
person 0.0019 253 88 384 240
person 0.0019 198 52 235 98
person 0.0015 299 166 365 316
person 0.0015 279 102 357 168
person 0.0015 480 72 497 116
person 0.0015 254 98 329 170
person 0.0015 456 81 480 110
person 0.0014 57 75 221 361
person 0.0013 261 167 323 313
person 0.0011 262 110 282 134
person 0.0010 206 56 228 94
