bottle 0.0025 213 -1 259 19
bottle 0.0023 185 0 216 16
bottle 0.0014 242 -1 287 20
bottle 0.0013 226 -4 247 20
bottle 0.0010 148 0 179 14
bottle 0.0010 206 -1 234 17
car 0.9854 149 122 427 202
car 0.0203 295 103 369 126
car 0.0138 330 97 382 127
car 0.0067 171 135 335 197
car 0.0032 277 96 386 132
car 0.0029 253 105 329 126
car 0.0014 311 79 365 118
car 0.0013 270 110 364 130
person 0.0446 42 73 75 114
person 0.0148 306 131 328 166
person 0.0146 303 134 331 153
person 0.0137 302 126 349 155
person 0.0054 53 70 81 120
person 0.0049 291 324 316 333
person 0.0047 37 72 54 117
person 0.0038 297 325 325 333
person 0.0030 302 128 332 147
person 0.0028 490 200 499 270
person 0.0026 30 72 64 118
person 0.0020 320 134 346 151
person 0.0016 252 -1 293 20
person 0.0012 360 326 391 333
person 0.0011 58 71 100 119
pottedplant 0.0058 12 73 48 115
pottedplant 0.0022 6 56 47 90
