bottle 0.9819 60 102 121 268
bottle 0.1216 59 103 113 179
bottle 0.0734 72 119 103 181
bottle 0.0188 38 95 99 176
bottle 0.0107 65 106 101 141
bottle 0.0102 46 104 89 138
bottle 0.0102 17 93 128 281
bottle 0.0054 0 86 13 188
bottle 0.0042 73 185 123 287
bottle 0.0041 41 113 168 362
bottle 0.0040 0 127 12 231
bottle 0.0034 2 68 35 198
bottle 0.0032 54 103 76 141
bottle 0.0031 57 123 78 177
bottle 0.0025 119 68 175 182
bottle 0.0025 24 59 157 212
bottle 0.0024 36 46 221 333
bottle 0.0021 48 111 86 159
bottle 0.0015 39 123 61 178
bottle 0.0015 0 110 10 305
bottle 0.0011 18 124 36 178
bottle 0.0011 82 124 116 175
chair 0.0013 77 221 495 372
diningtable 0.0010 86 329 490 378
person 0.9794 88 48 491 386
person 0.2251 226 0 486 322
person 0.0225 28 46 316 397
person 0.0141 278 7 439 205
person 0.0078 116 11 223 196
person 0.0058 43 114 222 367
person 0.0049 133 48 189 156
person 0.0040 70 35 210 220
person 0.0016 52 9 362 252
person 0.0013 170 158 477 371
