chair 0.0174 244 221 481 369
chair 0.0090 0 221 106 376
chair 0.0035 -9 208 208 378
chair 0.0021 87 281 484 371
chair 0.0020 357 225 508 372
person 0.8762 276 151 447 384
person 0.7561 65 168 282 377
person 0.4061 109 43 388 388
person 0.0674 59 142 196 310
person 0.0488 106 226 395 376
person 0.0469 20 77 315 368
person 0.0384 125 28 373 240
person 0.0378 182 84 480 365
person 0.0056 130 233 219 314
person 0.0049 165 234 245 314
person 0.0022 83 165 170 276
person 0.0020 93 221 177 320
person 0.0016 165 256 250 346
person 0.0013 119 210 225 288
person 0.0012 207 258 299 347
sofa 0.0847 118 163 453 378
sofa 0.0269 18 164 197 377
sofa 0.0043 363 176 507 376
