bottle 0.0689 0 3 10 44
bottle 0.0436 51 301 129 378
bottle 0.0137 15 299 94 374
bottle 0.0122 64 334 122 374
bottle 0.0090 486 171 499 305
bottle 0.0088 1 18 11 48
bottle 0.0079 128 286 215 377
bottle 0.0050 17 25 40 49
bottle 0.0039 65 313 114 362
bottle 0.0034 2 294 52 372
bottle 0.0032 472 135 500 298
bottle 0.0026 82 296 194 375
bottle 0.0023 475 200 501 338
bottle 0.0022 17 2 40 45
bottle 0.0022 0 13 9 80
bottle 0.0021 7 282 188 376
bottle 0.0017 26 310 77 360
bottle 0.0016 18 13 42 33
bottle 0.0011 89 328 256 374
bottle 0.0010 25 336 88 374
diningtable 0.4573 59 173 519 386
diningtable 0.0380 152 263 493 380
diningtable 0.0217 30 227 319 374
diningtable 0.0063 305 171 498 384
diningtable 0.0054 10 282 264 376
diningtable 0.0028 62 320 519 380
diningtable 0.0017 -20 327 291 376
person 0.9845 244 30 487 281
person 0.5301 96 109 238 248
person 0.1100 136 98 284 225
person 0.0956 173 75 411 239
person 0.0771 130 109 212 219
person 0.0223 153 68 498 366
person 0.0221 98 112 175 213
person 0.0150 362 21 495 288
person 0.0144 24 119 325 376
person 0.0061 303 99 500 389
person 0.0056 196 105 279 211
person 0.0045 -1 50 48 148
person 0.0039 174 87 247 170
person 0.0030 470 96 501 277
person 0.0023 223 5 435 204
person 0.0021 489 115 499 303
person 0.0018 448 33 498 331
person 0.0017 178 78 240 139
person 0.0014 171 71 316 203
person 0.0013 58 93 130 162
person 0.0012 236 147 336 220
person 0.0011 249 27 270 47
person 0.0011 170 135 257 221
person 0.0011 6 87 188 282
person 0.0010 0 120 111 370
tvmonitor 0.0087 115 0 237 42
tvmonitor 0.0058 131 4 217 34
tvmonitor 0.0010 130 20 216 49
tvmonitor 0.0010 143 11 275 64
