bottle 0.0010 489 40 499 87
bus 0.9775 60 75 362 296
bus 0.0022 254 124 417 272
bus 0.0015 39 36 458 239
bus 0.0011 61 142 116 232
car 0.0320 8 188 82 246
car 0.0313 0 201 48 242
car 0.0310 17 203 76 237
car 0.0081 0 192 14 251
car 0.0063 126 130 445 303
car 0.0041 0 198 50 279
car 0.0027 1 216 43 257
car 0.0027 14 149 85 237
car 0.0020 4 109 97 264
car 0.0019 23 217 73 257
car 0.0019 1 194 30 250
car 0.0018 11 203 80 271
car 0.0016 1 197 22 224
car 0.0012 12 197 34 245
chair 0.0054 0 247 43 360
chair 0.0038 12 258 86 352
person 0.7160 312 151 370 274
person 0.5676 372 148 428 272
person 0.1177 329 150 379 240
person 0.0650 315 143 404 293
person 0.0301 297 161 380 321
person 0.0184 330 183 389 288
person 0.0051 334 160 368 223
person 0.0051 351 187 452 355
person 0.0044 307 187 420 353
person 0.0035 141 142 192 176
person 0.0027 -1 219 45 332
person 0.0021 66 121 117 204
person 0.0018 319 155 361 215
person 0.0014 330 218 394 322
person 0.0012 381 182 424 241
person 0.0011 381 154 424 218
person 0.0011 11 231 85 318
person 0.0011 382 140 418 186
person 0.0011 0 162 14 230
person 0.0010 374 129 425 202
tvmonitor 0.0011 375 131 500 299
