bottle 0.0016 0 332 13 377
bottle 0.0011 244 342 332 374
chair 0.0038 0 225 335 366
chair 0.0016 18 276 260 373
chair 0.0010 378 128 507 366
diningtable 0.0199 47 290 533 373
diningtable 0.0034 200 331 378 373
diningtable 0.0031 43 326 458 378
person 0.9255 158 47 496 385
person 0.6759 16 78 323 366
person 0.0728 21 143 93 225
person 0.0691 0 132 43 242
person 0.0335 97 14 419 314
person 0.0188 6 74 181 302
person 0.0151 -4 103 112 326
person 0.0144 34 159 84 207
person 0.0121 342 -9 476 162
person 0.0100 17 165 87 256
person 0.0093 0 174 41 308
person 0.0087 279 -8 438 152
person 0.0076 290 -20 508 337
person 0.0061 -2 111 55 318
person 0.0051 1 157 37 213
person 0.0038 41 34 223 233
person 0.0033 77 52 126 87
person 0.0032 37 140 86 186
person 0.0024 244 -4 409 106
person 0.0023 30 189 80 232
person 0.0022 51 140 119 229
person 0.0021 0 120 17 211
person 0.0020 68 57 111 94
person 0.0019 378 8 436 137
person 0.0018 382 41 505 332
person 0.0014 1 136 33 191
person 0.0014 110 52 167 87
person 0.0013 452 125 501 240
person 0.0013 465 2 499 136
person 0.0013 323 1 399 91
person 0.0012 177 8 245 80
person 0.0011 444 90 502 342
person 0.0010 152 45 196 87
sofa 0.0051 25 154 477 377
