person 0.9111 81 197 255 359
person 0.0918 300 220 359 305
person 0.0327 122 228 228 346
person 0.0140 207 204 279 296
person 0.0117 144 274 257 360
person 0.0061 373 115 447 215
person 0.0058 75 197 203 315
person 0.0053 252 214 323 301
person 0.0052 325 41 486 227
person 0.0044 83 230 317 397
person 0.0028 360 92 455 186
person 0.0013 268 52 461 281
person 0.0013 159 272 498 454
person 0.0012 75 183 131 228
person 0.0012 203 232 286 319
person 0.0012 251 48 330 140
person 0.0011 168 298 241 351
person 0.0010 29 132 242 312
person 0.0010 173 204 199 231
person 0.0010 392 109 475 226
person 0.0010 317 60 409 137
person 0.0010 146 293 213 347
person 0.0010 25 178 184 330
