bicycle 0.0027 134 336 433 438
bottle 0.0518 0 345 54 444
bottle 0.0045 27 331 95 444
bottle 0.0016 56 332 116 442
chair 0.0129 88 199 157 308
chair 0.0056 135 256 435 440
chair 0.0023 131 171 216 272
chair 0.0018 67 138 193 378
chair 0.0010 98 134 256 313
person 0.9098 159 154 419 435
person 0.0099 51 154 314 434
person 0.0016 0 94 31 280
person 0.0016 -5 13 49 365
person 0.0011 292 180 375 256
pottedplant 0.3743 -2 148 97 426
pottedplant 0.0133 -9 257 69 447
pottedplant 0.0104 -3 39 54 406
pottedplant 0.0061 8 190 89 323
pottedplant 0.0059 0 165 44 343
pottedplant 0.0054 -1 4 107 171
pottedplant 0.0052 88 7 150 89
pottedplant 0.0034 -1 12 48 156
pottedplant 0.0030 95 19 145 64
pottedplant 0.0026 93 47 151 127
pottedplant 0.0024 108 86 149 131
pottedplant 0.0024 81 196 137 313
pottedplant 0.0021 21 148 85 291
pottedplant 0.0021 11 30 83 137
pottedplant 0.0020 2 37 38 202
pottedplant 0.0019 26 11 154 163
pottedplant 0.0015 100 70 155 148
pottedplant 0.0015 3 1 94 100
pottedplant 0.0014 101 67 148 115
pottedplant 0.0012 1 15 105 369
pottedplant 0.0011 33 119 155 398
pottedplant 0.0011 24 282 95 438
tvmonitor 0.0028 462 341 487 366
tvmonitor 0.0014 485 337 500 367
tvmonitor 0.0012 488 316 499 385
