chair 0.0788 0 213 185 374
chair 0.0094 400 293 491 371
chair 0.0028 369 293 437 373
chair 0.0018 387 329 498 377
chair 0.0015 273 209 389 376
chair 0.0012 404 345 483 375
chair 0.0011 329 284 482 373
person 0.7580 260 118 399 373
person 0.6851 106 16 325 358
person 0.1136 149 59 432 380
person 0.0650 1 188 188 367
person 0.0051 451 343 497 375
person 0.0050 -7 124 273 370
person 0.0036 54 167 364 366
person 0.0011 323 113 486 376
pottedplant 0.3252 298 61 374 129
pottedplant 0.0614 302 75 360 117
pottedplant 0.0182 302 60 353 97
pottedplant 0.0180 328 77 396 170
pottedplant 0.0165 248 41 416 219
pottedplant 0.0143 273 48 396 160
pottedplant 0.0035 294 77 377 169
pottedplant 0.0024 319 38 390 118
pottedplant 0.0022 327 78 385 127
pottedplant 0.0010 333 58 383 94
sofa 0.0233 -3 185 257 367
