person 0.8654 -5 12 421 326
person 0.6414 161 32 496 357
person 0.0207 -10 39 202 349
person 0.0041 20 142 475 334
person 0.0033 239 17 490 230
person 0.0016 33 13 304 238
person 0.0014 293 91 500 337
person 0.0013 387 48 498 343
person 0.0011 -4 103 130 325
pottedplant 0.0561 -1 55 41 178
pottedplant 0.0303 -2 65 42 269
pottedplant 0.0278 458 34 501 142
pottedplant 0.0218 -4 27 106 210
pottedplant 0.0158 0 127 32 262
pottedplant 0.0098 449 161 498 280
pottedplant 0.0077 443 118 502 322
pottedplant 0.0042 454 41 495 75
pottedplant 0.0020 0 38 12 130
pottedplant 0.0018 462 44 485 67
pottedplant 0.0017 8 46 84 136
pottedplant 0.0015 0 12 36 122
pottedplant 0.0012 0 69 40 117
pottedplant 0.0011 460 64 499 112
pottedplant 0.0010 468 74 499 210
pottedplant 0.0010 465 47 502 95
