chair 0.0080 2 229 110 373
chair 0.0043 0 236 51 370
chair 0.0042 9 270 182 378
chair 0.0032 15 223 250 373
chair 0.0021 12 285 95 372
person 0.5537 200 51 453 383
person 0.3264 309 91 493 344
person 0.2247 50 -27 451 345
person 0.1994 19 72 248 369
person 0.0728 349 71 403 192
person 0.0546 303 54 429 267
person 0.0237 7 94 124 340
person 0.0221 385 68 495 255
person 0.0046 220 17 426 254
person 0.0042 331 41 468 227
person 0.0029 361 82 431 182
person 0.0026 86 5 330 208
person 0.0024 459 102 499 212
person 0.0021 399 109 485 203
person 0.0015 0 103 54 379
person 0.0014 439 100 500 327
sofa 0.1447 43 32 455 403
sofa 0.0049 56 162 525 371
sofa 0.0016 168 217 483 371
