bicycle 0.0023 13 152 405 325
bottle 0.0125 311 204 352 239
bottle 0.0026 301 194 357 249
bottle 0.0013 484 51 498 94
bottle 0.0010 483 59 497 80
bus 0.0012 1 -7 420 94
car 0.0018 26 2 473 130
motorbike 0.9885 268 32 460 203
motorbike 0.8550 5 61 417 332
motorbike 0.2004 134 37 431 245
motorbike 0.0279 4 123 195 276
motorbike 0.0111 28 14 476 167
motorbike 0.0091 321 62 410 168
motorbike 0.0036 285 67 377 161
motorbike 0.0018 1 153 125 285
motorbike 0.0011 338 79 462 241
motorbike 0.0010 253 72 318 156
person 0.0025 23 170 69 209
person 0.0022 12 164 80 225
person 0.0021 481 61 498 107
person 0.0020 44 2 147 26
person 0.0018 406 0 471 25
person 0.0016 22 0 173 32
person 0.0012 75 1 184 25
