bottle 0.2762 371 202 411 275
bottle 0.0137 361 217 398 268
bottle 0.0087 355 172 405 265
bottle 0.0070 170 357 274 374
bottle 0.0030 489 150 500 326
bottle 0.0026 413 151 490 274
bottle 0.0022 368 218 428 319
bottle 0.0011 376 191 400 263
bottle 0.0011 331 225 410 314
diningtable 0.6350 70 222 508 380
diningtable 0.0154 -12 278 438 371
diningtable 0.0112 15 155 413 348
diningtable 0.0045 278 231 521 380
diningtable 0.0036 -2 175 184 373
diningtable 0.0014 10 230 269 378
diningtable 0.0010 26 327 473 373
person 0.8927 10 74 157 292
person 0.8599 207 42 362 257
person 0.2507 175 163 268 249
person 0.1567 405 81 499 343
person 0.1029 147 149 291 272
person 0.0310 154 105 341 262
person 0.0212 -4 124 134 356
person 0.0173 -1 225 29 378
person 0.0103 -2 93 52 337
person 0.0091 0 161 28 330
person 0.0082 325 69 485 306
person 0.0074 379 5 506 263
person 0.0039 71 41 362 279
person 0.0032 437 150 501 386
person 0.0025 455 130 498 296
person 0.0022 31 121 325 304
person 0.0020 246 9 485 254
person 0.0019 0 129 10 346
person 0.0014 332 -4 485 151
person 0.0012 134 129 435 295
person 0.0011 -2 120 38 255
person 0.0011 0 224 115 378
tvmonitor 0.0062 0 76 55 179
