boat 0.0024 25 129 396 202
car 0.7970 62 63 111 76
car 0.2675 174 55 255 174
car 0.2655 52 58 260 156
car 0.0246 0 60 32 78
car 0.0226 0 64 14 74
car 0.0104 8 63 34 72
car 0.0094 51 59 105 80
car 0.0046 -2 51 34 89
car 0.0045 0 68 13 80
car 0.0043 0 57 9 80
car 0.0043 169 24 258 127
car 0.0040 56 64 71 75
car 0.0036 196 39 320 174
car 0.0031 23 64 40 73
car 0.0027 50 61 81 76
car 0.0024 109 64 147 78
car 0.0023 -3 64 22 83
car 0.0019 15 62 60 77
car 0.0016 272 63 291 71
car 0.0013 94 64 112 75
car 0.0012 231 87 346 182
car 0.0012 76 59 99 77
car 0.0012 98 61 134 76
car 0.0010 107 65 126 74
person 0.9758 195 30 256 175
person 0.0021 192 75 228 159
person 0.0015 205 56 252 147
person 0.0010 192 30 235 79
