boat 0.2488 0 171 22 184
boat 0.0183 7 173 35 183
boat 0.0116 0 161 18 180
boat 0.0086 -2 168 30 188
boat 0.0083 -1 144 31 183
boat 0.0052 -2 116 33 202
boat 0.0016 0 142 13 190
boat 0.0012 13 162 40 177
boat 0.0011 39 174 61 183
car 0.0011 322 182 344 197
chair 0.0073 447 289 500 372
chair 0.0066 402 288 493 372
person 0.9411 99 191 407 374
person 0.8208 405 186 499 369
person 0.0287 218 187 356 324
person 0.0242 454 188 498 359
person 0.0096 73 261 369 379
person 0.0082 243 186 326 259
person 0.0057 234 224 482 375
person 0.0044 414 192 486 309
person 0.0027 463 172 499 267
person 0.0011 490 188 500 342
