boat 0.0015 94 141 483 346
bottle 0.0314 98 254 114 302
bottle 0.0045 90 257 122 302
bottle 0.0014 98 217 119 287
bottle 0.0010 82 252 99 306
car 0.0039 477 37 499 57
car 0.0022 481 26 498 75
car 0.0011 479 30 500 47
chair 0.0025 407 300 492 373
chair 0.0017 454 249 500 360
chair 0.0011 444 290 501 373
person 0.9232 2 77 161 297
person 0.8176 239 74 337 246
person 0.0386 164 71 352 292
person 0.0089 138 91 433 339
person 0.0088 232 1 351 215
person 0.0057 249 128 325 235
person 0.0014 -1 82 65 291
person 0.0013 55 80 197 255
person 0.0012 20 107 235 323
tvmonitor 0.0076 118 154 239 215
tvmonitor 0.0059 74 120 280 258
tvmonitor 0.0014 136 169 215 201
tvmonitor 0.0013 128 129 220 192
tvmonitor 0.0013 100 140 170 228
tvmonitor 0.0013 393 21 499 297
