bottle 0.0039 208 227 278 368
car 0.0218 337 17 485 289
car 0.0034 187 8 395 246
chair 0.0774 247 153 312 220
chair 0.0056 198 185 288 245
chair 0.0056 205 159 300 228
chair 0.0027 75 102 416 331
chair 0.0015 369 174 453 252
chair 0.0014 189 30 387 278
chair 0.0011 219 171 288 212
diningtable 0.0253 122 214 467 384
diningtable 0.0204 148 190 337 377
diningtable 0.0020 74 125 407 371
person 0.9577 3 2 268 318
person 0.2057 16 105 317 374
person 0.0448 175 214 312 379
person 0.0038 7 213 267 374
person 0.0019 -1 39 136 390
person 0.0014 134 7 374 241
person 0.0014 490 167 499 309
pottedplant 0.4244 107 1 249 199
pottedplant 0.0050 133 91 215 175
pottedplant 0.0049 136 42 216 159
pottedplant 0.0019 174 35 244 163
pottedplant 0.0010 129 119 209 192
