bottle 0.0127 226 55 241 102
bottle 0.0067 232 56 247 100
bottle 0.0027 250 58 264 98
bottle 0.0019 219 67 245 107
bottle 0.0018 0 14 9 87
bottle 0.0013 217 57 256 110
bottle 0.0011 262 58 277 96
car 0.0038 281 20 360 146
chair 0.0010 -1 0 80 87
chair 0.0010 10 16 67 67
person 0.9166 112 67 249 239
person 0.2817 1 9 184 235
person 0.0671 99 33 302 213
person 0.0463 293 13 349 70
person 0.0254 0 108 39 241
person 0.0204 252 50 271 65
person 0.0156 287 0 357 94
person 0.0129 252 50 268 84
person 0.0106 248 49 275 75
person 0.0093 0 -6 35 209
person 0.0093 0 7 22 81
person 0.0090 1 6 87 239
person 0.0065 162 3 368 199
person 0.0044 274 28 364 212
person 0.0042 79 5 224 125
person 0.0042 56 5 192 89
person 0.0038 243 44 282 86
person 0.0038 258 51 275 85
person 0.0035 210 17 254 72
person 0.0032 28 -1 280 173
person 0.0027 1 108 253 238
person 0.0020 0 25 25 139
person 0.0018 301 28 339 59
person 0.0017 317 23 363 216
person 0.0017 -8 8 153 125
person 0.0015 233 10 355 120
person 0.0014 194 17 233 69
person 0.0011 0 13 8 104
person 0.0011 45 2 93 57
person 0.0010 215 16 247 44
tvmonitor 0.0097 284 6 358 122
tvmonitor 0.0014 328 22 361 108
