bottle 0.0015 165 235 211 336
chair 0.0048 237 436 306 500
chair 0.0048 -3 384 189 498
chair 0.0048 21 368 56 414
chair 0.0024 15 353 62 434
chair 0.0014 205 439 289 502
chair 0.0013 22 346 54 401
chair 0.0013 297 442 328 497
chair 0.0012 220 456 272 499
chair 0.0010 29 357 98 438
person 0.9439 27 54 252 443
person 0.2745 271 408 324 501
person 0.0191 298 414 326 482
person 0.0090 0 316 27 423
person 0.0089 270 140 307 183
person 0.0052 36 158 347 479
person 0.0041 292 427 332 505
person 0.0036 1 87 140 427
person 0.0025 0 332 12 415
person 0.0015 12 338 27 409
person 0.0014 21 351 49 406
person 0.0014 206 182 241 232
person 0.0014 281 134 314 169
person 0.0012 163 221 323 495
person 0.0011 292 134 307 162
person 0.0010 198 170 247 247
person 0.0010 16 328 59 412
pottedplant 0.0294 237 409 304 494
pottedplant 0.0107 213 401 281 491
pottedplant 0.0067 249 421 293 475
pottedplant 0.0058 273 441 315 499
pottedplant 0.0033 224 419 268 473
pottedplant 0.0022 256 442 296 499
pottedplant 0.0017 299 439 326 498
pottedplant 0.0017 239 443 284 498
pottedplant 0.0013 287 415 316 491
pottedplant 0.0011 213 380 322 497
