bicycle 0.0030 12 275 53 306
car 0.8780 306 285 479 356
car 0.0320 460 251 492 263
car 0.0104 323 286 420 321
car 0.0046 83 282 127 324
car 0.0039 473 249 497 264
car 0.0038 308 291 361 321
car 0.0036 6 270 92 325
car 0.0035 17 279 80 312
car 0.0032 452 254 493 266
car 0.0029 484 300 500 321
car 0.0025 448 252 497 273
car 0.0020 456 238 497 264
car 0.0019 0 287 15 306
car 0.0016 480 255 499 268
car 0.0016 449 268 496 295
car 0.0015 484 310 500 331
car 0.0014 460 285 493 320
car 0.0014 377 276 486 336
car 0.0012 487 290 500 328
person 0.0207 15 261 49 304
person 0.0063 31 281 57 303
person 0.0031 6 274 48 312
person 0.0021 21 274 43 307
person 0.0020 0 269 10 320
person 0.0014 486 110 499 196
person 0.0011 2 263 55 327
train 0.0010 -7 238 434 367
