car 0.5704 443 166 500 205
car 0.3969 69 157 137 221
car 0.3680 354 172 401 204
car 0.3656 362 166 433 205
car 0.3209 -2 170 28 211
car 0.0559 0 160 16 208
car 0.0438 339 170 377 209
car 0.0374 29 169 92 205
car 0.0367 23 159 104 220
car 0.0264 0 166 46 204
car 0.0233 343 162 408 209
car 0.0135 95 166 159 211
car 0.0116 427 167 480 203
car 0.0072 15 175 74 208
car 0.0062 316 173 366 211
car 0.0053 482 161 499 206
car 0.0049 53 160 118 204
car 0.0043 63 168 112 219
car 0.0037 336 169 367 195
car 0.0035 342 179 370 206
car 0.0033 39 106 218 263
car 0.0023 32 175 61 190
car 0.0020 410 171 444 207
car 0.0019 7 169 38 216
car 0.0018 0 131 13 205
car 0.0017 480 169 501 190
car 0.0015 1 187 44 220
car 0.0014 122 168 166 221
car 0.0013 37 160 93 260
car 0.0013 341 185 376 228
car 0.0012 451 169 490 189
car 0.0011 4 182 42 208
car 0.0010 6 172 43 191
car 0.0010 439 171 469 192
car 0.0010 477 180 500 205
chair 0.0030 280 225 434 373
chair 0.0013 128 221 442 375
person 0.7734 164 98 417 379
person 0.1671 96 74 332 370
person 0.0347 246 102 399 330
person 0.0039 281 169 426 372
person 0.0027 36 0 93 33
person 0.0024 61 0 115 33
person 0.0023 131 52 296 276
person 0.0015 22 -3 106 43
