bicycle 0.0019 304 289 487 376
bicycle 0.0017 11 221 263 372
bicycle 0.0012 5 271 183 376
car 0.0069 0 145 30 186
car 0.0049 225 195 256 212
car 0.0033 0 118 26 212
car 0.0020 221 193 266 216
car 0.0013 -1 143 25 165
chair 0.0055 50 153 235 377
chair 0.0020 8 228 188 374
person 0.9110 62 90 230 353
person 0.7703 276 81 447 351
person 0.0452 80 106 336 376
person 0.0363 161 54 424 382
person 0.0079 0 134 28 238
person 0.0072 0 113 45 375
person 0.0069 -1 228 37 378
person 0.0036 0 141 24 189
person 0.0031 0 171 11 331
person 0.0027 100 171 478 376
person 0.0024 315 309 415 370
person 0.0017 11 141 30 219
person 0.0016 55 223 370 372
person 0.0013 142 73 357 303
person 0.0013 0 150 27 176
person 0.0011 14 161 35 227
