bus 0.0010 302 257 415 401
car 0.9903 62 365 350 487
car 0.0334 359 310 390 363
car 0.0231 403 319 412 391
car 0.0154 3 375 232 486
car 0.0098 329 293 398 372
car 0.0089 404 349 412 434
car 0.0083 289 292 379 373
car 0.0075 369 316 403 363
car 0.0058 356 330 394 370
car 0.0052 306 341 356 385
car 0.0052 400 339 411 375
car 0.0042 309 312 357 358
car 0.0038 290 326 371 407
car 0.0035 203 256 398 398
car 0.0032 344 339 389 380
car 0.0031 191 358 385 461
car 0.0028 372 338 400 366
car 0.0026 279 340 328 380
car 0.0025 293 356 362 441
car 0.0025 60 353 106 392
car 0.0025 402 355 411 392
car 0.0021 -7 371 96 449
car 0.0019 389 305 411 371
car 0.0018 338 309 370 365
car 0.0014 16 367 136 441
car 0.0014 254 296 351 370
car 0.0012 321 328 360 375
car 0.0012 112 362 241 448
car 0.0011 329 322 401 400
motorbike 0.0059 -2 389 49 477
person 0.0303 404 340 412 408
person 0.0064 361 307 383 365
person 0.0042 48 345 98 385
person 0.0042 2 117 31 172
person 0.0020 0 118 11 178
person 0.0016 27 344 80 383
person 0.0016 0 80 9 171
pottedplant 0.0012 147 148 188 194
