bottle 0.0449 33 137 68 194
bottle 0.0174 29 123 80 218
bottle 0.0169 46 130 78 200
bottle 0.0039 32 117 69 171
bottle 0.0033 55 137 93 193
bottle 0.0017 23 92 84 192
bottle 0.0017 48 129 106 213
chair 0.0204 124 294 312 495
chair 0.0027 44 305 257 497
person 0.9930 133 155 301 502
person 0.9479 -2 2 170 424
person 0.9468 223 -11 403 427
person 0.0413 117 67 371 449
person 0.0222 115 132 271 385
person 0.0198 32 53 263 449
person 0.0151 3 16 165 192
person 0.0067 148 209 413 501
person 0.0062 387 17 430 165
person 0.0047 -1 64 111 510
person 0.0033 255 138 422 505
person 0.0026 329 67 430 512
person 0.0026 225 5 409 199
person 0.0023 -1 25 49 397
person 0.0014 29 182 193 470
person 0.0011 0 115 32 307
