bicycle 0.7384 7 -34 495 347
bicycle 0.0166 78 -3 496 217
bicycle 0.0048 223 13 499 360
bicycle 0.0032 11 166 488 374
bicycle 0.0010 379 -4 499 320
car 0.1240 -14 -8 437 273
car 0.0039 19 5 325 205
car 0.0024 111 108 156 148
car 0.0021 100 88 166 170
chair 0.0072 2 351 97 374
person 0.0662 0 35 189 395
person 0.0410 -6 15 352 354
person 0.0319 -1 -3 126 327
person 0.0081 2 -5 58 327
person 0.0030 467 116 499 254
person 0.0022 -2 167 261 370
person 0.0018 0 28 42 173
person 0.0015 466 60 499 203
person 0.0014 384 15 497 360
person 0.0013 -7 281 428 373
person 0.0012 0 49 10 252
person 0.0012 488 61 500 213
person 0.0011 450 20 500 353
person 0.0010 486 106 499 281
pottedplant 0.0018 465 141 499 285
