bicycle 0.9986 23 37 475 331
bicycle 0.0535 229 26 488 296
bicycle 0.0183 -24 -3 458 216
bicycle 0.0047 11 19 281 294
bicycle 0.0025 163 118 490 356
bicycle 0.0017 211 150 288 223
bicycle 0.0015 169 125 252 195
bicycle 0.0012 175 145 253 224
bicycle 0.0011 201 124 293 196
bottle 0.0039 188 140 237 181
bottle 0.0019 225 166 277 207
bottle 0.0013 191 165 240 206
car 0.0587 28 -4 480 214
car 0.0126 218 5 501 151
car 0.0085 266 1 381 23
car 0.0076 0 -17 196 171
car 0.0037 240 2 403 33
car 0.0032 303 17 490 247
car 0.0019 357 23 502 179
car 0.0012 21 2 414 97
person 0.0100 16 2 88 31
person 0.0082 238 1 348 25
person 0.0057 135 0 205 29
person 0.0056 168 0 253 26
person 0.0055 210 2 377 35
person 0.0023 7 1 56 31
person 0.0023 140 -1 280 35
person 0.0022 97 0 177 27
person 0.0021 202 0 299 26
person 0.0019 114 -1 226 38
