bicycle 0.0012 263 201 460 337
bicycle 0.0010 223 246 441 330
bottle 0.0241 111 103 129 139
bottle 0.0037 133 95 151 144
bottle 0.0012 151 93 170 146
bottle 0.0011 109 122 127 141
car 0.0010 51 0 140 18
chair 0.0017 108 196 310 325
motorbike 0.0013 -1 105 123 327
person 0.8966 112 88 305 335
person 0.2007 311 86 331 134
person 0.1929 283 88 305 134
person 0.1308 341 72 362 126
person 0.1065 455 299 497 332
person 0.1039 486 81 500 136
person 0.0585 330 83 349 133
person 0.0510 379 80 398 131
person 0.0430 390 63 422 159
person 0.0324 272 97 289 141
person 0.0240 488 92 500 175
person 0.0223 362 75 381 123
person 0.0151 336 62 373 131
person 0.0113 278 87 311 149
person 0.0106 313 70 356 154
person 0.0089 418 307 481 335
person 0.0084 12 97 257 335
person 0.0082 400 73 421 140
person 0.0073 467 83 499 194
person 0.0054 270 89 299 133
person 0.0048 389 70 418 124
person 0.0040 311 83 329 105
person 0.0031 319 74 351 119
person 0.0030 468 90 496 140
person 0.0024 255 102 274 138
person 0.0024 490 84 500 234
person 0.0024 269 105 286 131
person 0.0023 485 84 499 110
person 0.0020 447 266 502 333
person 0.0019 344 81 363 106
person 0.0018 310 108 329 133
person 0.0017 364 82 382 105
person 0.0016 284 85 306 106
person 0.0016 329 83 346 106
person 0.0015 467 142 499 244
person 0.0014 152 75 197 107
person 0.0014 255 101 272 123
person 0.0013 234 321 258 332
person 0.0013 480 293 498 333
person 0.0013 302 31 411 209
person 0.0012 1 90 122 291
person 0.0012 64 33 296 258
person 0.0011 340 96 359 123
person 0.0011 322 133 386 202
person 0.0011 -2 102 54 177
person 0.0011 339 88 357 148
person 0.0010 485 93 500 120
person 0.0010 170 86 190 127
person 0.0010 173 6 243 31
person 0.0010 234 97 252 144
