bus 0.9864 68 50 442 313
bus 0.0271 37 74 251 288
bus 0.0020 81 179 327 309
bus 0.0017 147 48 414 235
bus 0.0010 2 145 43 238
car 0.9392 448 223 500 254
car 0.8053 0 203 47 287
car 0.7136 455 229 501 316
car 0.4040 406 235 454 295
car 0.3691 421 229 462 270
car 0.2617 3 201 44 240
car 0.1034 417 227 440 244
car 0.0924 444 230 469 251
car 0.0862 0 244 47 286
car 0.0656 479 226 499 250
car 0.0524 412 233 446 277
car 0.0433 436 229 481 256
car 0.0337 390 224 437 265
car 0.0179 449 240 491 293
car 0.0121 -2 198 37 228
car 0.0097 412 228 448 255
car 0.0066 439 236 470 291
car 0.0061 455 211 497 245
car 0.0054 416 238 447 259
car 0.0048 486 226 500 307
car 0.0045 468 237 500 297
car 0.0044 483 264 499 327
car 0.0034 0 226 33 280
car 0.0029 379 222 415 254
car 0.0027 391 241 442 289
car 0.0023 485 219 500 236
car 0.0022 0 219 14 285
car 0.0022 465 267 503 325
car 0.0022 7 209 85 282
car 0.0019 0 193 17 230
car 0.0018 4 208 46 228
car 0.0017 465 226 501 270
car 0.0017 439 211 511 335
car 0.0013 475 280 501 331
car 0.0012 487 206 500 249
car 0.0012 371 235 420 269
car 0.0011 0 207 24 229
car 0.0010 482 235 500 256
motorbike 0.4914 140 233 225 293
motorbike 0.0080 176 237 219 292
motorbike 0.0020 109 221 251 309
motorbike 0.0011 164 254 229 300
person 0.7143 154 215 207 287
person 0.0868 174 218 218 287
person 0.0617 162 206 197 243
person 0.0576 195 140 232 182
person 0.0357 199 149 231 205
person 0.0333 402 225 419 244
person 0.0324 161 216 204 256
person 0.0218 167 208 189 234
person 0.0208 149 209 184 242
person 0.0147 168 201 187 225
person 0.0130 117 201 138 224
person 0.0123 183 128 241 199
person 0.0116 149 212 172 235
person 0.0083 90 200 114 222
person 0.0082 351 199 385 235
person 0.0061 226 134 266 178
person 0.0059 342 204 376 239
person 0.0053 148 188 201 261
person 0.0049 287 185 320 231
person 0.0048 207 229 225 280
person 0.0040 195 149 216 206
person 0.0039 149 195 183 229
person 0.0038 214 116 279 202
person 0.0038 176 220 215 257
person 0.0036 419 224 438 258
person 0.0035 383 225 414 246
person 0.0033 446 226 466 257
person 0.0032 177 206 218 242
person 0.0032 358 205 379 240
person 0.0031 309 194 347 231
person 0.0031 399 218 416 240
person 0.0031 123 194 158 228
person 0.0026 227 160 265 206
person 0.0026 184 226 208 281
person 0.0025 388 213 411 240
person 0.0022 357 199 378 223
person 0.0021 128 114 156 135
person 0.0020 349 190 369 234
person 0.0020 73 198 99 220
person 0.0018 390 202 427 242
person 0.0018 132 208 159 230
person 0.0018 156 136 199 173
person 0.0016 379 208 413 244
person 0.0015 183 193 222 229
person 0.0015 421 220 437 238
person 0.0014 126 205 164 237
person 0.0014 218 141 274 224
person 0.0014 145 220 185 279
person 0.0013 210 163 230 221
person 0.0013 173 223 197 280
person 0.0012 120 204 137 237
person 0.0011 89 116 117 136
person 0.0011 97 211 184 283
person 0.0011 274 194 312 231
person 0.0010 256 195 272 221
