boat 0.0010 270 263 376 329
bottle 0.0012 21 0 42 36
chair 0.2923 -3 61 116 270
chair 0.0852 241 3 322 63
chair 0.0827 105 39 237 190
chair 0.0417 249 19 326 104
chair 0.0354 18 90 164 298
chair 0.0225 217 0 291 70
chair 0.0213 49 30 220 246
chair 0.0187 254 12 314 51
chair 0.0155 176 269 250 326
chair 0.0122 131 73 215 156
chair 0.0111 112 39 304 236
chair 0.0064 321 40 359 93
chair 0.0058 251 0 315 34
chair 0.0049 144 9 282 167
chair 0.0045 180 302 250 328
chair 0.0033 222 1 343 83
chair 0.0029 226 12 278 52
chair 0.0027 300 9 359 74
chair 0.0019 264 38 318 83
chair 0.0018 -1 75 61 302
chair 0.0016 185 0 224 33
chair 0.0015 10 141 103 239
chair 0.0014 240 0 286 32
chair 0.0014 194 282 246 319
chair 0.0014 248 23 301 61
chair 0.0012 241 0 281 15
chair 0.0012 54 121 134 211
chair 0.0011 92 71 181 160
chair 0.0011 185 1 256 65
chair 0.0010 257 266 331 327
diningtable 0.1034 40 35 230 193
person 0.8335 58 144 193 333
person 0.8180 211 32 373 244
person 0.1111 136 26 382 307
person 0.0621 209 0 291 133
person 0.0379 318 35 363 101
person 0.0102 102 0 144 35
person 0.0077 27 0 81 33
person 0.0073 217 0 285 29
person 0.0073 -2 145 119 332
person 0.0066 8 96 416 335
person 0.0051 201 -1 304 41
person 0.0047 328 42 372 124
person 0.0035 185 0 245 29
person 0.0033 72 0 121 32
person 0.0027 0 102 11 293
person 0.0025 332 266 348 308
person 0.0025 -1 142 54 338
person 0.0025 212 0 267 19
person 0.0024 95 0 168 63
person 0.0022 68 3 117 72
person 0.0020 37 1 58 36
person 0.0020 152 260 209 328
person 0.0015 -5 28 67 257
person 0.0014 234 0 286 20
person 0.0014 104 0 140 15
person 0.0014 1 0 48 37
pottedplant 0.0076 321 30 356 63
pottedplant 0.0021 309 20 351 59
pottedplant 0.0011 325 36 359 81
