chair 0.5887 10 1 176 158
chair 0.5405 5 74 188 362
chair 0.0214 -1 12 30 134
chair 0.0211 -2 0 129 323
chair 0.0133 1 87 52 345
chair 0.0104 41 156 216 376
chair 0.0099 0 103 37 271
chair 0.0079 -1 169 35 326
chair 0.0049 -3 0 134 105
chair 0.0041 57 1 197 106
chair 0.0034 48 4 154 83
chair 0.0032 90 1 167 89
chair 0.0025 114 -5 307 100
chair 0.0022 15 18 96 127
chair 0.0018 -1 44 29 104
chair 0.0016 0 11 13 122
chair 0.0012 168 4 247 91
chair 0.0011 134 213 199 328
chair 0.0011 11 141 97 234
dog 0.0028 0 169 117 370
person 0.6966 258 112 475 301
person 0.2668 0 25 196 355
person 0.2586 11 4 173 182
person 0.0344 369 128 494 296
person 0.0100 41 20 454 246
person 0.0034 40 59 285 381
person 0.0027 95 65 488 363
person 0.0017 444 0 500 31
person 0.0016 18 5 311 194
person 0.0010 246 176 490 372
