bottle 0.0110 288 292 350 327
bottle 0.0106 278 268 370 337
bottle 0.0093 210 221 442 370
bottle 0.0035 73 196 122 231
bottle 0.0034 288 279 347 312
bottle 0.0031 277 289 374 367
bottle 0.0031 290 303 347 343
bottle 0.0026 249 270 334 339
bottle 0.0023 241 295 341 367
bottle 0.0015 265 291 331 326
bottle 0.0011 60 184 141 248
bottle 0.0010 310 277 362 312
person 0.9292 32 114 233 372
person 0.8436 203 103 448 373
person 0.6338 -1 171 101 373
person 0.1004 39 57 462 377
person 0.0043 465 190 501 358
person 0.0042 232 30 487 293
person 0.0023 -5 217 198 371
person 0.0021 452 120 503 372
person 0.0011 5 189 52 358
