bottle 0.0028 459 6 484 29
bottle 0.0024 480 6 498 30
bottle 0.0014 483 8 498 61
car 0.0870 399 15 422 35
car 0.0180 395 9 429 37
car 0.0031 392 21 430 45
car 0.0030 385 12 411 31
car 0.0022 378 36 418 69
car 0.0022 381 43 405 62
car 0.0018 384 25 411 41
car 0.0016 401 1 422 17
car 0.0013 376 9 421 37
car 0.0011 389 31 429 71
chair 0.9059 156 110 195 193
chair 0.8869 341 62 392 137
chair 0.8621 379 105 493 272
chair 0.8421 327 139 484 353
chair 0.8095 192 85 237 170
chair 0.7132 391 109 486 204
chair 0.5833 226 68 269 145
chair 0.2931 201 86 237 133
chair 0.2488 279 230 464 367
chair 0.2454 424 79 469 120
chair 0.2378 402 93 480 167
chair 0.2208 93 140 149 224
chair 0.1913 366 59 389 76
chair 0.1578 352 68 394 117
chair 0.1389 181 108 231 191
chair 0.1046 301 57 360 144
chair 0.1015 265 68 317 139
chair 0.0821 226 74 261 120
chair 0.0704 448 54 495 141
chair 0.0672 239 79 271 135
chair 0.0605 413 105 466 144
chair 0.0572 370 68 424 136
chair 0.0547 158 104 198 144
chair 0.0503 201 110 234 159
chair 0.0482 455 73 498 183
chair 0.0480 151 135 187 191
chair 0.0471 187 124 220 180
chair 0.0457 190 95 224 148
chair 0.0329 349 58 390 98
chair 0.0310 454 78 494 123
chair 0.0268 394 88 424 129
chair 0.0227 382 88 440 163
chair 0.0225 377 83 407 134
chair 0.0221 185 80 227 114
chair 0.0203 101 155 145 207
chair 0.0190 224 95 255 149
chair 0.0182 310 79 354 130
chair 0.0176 148 134 195 223
chair 0.0176 65 101 189 279
chair 0.0162 359 65 390 84
chair 0.0161 123 170 163 215
chair 0.0160 229 30 273 127
chair 0.0159 75 128 140 203
chair 0.0158 374 71 404 119
chair 0.0150 485 72 499 139
chair 0.0132 280 83 313 135
chair 0.0122 127 61 292 257
chair 0.0121 258 89 321 166
chair 0.0120 355 56 391 80
chair 0.0114 238 65 275 101
chair 0.0112 225 64 263 101
chair 0.0111 340 98 375 146
chair 0.0111 302 101 338 142
chair 0.0105 471 81 500 130
chair 0.0104 157 60 267 200
chair 0.0102 355 95 393 141
chair 0.0101 145 160 187 201
chair 0.0098 86 153 131 206
chair 0.0088 462 101 498 153
chair 0.0086 0 166 42 315
chair 0.0085 161 161 199 198
chair 0.0082 336 65 382 100
chair 0.0077 107 135 156 186
chair 0.0077 396 76 429 117
chair 0.0072 138 172 186 212
chair 0.0071 154 121 177 183
chair 0.0070 363 165 455 266
chair 0.0069 259 84 299 132
chair 0.0069 324 109 402 198
chair 0.0067 78 154 128 274
chair 0.0065 431 96 470 140
chair 0.0065 355 227 444 319
chair 0.0062 436 74 501 245
chair 0.0061 389 101 431 145
chair 0.0059 272 22 329 125
chair 0.0057 406 133 473 175
chair 0.0056 483 79 499 104
chair 0.0055 192 128 459 361
chair 0.0049 158 172 204 210
chair 0.0047 127 143 163 190
chair 0.0046 482 91 498 119
chair 0.0045 175 178 196 201
chair 0.0042 376 57 399 75
chair 0.0041 238 33 350 169
chair 0.0035 177 169 194 214
chair 0.0034 237 115 277 157
chair 0.0034 245 72 273 90
chair 0.0032 344 58 368 75
chair 0.0032 223 47 264 87
chair 0.0032 350 109 368 161
chair 0.0032 310 51 406 156
chair 0.0032 453 108 491 164
chair 0.0031 314 108 352 158
chair 0.0030 266 101 311 150
chair 0.0029 369 132 456 236
chair 0.0029 182 46 313 215
chair 0.0029 161 78 209 112
chair 0.0029 308 154 337 201
chair 0.0029 238 47 277 87
chair 0.0027 190 86 221 106
chair 0.0027 319 250 425 349
chair 0.0027 160 94 206 129
chair 0.0027 197 127 235 176
chair 0.0027 406 116 458 156
chair 0.0027 379 81 400 109
chair 0.0026 322 198 418 292
chair 0.0025 443 19 501 172
chair 0.0025 191 95 219 116
chair 0.0025 226 70 256 90
chair 0.0024 204 94 235 118
chair 0.0024 119 184 164 229
chair 0.0023 122 58 229 208
chair 0.0023 146 59 210 154
chair 0.0021 299 77 337 115
chair 0.0021 328 173 411 260
chair 0.0021 222 114 287 194
chair 0.0020 82 137 131 186
chair 0.0020 200 65 245 100
chair 0.0020 398 97 425 119
chair 0.0020 174 170 196 194
chair 0.0020 373 51 413 80
chair 0.0020 255 117 299 155
chair 0.0019 464 94 484 119
chair 0.0019 133 181 157 205
chair 0.0019 318 62 358 103
chair 0.0018 96 164 157 258
chair 0.0018 404 83 427 107
chair 0.0017 257 161 305 197
chair 0.0017 359 78 388 100
chair 0.0016 398 109 429 157
chair 0.0016 485 106 499 134
chair 0.0016 226 82 255 105
chair 0.0016 438 85 462 126
chair 0.0016 260 63 297 102
chair 0.0016 489 80 500 190
chair 0.0016 179 66 226 99
chair 0.0016 343 70 369 89
chair 0.0015 -2 89 50 349
chair 0.0015 243 80 272 104
chair 0.0015 380 92 399 121
chair 0.0015 275 159 320 196
chair 0.0015 183 35 250 120
chair 0.0014 460 81 480 103
chair 0.0014 378 69 401 89
chair 0.0014 250 56 273 75
chair 0.0013 488 36 499 123
chair 0.0013 353 69 455 200
chair 0.0013 104 186 148 228
chair 0.0013 427 114 476 158
chair 0.0012 338 51 377 82
chair 0.0012 223 31 265 71
chair 0.0012 169 84 193 103
chair 0.0012 148 180 170 203
chair 0.0012 167 110 197 132
chair 0.0012 203 0 292 144
chair 0.0012 203 84 238 104
chair 0.0011 179 160 220 196
chair 0.0011 143 76 182 111
chair 0.0011 153 83 176 103
chair 0.0011 152 110 176 132
chair 0.0011 227 121 250 150
chair 0.0011 207 123 231 150
chair 0.0010 235 173 284 215
chair 0.0010 304 82 326 134
chair 0.0010 124 104 168 143
chair 0.0010 275 52 317 99
chair 0.0010 368 223 500 369
chair 0.0010 227 83 251 134
chair 0.0010 460 72 478 117
diningtable 0.2610 90 80 413 354
diningtable 0.0460 29 123 317 373
diningtable 0.0141 266 76 458 303
diningtable 0.0083 41 210 456 380
diningtable 0.0040 147 43 357 280
person 0.0430 42 126 154 373
person 0.0120 447 11 493 134
person 0.0035 13 167 254 377
person 0.0025 0 5 50 314
person 0.0021 -1 173 128 372
person 0.0016 74 181 126 305
person 0.0011 -2 12 107 308
pottedplant 0.0657 283 11 361 134
pottedplant 0.0453 259 121 332 198
pottedplant 0.0202 200 63 383 261
pottedplant 0.0188 428 21 481 128
pottedplant 0.0184 297 111 349 200
pottedplant 0.0140 273 141 321 187
pottedplant 0.0070 308 82 354 169
pottedplant 0.0030 272 39 377 227
pottedplant 0.0025 417 71 456 120
pottedplant 0.0021 430 50 471 102
pottedplant 0.0016 275 116 319 155
pottedplant 0.0010 301 126 339 175
