bottle 0.0044 212 2 288 70
bottle 0.0039 174 1 244 28
bottle 0.0010 224 13 274 58
cat 0.5148 43 107 464 372
cat 0.0022 49 53 314 322
chair 0.0148 -5 6 209 143
chair 0.0054 -6 -5 114 203
chair 0.0024 2 -2 186 318
chair 0.0024 -3 -5 71 147
dog 0.3252 163 112 484 368
dog 0.0188 303 173 494 368
dog 0.0019 292 47 499 332
person 0.3171 71 -12 507 336
person 0.1949 231 1 494 200
person 0.0791 255 -3 471 101
person 0.0310 24 6 247 141
person 0.0150 21 1 189 38
person 0.0141 136 0 444 148
person 0.0056 10 1 196 96
person 0.0056 55 0 191 22
person 0.0044 -2 0 98 42
person 0.0028 32 4 175 65
person 0.0026 -1 8 62 134
person 0.0022 452 -2 498 96
person 0.0022 58 1 367 93
person 0.0020 39 -1 307 265
person 0.0017 130 0 223 25
person 0.0014 7 0 85 25
person 0.0011 158 0 264 39
person 0.0010 356 12 508 194
