bicycle 0.0013 10 -2 352 360
boat 0.7229 65 -27 418 438
boat 0.1998 35 208 202 435
boat 0.1500 52 168 375 471
boat 0.0957 18 318 461 471
boat 0.0658 164 -9 376 365
boat 0.0316 55 386 428 478
boat 0.0213 258 176 415 474
boat 0.0166 207 76 397 492
boat 0.0049 154 248 395 460
boat 0.0043 249 327 417 465
boat 0.0033 305 413 375 445
boat 0.0031 144 379 218 436
boat 0.0030 0 420 14 444
boat 0.0021 352 378 405 451
boat 0.0019 170 381 247 438
boat 0.0018 50 258 116 400
boat 0.0018 3 213 104 438
boat 0.0014 268 418 348 448
boat 0.0011 310 250 426 471
boat 0.0010 289 379 392 446
boat 0.0010 147 411 213 444
boat 0.0010 7 424 33 441
car 0.0215 13 -16 347 442
car 0.0041 41 94 254 419
person 0.8190 204 387 220 429
person 0.7575 347 407 359 434
person 0.5629 344 411 356 437
person 0.4525 351 406 365 434
person 0.4493 354 412 368 441
person 0.3113 191 389 220 430
person 0.2926 320 414 333 435
person 0.2581 314 415 327 434
person 0.1766 169 393 206 431
person 0.0879 289 418 310 433
person 0.0878 377 396 390 430
person 0.0686 200 386 217 413
person 0.0588 384 388 396 405
person 0.0579 368 418 385 447
person 0.0493 375 389 391 447
person 0.0422 350 409 381 449
person 0.0286 381 390 392 409
person 0.0252 362 405 390 453
person 0.0205 383 394 399 423
person 0.0188 146 396 194 432
person 0.0188 293 410 309 430
person 0.0165 132 401 150 430
person 0.0143 75 408 95 431
person 0.0129 360 394 396 438
person 0.0117 157 403 182 429
person 0.0114 272 418 298 433
person 0.0113 141 398 161 428
person 0.0082 176 383 194 404
person 0.0079 371 435 390 457
person 0.0074 145 383 162 407
person 0.0069 333 406 364 435
person 0.0069 223 401 246 428
person 0.0061 382 386 399 441
person 0.0055 158 383 181 403
person 0.0039 133 394 175 430
person 0.0035 270 410 294 428
person 0.0035 92 406 120 429
person 0.0032 388 421 403 442
person 0.0032 94 399 145 431
person 0.0031 315 405 348 435
person 0.0031 189 420 217 433
person 0.0027 119 398 157 431
person 0.0026 224 384 239 407
person 0.0026 357 392 370 409
person 0.0025 386 439 405 461
person 0.0024 106 405 137 429
person 0.0023 326 388 340 404
person 0.0022 355 435 375 454
person 0.0022 174 418 202 432
person 0.0021 343 391 355 408
person 0.0020 411 421 421 446
person 0.0020 269 417 330 441
person 0.0020 209 398 255 433
person 0.0019 413 380 421 448
person 0.0019 149 379 188 418
person 0.0019 409 437 421 463
person 0.0017 237 407 258 428
person 0.0017 290 414 341 440
person 0.0017 412 400 420 426
person 0.0017 135 378 173 418
person 0.0017 412 382 420 405
person 0.0016 130 416 150 434
person 0.0016 318 396 366 435
person 0.0015 260 316 303 361
person 0.0014 379 387 411 435
person 0.0014 221 421 250 436
person 0.0013 272 326 293 350
person 0.0012 85 419 124 433
person 0.0012 297 407 337 434
person 0.0012 273 301 293 323
person 0.0012 70 406 86 429
person 0.0011 204 420 228 433
person 0.0010 251 418 283 434
person 0.0010 145 324 166 348
person 0.0010 341 367 356 386
