boat 0.0028 249 32 469 254
motorbike 0.7923 42 115 381 322
motorbike 0.1056 31 142 161 287
motorbike 0.0249 28 129 249 304
motorbike 0.0043 182 111 455 313
motorbike 0.0033 52 143 129 234
motorbike 0.0025 14 125 113 262
motorbike 0.0010 31 141 98 237
person 0.6532 222 28 349 249
person 0.0212 104 46 254 194
person 0.0192 73 58 128 124
person 0.0131 84 69 121 113
person 0.0057 175 68 233 168
person 0.0050 108 25 314 250
person 0.0038 95 60 117 109
person 0.0019 143 64 218 168
person 0.0016 249 88 330 183
person 0.0014 146 140 164 158
person 0.0010 90 57 158 120
