bottle 0.0927 7 1 80 88
bottle 0.0305 312 3 361 48
bottle 0.0099 17 1 72 46
bottle 0.0062 40 -1 94 39
bottle 0.0057 19 17 67 79
bottle 0.0043 331 0 372 46
bottle 0.0038 27 0 51 14
bottle 0.0033 0 -4 11 63
bottle 0.0033 340 18 373 80
bottle 0.0029 1 0 35 56
bottle 0.0025 311 18 361 75
bottle 0.0023 229 0 275 54
bottle 0.0017 34 -1 61 13
bottle 0.0015 364 22 374 145
bottle 0.0013 6 0 35 15
bottle 0.0013 139 119 196 167
bottle 0.0012 246 22 301 74
bottle 0.0012 0 2 42 93
bottle 0.0010 300 0 353 32
bottle 0.0010 28 0 100 21
chair 0.0013 352 29 374 100
diningtable 0.2986 14 52 358 444
diningtable 0.0108 111 24 374 324
diningtable 0.0017 -25 1 346 272
diningtable 0.0015 42 291 390 508
diningtable 0.0010 284 23 375 244
person 0.1667 294 -1 377 92
person 0.0797 232 0 373 111
person 0.0645 37 70 391 499
person 0.0163 251 3 357 62
person 0.0142 218 0 330 56
person 0.0061 23 -1 112 62
person 0.0060 146 -1 343 117
person 0.0057 284 9 377 190
person 0.0052 218 2 275 42
person 0.0046 323 -4 379 69
person 0.0044 271 7 335 45
person 0.0042 241 3 306 40
person 0.0040 338 12 376 173
person 0.0040 206 3 286 100
person 0.0039 1 124 84 458
person 0.0039 195 -23 354 74
person 0.0038 40 0 164 53
person 0.0034 188 245 248 326
person 0.0030 -5 1 95 104
person 0.0022 316 -10 385 131
person 0.0020 158 10 270 100
person 0.0020 64 -1 139 31
person 0.0019 198 259 242 308
person 0.0014 329 86 379 192
person 0.0013 117 3 257 57
person 0.0012 328 33 378 392
person 0.0011 -2 108 45 470
person 0.0010 142 136 192 186
person 0.0010 126 138 174 186
