bicycle 0.0166 4 191 42 362
bicycle 0.0023 0 191 10 369
bicycle 0.0016 9 216 108 376
bicycle 0.0013 0 306 10 370
bottle 0.0013 437 246 469 291
car 0.0022 0 104 37 144
diningtable 0.0052 66 282 431 376
diningtable 0.0015 54 323 370 380
diningtable 0.0012 231 283 492 373
person 0.9133 33 120 130 358
person 0.7696 132 27 227 232
person 0.6730 138 116 217 310
person 0.5476 339 22 483 342
person 0.2840 181 135 337 347
person 0.2628 218 45 303 142
person 0.1761 26 61 114 263
person 0.1610 454 29 500 286
person 0.1176 355 36 390 85
person 0.0929 211 25 307 232
person 0.0764 471 36 501 224
person 0.0406 199 67 446 363
person 0.0391 470 35 500 121
person 0.0357 137 40 216 155
person 0.0272 2 131 52 357
person 0.0247 489 43 500 257
person 0.0197 149 80 249 293
person 0.0134 143 104 220 219
person 0.0125 86 107 192 334
person 0.0101 29 68 101 191
person 0.0098 104 179 322 366
person 0.0094 446 214 498 329
person 0.0069 45 127 126 246
person 0.0057 364 33 387 75
person 0.0051 483 40 499 173
person 0.0044 346 37 394 152
person 0.0036 442 123 500 359
person 0.0030 481 33 500 100
person 0.0025 487 110 499 307
person 0.0023 142 224 205 312
person 0.0021 362 33 437 104
person 0.0018 361 50 384 100
person 0.0017 173 101 236 217
person 0.0016 0 153 8 353
person 0.0015 291 24 450 246
person 0.0014 343 41 381 87
person 0.0013 1 139 38 294
person 0.0013 396 109 497 373
person 0.0013 460 125 497 306
person 0.0011 176 43 238 152
person 0.0010 41 286 315 371
