bus 0.0010 83 46 344 220
car 0.8225 0 155 329 491
car 0.3423 73 141 149 176
car 0.1402 44 137 143 190
car 0.0335 28 18 357 183
car 0.0309 2 55 331 293
car 0.0305 55 142 112 179
car 0.0146 10 123 53 165
car 0.0107 1 123 36 165
car 0.0058 59 130 124 168
car 0.0057 129 150 191 176
car 0.0042 34 149 80 177
car 0.0041 95 137 145 167
car 0.0041 38 122 92 161
car 0.0038 1 105 63 168
car 0.0037 131 169 211 198
car 0.0032 273 155 320 191
car 0.0022 20 109 112 168
car 0.0020 141 156 176 172
car 0.0020 156 155 186 172
car 0.0020 11 142 60 176
car 0.0019 109 135 134 150
car 0.0018 0 135 14 164
car 0.0017 103 150 137 172
car 0.0013 103 155 167 186
car 0.0012 69 144 202 206
car 0.0012 103 144 156 175
car 0.0012 -11 -2 291 135
car 0.0010 42 152 71 174
person 0.0026 11 210 176 450
person 0.0015 64 311 117 420
