bus 0.9920 79 162 325 278
bus 0.0252 72 170 221 290
bus 0.0062 258 172 327 264
bus 0.0010 165 197 257 271
car 0.8219 349 213 390 230
car 0.3189 413 212 441 225
car 0.3086 402 210 458 226
car 0.2296 392 212 429 226
car 0.0637 429 211 474 223
car 0.0436 368 211 423 230
car 0.0319 470 225 500 266
car 0.0290 455 212 486 223
car 0.0191 328 213 341 229
car 0.0160 346 218 393 239
car 0.0129 380 212 412 228
car 0.0100 417 220 470 243
car 0.0087 377 218 431 240
car 0.0075 483 229 499 280
car 0.0067 449 209 492 227
car 0.0053 476 231 497 257
car 0.0050 405 196 453 226
car 0.0048 485 210 499 259
car 0.0038 478 211 499 225
car 0.0033 397 203 421 220
car 0.0033 396 199 484 235
car 0.0031 390 196 435 226
car 0.0028 3 221 41 250
car 0.0027 465 200 498 234
car 0.0025 417 203 441 220
car 0.0024 482 223 499 244
car 0.0020 424 199 478 224
car 0.0017 398 215 462 240
car 0.0017 398 207 422 230
car 0.0016 483 195 498 245
car 0.0016 418 208 438 229
car 0.0015 435 204 463 219
car 0.0012 0 194 11 250
car 0.0011 385 202 412 219
car 0.0011 0 225 19 244
car 0.0010 -1 234 15 248
person 0.0232 41 145 63 197
person 0.0035 277 101 289 119
person 0.0033 157 207 178 230
person 0.0030 230 95 242 114
person 0.0019 183 4 248 68
person 0.0019 289 210 307 226
person 0.0018 169 209 187 232
person 0.0016 210 213 229 231
person 0.0014 230 88 241 106
person 0.0014 290 107 307 127
person 0.0014 32 132 63 208
person 0.0013 229 211 245 229
person 0.0013 302 110 321 129
person 0.0011 287 100 302 118
person 0.0011 270 209 287 226
person 0.0010 129 208 161 228
