aeroplane 0.0013 64 -1 125 31
bus 0.9976 54 42 371 286
bus 0.0061 1 187 29 231
bus 0.0025 -1 153 34 235
bus 0.0015 -11 108 134 265
bus 0.0012 158 53 479 313
car 0.0071 377 200 419 231
car 0.0050 0 186 27 234
car 0.0030 379 198 401 218
car 0.0014 20 208 35 231
car 0.0011 364 205 393 221
car 0.0011 1 194 22 225
person 0.0253 63 224 79 275
person 0.0211 1 188 19 233
person 0.0140 101 185 120 209
person 0.0059 111 183 127 208
person 0.0054 133 176 150 214
person 0.0053 82 229 100 279
person 0.0042 197 168 234 210
person 0.0034 88 230 107 278
person 0.0027 211 173 230 219
person 0.0025 255 87 304 120
person 0.0023 243 92 270 118
person 0.0017 213 53 232 70
person 0.0017 197 92 217 116
person 0.0017 0 196 8 306
person 0.0016 74 195 93 215
person 0.0015 160 196 175 219
person 0.0015 134 157 151 207
person 0.0014 463 142 481 193
person 0.0014 112 191 130 218
person 0.0013 485 171 496 217
person 0.0011 133 67 154 85
person 0.0011 131 192 151 218
person 0.0011 202 94 228 115
person 0.0010 324 179 342 234
person 0.0010 194 86 216 107
person 0.0010 175 87 195 106
person 0.0010 232 94 257 118
