car 0.0525 439 136 499 252
car 0.0172 395 110 495 281
car 0.0154 320 77 460 278
car 0.0053 458 101 502 180
car 0.0019 468 115 498 153
car 0.0016 484 109 499 160
car 0.0014 294 132 348 213
car 0.0011 415 120 487 222
car 0.0011 187 51 467 241
car 0.0010 488 123 500 203
motorbike 0.4556 105 145 397 351
motorbike 0.0629 150 199 499 339
motorbike 0.0522 0 189 345 347
motorbike 0.0513 268 140 462 346
motorbike 0.0142 19 179 176 327
motorbike 0.0070 37 239 461 345
motorbike 0.0039 21 133 249 320
motorbike 0.0022 384 217 502 335
motorbike 0.0013 19 197 68 233
person 0.9221 304 97 448 338
person 0.6642 139 73 299 263
person 0.0442 134 93 232 243
person 0.0331 141 97 205 195
person 0.0251 200 67 357 328
person 0.0114 388 107 497 337
person 0.0079 240 91 418 310
person 0.0056 8 195 57 233
person 0.0056 438 123 499 315
person 0.0019 150 49 407 244
person 0.0011 292 71 451 233
person 0.0010 171 146 235 235
