bicycle 0.0078 208 215 458 374
bicycle 0.0025 72 192 432 358
bottle 0.0013 227 276 269 319
car 0.0222 424 167 489 196
chair 0.4189 37 160 236 324
chair 0.3208 283 189 453 362
chair 0.0080 53 202 144 289
chair 0.0064 29 157 95 265
chair 0.0054 7 154 121 331
chair 0.0037 84 205 181 283
chair 0.0031 370 178 498 367
chair 0.0028 52 164 140 262
chair 0.0021 318 253 421 347
diningtable 0.0076 192 135 466 355
motorbike 0.0483 442 172 498 208
person 0.9334 34 139 242 297
person 0.0258 171 97 483 337
person 0.0140 457 0 502 75
person 0.0125 280 134 461 359
person 0.0080 31 140 97 235
person 0.0071 88 146 172 223
person 0.0049 49 143 149 228
person 0.0040 45 156 360 332
person 0.0034 92 135 165 196
person 0.0027 121 175 225 260
person 0.0026 130 72 449 250
person 0.0017 105 143 153 185
person 0.0017 442 10 502 240
person 0.0016 46 84 288 243
person 0.0015 13 130 113 257
person 0.0012 86 170 182 261
person 0.0010 15 93 182 238
person 0.0010 113 154 222 227
pottedplant 0.0022 357 180 439 252
pottedplant 0.0018 329 177 415 257
