bus 0.0153 350 233 432 283
car 0.9910 306 250 355 278
car 0.9827 19 250 186 300
car 0.9721 211 248 296 277
car 0.8683 2 247 43 283
car 0.7854 341 250 411 284
car 0.7818 477 251 500 270
car 0.7058 242 253 305 277
car 0.6045 181 250 233 275
car 0.4102 436 247 473 281
car 0.3307 11 247 111 296
car 0.2991 466 250 495 278
car 0.2268 11 251 87 284
car 0.2231 440 247 473 262
car 0.1387 272 251 321 277
car 0.1368 0 254 26 280
car 0.1285 425 250 460 283
car 0.0939 467 244 501 269
car 0.0835 417 256 439 278
car 0.0817 278 249 316 264
car 0.0723 421 250 445 263
car 0.0671 358 258 426 290
car 0.0627 73 253 176 290
car 0.0411 456 248 478 262
car 0.0402 185 249 219 265
car 0.0292 30 247 103 265
car 0.0278 162 251 205 281
car 0.0259 413 254 450 282
car 0.0243 382 254 434 286
car 0.0228 283 252 312 273
car 0.0211 202 254 236 275
car 0.0198 188 246 250 270
car 0.0190 43 249 92 262
car 0.0165 336 240 410 273
car 0.0153 361 238 426 276
car 0.0153 82 247 127 259
car 0.0148 62 248 109 261
car 0.0146 146 246 176 260
car 0.0141 312 249 355 263
car 0.0131 9 247 44 263
car 0.0130 455 252 479 271
car 0.0128 237 256 280 275
car 0.0117 300 250 338 264
car 0.0105 199 248 239 262
car 0.0104 -1 247 29 264
car 0.0102 153 246 212 268
car 0.0098 162 248 202 261
car 0.0098 297 246 345 270
car 0.0089 119 247 164 261
car 0.0089 339 253 365 276
car 0.0085 352 255 390 277
car 0.0083 64 245 148 262
car 0.0081 338 248 369 261
car 0.0080 98 248 149 261
car 0.0075 259 250 295 263
car 0.0075 447 248 486 277
car 0.0074 28 247 65 260
car 0.0071 220 256 258 275
car 0.0060 400 246 425 260
car 0.0047 1 237 22 278
car 0.0044 106 246 178 263
car 0.0042 138 244 194 265
car 0.0040 251 246 315 270
car 0.0040 191 248 215 276
car 0.0039 43 255 89 269
car 0.0037 354 248 393 261
car 0.0037 374 255 415 275
car 0.0036 39 252 130 278
car 0.0034 215 248 262 262
car 0.0034 0 255 16 296
car 0.0034 382 244 410 257
car 0.0031 398 256 431 278
car 0.0029 -1 263 20 287
car 0.0027 288 238 372 278
car 0.0023 168 254 203 272
car 0.0022 358 249 387 287
car 0.0022 233 248 282 262
car 0.0021 434 261 475 289
car 0.0020 22 255 67 272
car 0.0017 302 261 343 287
car 0.0014 0 273 10 374
car 0.0014 380 249 410 289
car 0.0014 414 245 454 267
car 0.0014 243 248 276 281
car 0.0013 140 251 191 281
car 0.0012 88 255 125 269
car 0.0011 0 245 41 349
car 0.0011 12 240 40 273
car 0.0010 0 251 10 333
car 0.0010 263 252 293 278
