car 0.9855 174 203 462 349
car 0.9535 64 205 186 273
car 0.5749 22 203 90 242
car 0.2175 0 200 16 218
car 0.1563 31 198 148 255
car 0.0706 18 203 49 238
car 0.0515 151 198 201 230
car 0.0359 14 200 42 216
car 0.0189 485 95 499 114
car 0.0186 47 201 130 236
car 0.0176 105 206 184 233
car 0.0167 439 88 473 130
car 0.0167 184 191 224 227
car 0.0136 41 209 89 255
car 0.0079 488 81 499 134
car 0.0073 485 85 499 109
car 0.0071 156 195 178 220
car 0.0064 19 199 76 229
car 0.0059 0 192 13 225
car 0.0057 0 209 17 226
car 0.0056 134 192 211 244
car 0.0053 8 199 45 228
car 0.0048 441 96 470 118
car 0.0044 -1 196 27 223
car 0.0035 81 198 168 225
car 0.0033 428 77 464 130
car 0.0032 131 204 310 302
car 0.0028 175 183 230 237
car 0.0027 27 201 58 217
car 0.0024 131 207 208 274
car 0.0017 456 78 490 126
car 0.0017 27 210 55 235
car 0.0014 0 197 11 242
car 0.0013 0 172 13 219
car 0.0013 456 83 477 102
car 0.0011 444 85 469 106
car 0.0010 282 207 358 237
car 0.0010 452 53 493 146
car 0.0010 122 213 166 229
person 0.0828 224 175 242 213
person 0.0192 212 177 230 217
person 0.0158 185 184 221 229
person 0.0096 488 89 499 153
person 0.0063 340 20 463 241
person 0.0044 158 191 177 229
person 0.0030 209 185 226 223
person 0.0026 224 12 425 249
person 0.0024 197 176 233 221
person 0.0023 194 177 216 221
person 0.0013 385 77 438 180
pottedplant 0.0098 398 -9 492 152
pottedplant 0.0046 424 56 469 143
pottedplant 0.0040 419 21 477 131
pottedplant 0.0026 448 19 497 129
pottedplant 0.0022 343 -7 471 158
pottedplant 0.0016 389 48 440 154
