boat 0.0027 380 219 501 376
boat 0.0011 -6 10 114 77
boat 0.0010 -1 12 52 80
boat 0.0010 -1 23 44 61
car 0.1827 359 25 387 37
car 0.0411 381 27 401 37
car 0.0328 11 49 345 283
car 0.0239 401 28 424 38
car 0.0142 480 10 499 26
car 0.0124 479 38 498 56
car 0.0069 480 32 499 46
car 0.0038 160 39 182 54
car 0.0038 482 30 498 75
car 0.0035 421 27 441 37
car 0.0034 402 70 421 89
car 0.0034 353 25 372 38
car 0.0031 461 13 485 28
car 0.0024 9 4 107 28
car 0.0022 422 14 445 34
car 0.0018 442 14 462 29
car 0.0018 250 41 307 59
car 0.0017 461 42 485 54
car 0.0016 402 13 425 36
car 0.0015 386 69 411 86
car 0.0014 484 49 499 78
car 0.0013 407 4 467 31
car 0.0013 387 5 434 38
car 0.0011 477 1 498 20
car 0.0010 461 31 485 42
person 0.0026 491 76 500 196
person 0.0024 423 66 438 91
person 0.0022 440 67 455 90
person 0.0021 186 -4 242 53
person 0.0019 461 54 480 74
person 0.0013 350 115 367 163
person 0.0013 350 111 368 134
person 0.0010 489 95 499 263
train 0.9966 25 61 466 311
train 0.7550 241 63 471 205
train 0.1220 19 126 336 347
train 0.0750 373 28 505 181
train 0.0473 417 39 491 107
train 0.0077 430 56 475 99
train 0.0046 471 39 498 85
train 0.0037 452 44 489 85
train 0.0029 485 37 499 87
train 0.0026 131 16 450 205
train 0.0015 422 12 516 144
train 0.0010 1 177 191 362
