bottle 0.0015 75 124 118 162
car 0.0037 0 194 10 303
car 0.0018 2 219 55 254
car 0.0011 0 196 45 282
chair 0.0027 93 184 318 331
person 0.7758 104 134 306 334
person 0.7620 317 44 499 340
person 0.5671 231 98 353 334
person 0.5440 49 96 164 336
person 0.0495 216 62 358 230
person 0.0087 57 61 272 281
person 0.0056 451 36 501 347
person 0.0045 66 75 191 220
person 0.0038 0 106 110 324
person 0.0036 313 85 331 125
person 0.0017 265 26 471 257
person 0.0016 0 175 9 298
person 0.0015 283 144 457 329
tvmonitor 0.0061 -1 71 106 317
tvmonitor 0.0031 339 131 397 196
tvmonitor 0.0021 343 145 388 184
