bottle 0.3617 178 217 234 331
bottle 0.0074 276 221 322 323
bottle 0.0070 146 245 270 329
bottle 0.0046 484 124 498 195
bottle 0.0033 184 265 229 321
bottle 0.0033 267 159 283 179
bottle 0.0023 253 157 269 180
bottle 0.0020 184 244 228 297
bottle 0.0020 199 203 216 250
bottle 0.0011 249 154 262 174
bottle 0.0011 283 272 302 326
bottle 0.0010 207 309 293 332
bottle 0.0010 275 271 315 316
chair 0.0441 13 199 179 330
chair 0.0260 -2 208 36 334
chair 0.0182 20 223 96 320
chair 0.0057 273 193 469 333
chair 0.0050 63 226 129 315
chair 0.0039 361 255 453 334
chair 0.0036 74 197 276 335
chair 0.0030 -1 272 31 321
chair 0.0023 284 255 348 330
chair 0.0021 93 216 162 320
chair 0.0019 369 304 438 332
chair 0.0016 352 291 457 333
chair 0.0016 87 251 123 293
chair 0.0015 43 244 220 331
chair 0.0015 0 274 16 327
chair 0.0015 329 307 404 332
chair 0.0014 418 300 469 332
chair 0.0013 -1 245 32 294
chair 0.0012 87 260 170 331
chair 0.0010 93 238 114 286
diningtable 0.0012 0 189 38 303
diningtable 0.0010 168 299 334 331
person 0.9761 279 80 452 340
person 0.9462 26 93 173 334
person 0.0434 6 104 126 283
person 0.0198 68 91 171 257
person 0.0032 402 90 497 300
person 0.0014 135 158 290 340
person 0.0013 55 100 275 340
person 0.0011 171 95 407 345
person 0.0010 489 132 499 238
person 0.0010 -2 299 36 332
person 0.0010 92 187 167 294
pottedplant 0.1611 441 151 498 332
pottedplant 0.0699 452 93 498 180
pottedplant 0.0503 448 246 498 337
pottedplant 0.0256 417 259 483 332
pottedplant 0.0176 404 197 498 332
pottedplant 0.0173 446 145 495 246
pottedplant 0.0135 426 171 487 262
pottedplant 0.0129 416 102 489 170
pottedplant 0.0070 457 116 497 163
pottedplant 0.0056 462 142 498 183
pottedplant 0.0043 441 65 504 266
pottedplant 0.0039 395 69 504 215
pottedplant 0.0026 424 118 474 159
pottedplant 0.0024 422 276 470 322
pottedplant 0.0021 443 177 495 216
pottedplant 0.0017 448 192 495 239
pottedplant 0.0017 484 110 499 185
pottedplant 0.0016 414 279 449 325
pottedplant 0.0014 455 98 499 141
pottedplant 0.0013 454 271 497 322
pottedplant 0.0011 428 193 478 238
pottedplant 0.0010 420 118 482 208
pottedplant 0.0010 487 80 500 161
pottedplant 0.0010 470 123 500 172
tvmonitor 0.9631 283 97 361 169
tvmonitor 0.1902 278 95 436 199
tvmonitor 0.0053 306 98 408 175
tvmonitor 0.0024 296 100 348 144
tvmonitor 0.0023 10 133 90 201
tvmonitor 0.0021 298 107 355 208
