aeroplane 0.9516 1 60 416 231
aeroplane 0.0164 160 37 493 250
aeroplane 0.0071 74 104 350 264
aeroplane 0.0032 8 100 189 233
aeroplane 0.0013 82 8 412 179
bicycle 0.0017 321 131 386 160
bus 0.0010 438 148 499 333
car 0.0853 0 163 18 182
car 0.0412 1 157 36 184
car 0.0043 0 154 16 174
car 0.0038 9 168 39 183
car 0.0025 -1 174 17 188
car 0.0010 302 4 505 179
chair 0.0081 452 250 499 334
dog 0.0010 348 302 399 331
person 0.8860 367 155 428 331
person 0.7909 299 141 369 332
person 0.6334 142 173 170 240
person 0.4736 267 174 287 217
person 0.4567 252 178 269 214
person 0.2879 131 178 149 219
person 0.1716 76 190 94 229
person 0.1085 323 144 408 336
person 0.0460 119 186 135 237
person 0.0384 133 175 160 221
person 0.0205 263 162 300 222
person 0.0135 374 149 413 243
person 0.0101 304 125 337 170
person 0.0099 202 192 240 234
person 0.0070 56 159 125 229
person 0.0069 223 191 243 230
person 0.0064 227 184 246 215
person 0.0064 0 157 14 185
person 0.0063 121 167 168 232
person 0.0061 120 178 138 221
person 0.0052 305 129 365 198
person 0.0049 79 185 94 209
person 0.0046 77 193 112 231
person 0.0042 254 177 272 202
person 0.0040 228 189 261 231
person 0.0031 71 176 100 224
person 0.0031 390 144 496 337
person 0.0029 298 115 360 176
person 0.0028 136 173 153 207
person 0.0027 242 177 272 222
person 0.0026 301 4 499 223
person 0.0022 217 183 234 220
person 0.0022 265 189 296 230
person 0.0022 309 201 355 328
person 0.0022 454 209 498 335
person 0.0021 151 182 171 209
person 0.0021 314 142 353 183
person 0.0021 132 196 146 219
person 0.0018 305 145 364 236
person 0.0017 309 127 357 164
person 0.0017 307 136 329 183
person 0.0017 148 194 170 245
person 0.0016 275 76 391 322
person 0.0016 121 195 135 221
person 0.0016 304 147 326 195
person 0.0015 376 158 409 193
person 0.0013 228 165 279 227
person 0.0013 215 117 364 324
person 0.0011 94 177 113 220
person 0.0011 123 187 138 212
person 0.0011 219 181 269 237
person 0.0010 308 170 326 223
train 0.0414 399 90 506 298
train 0.0023 330 86 469 310
tvmonitor 0.0038 440 132 498 247
