car 0.9845 74 209 170 259
car 0.9223 34 210 323 373
car 0.5008 308 223 425 289
car 0.3505 86 209 247 262
car 0.0420 308 208 483 311
car 0.0332 124 211 212 250
car 0.0121 101 206 182 238
car 0.0109 176 210 398 326
car 0.0090 94 196 325 287
car 0.0088 79 218 187 280
car 0.0068 325 233 401 278
car 0.0068 440 23 500 271
car 0.0066 211 197 308 217
car 0.0054 167 198 275 216
car 0.0046 323 246 358 287
car 0.0046 0 207 12 269
car 0.0034 27 213 94 247
car 0.0029 169 209 251 244
car 0.0028 193 200 306 258
car 0.0023 316 222 366 253
car 0.0022 104 202 177 221
car 0.0022 47 215 237 328
car 0.0022 -2 221 56 252
car 0.0020 0 212 37 249
car 0.0018 7 207 117 261
car 0.0018 325 221 402 257
car 0.0016 72 211 98 229
car 0.0015 0 241 10 295
car 0.0014 61 209 114 237
car 0.0013 102 204 151 216
car 0.0013 33 202 181 271
car 0.0012 118 205 165 218
car 0.0011 100 229 167 267
car 0.0011 199 204 243 215
car 0.0011 220 205 284 241
car 0.0011 0 213 17 235
car 0.0010 397 25 495 315
person 0.0015 258 -1 306 28
person 0.0013 460 267 501 381
person 0.0013 344 -2 392 24
