bottle 0.0011 271 259 286 295
bottle 0.0010 15 250 91 331
car 0.0102 38 17 227 270
car 0.0012 -4 6 129 279
chair 0.0047 13 200 172 331
chair 0.0015 27 152 227 328
chair 0.0014 5 202 345 333
chair 0.0011 65 226 134 314
person 0.6831 149 58 256 325
person 0.6128 215 87 425 334
person 0.0378 26 32 235 301
person 0.0298 129 90 366 337
person 0.0042 247 17 476 278
person 0.0038 0 38 125 343
person 0.0026 442 0 500 31
person 0.0023 172 11 395 224
person 0.0019 301 93 494 333
person 0.0014 26 250 324 334
person 0.0014 406 0 488 24
person 0.0013 74 313 174 332
sofa 0.0029 112 18 291 226
tvmonitor 0.0059 14 8 180 280
