person 0.8420 163 -1 482 376
person 0.1278 63 33 359 352
person 0.0119 458 48 501 380
person 0.0116 473 176 500 364
person 0.0087 298 -7 498 323
person 0.0040 385 14 498 360
person 0.0030 22 51 253 329
person 0.0029 111 165 469 371
person 0.0015 73 -9 432 224
person 0.0012 469 96 500 277
person 0.0012 484 152 499 350
person 0.0010 104 330 235 376
sheep 0.9640 40 171 302 367
sheep 0.1178 62 117 445 368
sheep 0.0568 2 223 203 371
sheep 0.0229 128 226 213 314
sheep 0.0100 93 229 177 310
sheep 0.0085 172 227 252 316
sheep 0.0055 123 204 217 279
sheep 0.0052 91 207 179 280
sheep 0.0035 150 253 196 291
sheep 0.0033 123 174 223 253
sheep 0.0023 168 199 252 283
sheep 0.0023 112 252 159 290
sheep 0.0021 109 226 160 263
sheep 0.0016 90 175 184 254
sheep 0.0015 91 252 177 347
sheep 0.0015 162 171 258 251
sheep 0.0014 57 233 140 307
sheep 0.0013 187 252 239 290
sheep 0.0011 56 205 139 280
sheep 0.0010 72 253 121 287
