horse 0.0514 24 69 401 373
horse 0.0060 89 52 261 333
horse 0.0010 129 24 437 313
person 0.9945 133 18 235 255
person 0.0160 67 11 224 307
person 0.0129 0 208 15 269
person 0.0110 485 106 499 171
person 0.0079 454 107 494 144
person 0.0048 484 200 498 256
person 0.0030 483 111 499 138
person 0.0029 482 128 500 152
person 0.0028 461 110 486 137
person 0.0026 463 209 484 250
person 0.0025 471 116 500 160
person 0.0024 198 204 238 252
person 0.0024 -1 202 26 255
person 0.0021 369 235 385 271
person 0.0015 20 218 37 261
person 0.0013 67 53 118 156
person 0.0011 0 177 16 255
person 0.0010 200 188 236 237
