bicycle 0.9957 2 39 482 329
bicycle 0.0734 236 75 477 364
bicycle 0.0242 43 60 323 302
bicycle 0.0067 33 41 179 226
bicycle 0.0022 14 -5 407 223
bicycle 0.0013 83 154 491 373
bicycle 0.0013 212 27 438 244
bottle 0.0713 207 145 272 219
bottle 0.0324 219 159 261 207
bottle 0.0273 217 143 266 192
bottle 0.0058 203 158 249 199
bottle 0.0035 241 190 273 227
bottle 0.0033 225 194 268 234
bottle 0.0030 221 205 263 242
bottle 0.0023 235 157 274 201
bottle 0.0020 211 173 281 251
bottle 0.0020 240 175 274 216
bottle 0.0015 201 173 249 213
bottle 0.0013 240 201 272 241
bottle 0.0010 193 145 250 185
car 0.0013 394 0 427 10
person 0.0813 440 87 500 348
person 0.0045 456 149 498 330
person 0.0024 395 70 498 367
