bottle 0.0036 420 67 441 93
bottle 0.0031 123 219 160 265
bottle 0.0025 187 226 207 278
bottle 0.0024 413 58 450 99
bottle 0.0024 396 41 418 63
bottle 0.0022 408 69 428 93
bottle 0.0015 458 100 478 177
bottle 0.0011 450 116 489 162
chair 0.0049 132 113 200 208
chair 0.0023 388 23 428 67
chair 0.0011 99 28 240 232
diningtable 0.5385 12 219 335 378
diningtable 0.0177 -6 216 126 386
diningtable 0.0092 91 169 400 381
diningtable 0.0052 -11 169 205 389
diningtable 0.0020 59 270 435 376
person 0.9105 145 106 290 257
person 0.8636 22 50 148 270
person 0.5379 297 40 443 389
person 0.3357 0 47 48 315
person 0.3219 412 6 499 254
person 0.1918 185 10 290 199
person 0.1798 414 14 477 131
person 0.0973 454 8 498 138
person 0.0882 403 106 497 374
person 0.0863 413 8 483 78
person 0.0501 329 35 461 234
person 0.0498 -6 43 127 384
person 0.0323 488 56 499 187
person 0.0206 422 18 472 63
person 0.0164 104 87 253 243
person 0.0136 487 24 499 134
person 0.0134 55 62 203 258
person 0.0127 452 48 498 207
person 0.0116 237 160 428 375
person 0.0114 457 20 494 66
person 0.0110 1 60 45 204
person 0.0093 373 41 432 111
person 0.0060 353 55 396 96
person 0.0051 444 103 498 265
person 0.0042 418 155 479 273
person 0.0040 463 40 499 93
person 0.0040 0 87 10 300
person 0.0039 379 10 438 77
person 0.0038 139 123 347 367
person 0.0038 362 78 436 172
person 0.0036 417 64 486 189
person 0.0029 185 53 372 316
person 0.0025 -5 144 57 396
person 0.0022 343 44 405 107
person 0.0022 59 110 301 310
person 0.0021 419 43 465 95
person 0.0019 114 223 466 377
person 0.0019 300 160 502 375
person 0.0019 340 54 414 142
person 0.0019 2 76 41 119
person 0.0018 480 28 498 49
person 0.0018 481 22 499 76
person 0.0015 1 155 38 327
person 0.0013 416 3 478 37
person 0.0013 392 -3 497 100
person 0.0012 94 16 246 182
person 0.0012 490 111 499 389
person 0.0011 469 27 500 69
person 0.0010 117 129 174 239
person 0.0010 446 158 498 324
pottedplant 0.2407 386 74 424 117
pottedplant 0.1000 377 63 429 132
pottedplant 0.0199 403 81 428 109
pottedplant 0.0144 382 55 421 96
pottedplant 0.0091 385 83 406 107
pottedplant 0.0069 398 91 426 115
pottedplant 0.0061 393 97 428 142
pottedplant 0.0061 401 82 426 128
pottedplant 0.0048 392 63 433 101
pottedplant 0.0034 387 91 412 114
pottedplant 0.0014 404 108 427 135
