bicycle 0.9949 73 170 299 313
bicycle 0.0490 129 122 276 271
bicycle 0.0064 110 183 240 260
bicycle 0.0015 0 168 192 320
bicycle 0.0010 94 183 190 251
bottle 0.0014 189 242 215 261
bottle 0.0013 1 202 27 333
bottle 0.0012 206 244 230 264
bus 0.9670 294 25 507 206
bus 0.0454 271 36 408 191
bus 0.0252 371 64 501 205
bus 0.0094 316 75 408 156
bus 0.0043 293 77 370 158
bus 0.0039 287 106 363 182
bus 0.0023 452 88 499 194
bus 0.0021 277 71 320 158
bus 0.0020 287 101 306 149
bus 0.0018 365 74 438 155
car 0.9889 8 126 263 226
car 0.9544 173 125 267 167
car 0.3573 74 128 273 169
car 0.2088 214 126 263 162
car 0.1247 56 111 277 192
car 0.0425 281 134 316 168
car 0.0275 140 122 271 215
car 0.0241 120 125 230 156
car 0.0219 -3 129 198 305
car 0.0088 236 130 271 163
car 0.0051 208 123 266 198
car 0.0045 263 133 301 164
car 0.0036 0 101 134 247
car 0.0027 272 139 293 160
car 0.0026 1 78 44 302
car 0.0026 247 136 269 158
car 0.0024 117 161 215 238
car 0.0018 185 138 252 179
car 0.0018 0 86 11 237
car 0.0017 205 126 238 144
car 0.0016 274 127 292 148
car 0.0014 297 126 347 164
car 0.0014 190 109 241 139
car 0.0014 282 113 312 161
car 0.0013 175 150 256 239
car 0.0012 89 126 186 156
car 0.0012 288 128 349 194
car 0.0011 296 143 341 181
car 0.0011 218 171 261 207
car 0.0011 92 155 181 239
car 0.0010 285 124 305 145
person 0.0135 1 71 27 214
person 0.0108 0 83 12 187
person 0.0096 2 169 27 322
person 0.0050 81 131 126 164
person 0.0046 0 46 43 289
person 0.0036 0 105 27 280
person 0.0021 0 171 17 306
person 0.0014 384 95 422 133
person 0.0013 0 64 13 130
person 0.0012 32 128 91 160
person 0.0012 18 119 100 173
person 0.0012 191 71 230 112
person 0.0011 186 58 241 126
person 0.0011 90 131 111 166
pottedplant 0.0014 196 62 219 86
pottedplant 0.0012 186 59 224 89
