bottle 0.0573 67 351 111 375
bottle 0.0154 138 209 159 232
bottle 0.0101 58 335 138 376
bottle 0.0099 214 200 232 242
bottle 0.0087 75 336 100 376
bottle 0.0087 155 216 172 252
bottle 0.0086 168 216 186 256
bottle 0.0083 149 213 171 237
bottle 0.0055 265 201 283 242
bottle 0.0052 87 352 165 374
bottle 0.0051 168 203 188 245
bottle 0.0035 26 343 87 376
bottle 0.0034 138 222 157 246
bottle 0.0021 36 354 103 375
bottle 0.0020 83 359 124 376
bottle 0.0018 114 226 140 246
bottle 0.0012 193 218 212 258
bottle 0.0011 163 217 200 254
bottle 0.0010 149 216 182 251
bottle 0.0010 75 315 97 366
bottle 0.0010 266 212 287 258
bottle 0.0010 115 214 138 256
bottle 0.0010 53 362 89 376
chair 0.7636 26 242 167 368
chair 0.6203 81 122 121 202
chair 0.4173 72 143 120 223
chair 0.3501 186 268 325 375
chair 0.2616 60 275 194 372
chair 0.1688 82 173 123 214
chair 0.1267 56 169 115 250
chair 0.0840 223 251 300 359
chair 0.0602 331 214 488 375
chair 0.0597 22 282 81 374
chair 0.0308 66 186 109 231
chair 0.0243 0 234 42 384
chair 0.0180 106 171 166 217
chair 0.0154 73 140 113 189
chair 0.0140 1 192 30 248
chair 0.0108 76 181 100 206
chair 0.0105 94 183 120 206
chair 0.0088 0 189 15 283
chair 0.0079 6 270 113 377
chair 0.0072 73 160 112 206
chair 0.0071 68 198 103 245
chair 0.0058 48 173 87 214
chair 0.0056 20 207 96 335
chair 0.0055 56 225 132 321
chair 0.0048 105 141 137 185
chair 0.0044 94 126 118 180
chair 0.0044 172 192 195 219
chair 0.0042 104 161 139 201
chair 0.0041 110 166 128 194
chair 0.0041 90 194 116 218
chair 0.0039 92 125 162 199
chair 0.0038 109 185 167 233
chair 0.0035 95 215 171 325
chair 0.0034 75 197 100 219
chair 0.0030 6 226 43 278
chair 0.0030 69 212 106 261
chair 0.0028 71 269 108 321
chair 0.0027 125 205 169 237
chair 0.0026 25 151 103 229
chair 0.0023 28 304 73 360
chair 0.0020 100 352 182 374
chair 0.0019 86 201 123 242
chair 0.0019 87 117 122 166
chair 0.0019 71 332 191 375
chair 0.0019 175 186 197 209
chair 0.0019 47 213 91 259
chair 0.0018 27 290 68 329
chair 0.0018 96 168 121 192
chair 0.0018 84 215 123 259
chair 0.0017 0 222 27 280
chair 0.0017 149 182 170 201
chair 0.0017 143 186 176 228
chair 0.0016 48 146 89 183
chair 0.0016 158 283 262 376
chair 0.0016 192 188 245 231
chair 0.0016 0 218 13 341
chair 0.0015 72 208 96 232
chair 0.0015 94 151 121 175
chair 0.0015 71 243 109 290
chair 0.0015 0 168 18 192
chair 0.0015 108 218 156 262
chair 0.0014 93 136 119 161
chair 0.0014 74 211 93 262
chair 0.0013 292 271 359 379
chair 0.0013 393 252 477 358
chair 0.0012 118 288 219 375
chair 0.0012 0 286 13 361
chair 0.0012 146 205 177 240
chair 0.0012 0 175 32 220
chair 0.0012 0 209 20 238
chair 0.0012 96 155 121 207
chair 0.0012 90 209 117 230
chair 0.0011 10 256 45 303
chair 0.0010 4 114 115 262
chair 0.0010 0 221 17 249
chair 0.0010 104 203 147 241
chair 0.0010 108 181 129 201
chair 0.0010 55 130 141 236
diningtable 0.9227 87 225 337 374
diningtable 0.3196 213 239 347 373
diningtable 0.2856 172 191 391 372
diningtable 0.0384 119 164 310 350
diningtable 0.0014 159 249 266 356
person 0.8722 183 156 258 229
person 0.8592 337 150 482 380
person 0.7289 18 171 116 337
person 0.6396 277 146 348 232
person 0.6351 101 168 177 245
person 0.3732 342 160 399 259
person 0.3624 90 164 186 340
person 0.2529 325 147 420 358
person 0.0509 52 182 121 304
person 0.0252 249 175 404 378
person 0.0232 0 175 54 368
person 0.0220 103 182 164 298
person 0.0190 0 173 38 258
person 0.0160 369 149 487 294
person 0.0147 34 160 144 282
person 0.0135 21 173 109 261
person 0.0090 1 180 23 242
person 0.0082 344 169 390 216
person 0.0072 312 130 423 251
person 0.0069 274 138 363 288
person 0.0057 360 168 439 261
person 0.0051 123 159 206 229
person 0.0044 178 141 302 236
person 0.0032 345 181 391 238
person 0.0031 1 117 16 179
person 0.0024 214 164 260 215
person 0.0023 113 173 173 218
person 0.0017 92 155 239 286
person 0.0014 157 153 281 278
pottedplant 0.7140 313 75 431 183
pottedplant 0.0352 331 69 420 146
pottedplant 0.0136 16 127 47 174
pottedplant 0.0080 333 84 452 224
pottedplant 0.0061 322 110 416 200
pottedplant 0.0045 23 135 44 160
pottedplant 0.0035 111 150 129 179
pottedplant 0.0028 25 118 55 160
pottedplant 0.0026 25 140 57 189
pottedplant 0.0024 23 111 85 201
pottedplant 0.0023 306 -4 431 154
pottedplant 0.0022 31 126 52 151
pottedplant 0.0022 32 128 51 176
pottedplant 0.0021 256 62 422 199
pottedplant 0.0019 35 132 73 178
pottedplant 0.0018 120 146 161 185
pottedplant 0.0014 293 128 365 206
pottedplant 0.0013 130 157 152 177
pottedplant 0.0013 47 132 87 175
pottedplant 0.0013 336 36 409 122
pottedplant 0.0013 340 80 409 120
pottedplant 0.0013 138 124 157 145
pottedplant 0.0013 149 173 166 192
pottedplant 0.0010 22 148 44 176
tvmonitor 0.0526 0 109 27 163
tvmonitor 0.0395 14 117 47 161
tvmonitor 0.0260 1 111 41 194
tvmonitor 0.0061 23 126 45 152
tvmonitor 0.0048 1 121 20 152
tvmonitor 0.0018 0 110 21 137
