bottle 0.0596 210 59 378 280
car 0.0031 481 78 499 138
car 0.0027 472 64 503 155
car 0.0012 446 0 495 32
dog 0.0021 333 222 386 258
motorbike 0.8792 374 0 497 133
motorbike 0.6927 145 4 199 36
motorbike 0.4333 203 1 249 64
motorbike 0.3649 142 12 186 46
motorbike 0.2197 116 1 159 36
motorbike 0.1981 176 0 217 38
motorbike 0.1934 132 7 210 49
motorbike 0.0640 343 -4 471 97
motorbike 0.0613 260 3 385 111
motorbike 0.0585 191 0 244 33
motorbike 0.0517 102 0 141 39
motorbike 0.0511 320 1 418 117
motorbike 0.0472 224 -1 261 43
motorbike 0.0361 130 11 170 44
motorbike 0.0358 258 16 316 102
motorbike 0.0351 340 8 394 110
motorbike 0.0287 157 -1 204 24
motorbike 0.0275 141 -2 186 25
motorbike 0.0257 293 13 363 107
motorbike 0.0240 80 1 134 36
motorbike 0.0200 371 6 441 115
motorbike 0.0189 107 5 171 53
motorbike 0.0181 133 0 157 16
motorbike 0.0171 242 -2 278 40
motorbike 0.0141 128 -2 168 24
motorbike 0.0140 170 2 191 32
motorbike 0.0099 133 2 156 32
motorbike 0.0075 206 0 231 16
motorbike 0.0073 153 1 176 31
motorbike 0.0073 187 2 210 30
motorbike 0.0064 60 0 115 37
motorbike 0.0060 140 25 189 57
motorbike 0.0052 288 7 447 157
motorbike 0.0051 255 -2 291 37
motorbike 0.0051 185 0 215 17
motorbike 0.0046 90 0 120 8
motorbike 0.0045 48 -2 152 40
motorbike 0.0041 111 0 140 10
motorbike 0.0041 210 5 231 25
motorbike 0.0037 218 0 266 22
motorbike 0.0035 262 14 299 58
motorbike 0.0033 464 31 503 142
motorbike 0.0032 112 -1 131 38
motorbike 0.0030 36 0 89 39
motorbike 0.0030 166 15 195 43
motorbike 0.0030 256 19 285 68
motorbike 0.0028 204 75 390 301
motorbike 0.0027 97 -1 152 20
motorbike 0.0025 228 -6 354 92
motorbike 0.0021 239 0 280 21
motorbike 0.0021 8 19 416 315
motorbike 0.0021 434 11 503 153
motorbike 0.0018 133 15 157 42
motorbike 0.0016 484 57 499 131
motorbike 0.0013 264 36 304 87
motorbike 0.0013 154 0 430 240
motorbike 0.0013 229 20 281 90
motorbike 0.0013 260 21 281 43
motorbike 0.0011 124 23 170 60
motorbike 0.0011 335 48 373 93
motorbike 0.0011 188 18 209 41
motorbike 0.0010 103 18 140 68
person 0.3966 219 -1 258 70
person 0.1091 205 2 239 60
person 0.0738 377 -5 497 100
person 0.0379 2 40 202 298
person 0.0271 223 -2 260 37
person 0.0188 230 0 253 59
person 0.0175 457 -4 500 127
person 0.0133 4 0 110 131
person 0.0122 247 0 274 12
person 0.0120 485 1 499 85
person 0.0098 359 -1 446 82
person 0.0097 170 0 191 37
person 0.0095 169 319 201 331
person 0.0092 151 0 176 18
person 0.0072 153 -1 176 38
person 0.0060 250 -1 271 38
person 0.0060 166 0 194 17
person 0.0057 261 0 282 16
person 0.0051 262 -2 308 29
person 0.0040 253 5 274 54
person 0.0035 151 322 180 332
person 0.0032 411 -1 478 25
person 0.0030 0 55 116 332
person 0.0029 135 -6 155 26
person 0.0029 230 0 259 13
person 0.0025 484 -1 499 39
person 0.0023 18 1 94 78
person 0.0023 55 315 150 331
person 0.0021 432 0 466 12
person 0.0021 414 0 452 13
person 0.0017 262 4 280 28
person 0.0016 454 0 488 12
person 0.0016 24 -2 87 28
person 0.0015 57 3 140 65
person 0.0015 188 -5 210 26
person 0.0015 487 38 500 126
person 0.0015 141 311 206 332
person 0.0014 472 78 501 195
person 0.0014 27 0 59 11
person 0.0014 31 296 153 331
person 0.0013 0 -6 11 68
person 0.0013 396 0 431 13
person 0.0013 453 0 500 30
person 0.0012 254 -1 295 22
person 0.0012 180 322 219 332
person 0.0012 294 0 359 25
person 0.0012 260 19 281 68
person 0.0011 21 -6 404 291
person 0.0011 74 299 136 331
person 0.0011 462 12 500 57
person 0.0010 379 0 450 20
