boat 0.9910 27 88 166 282
boat 0.8397 226 97 421 327
boat 0.4347 3 142 40 230
boat 0.3742 245 44 394 95
boat 0.3614 374 146 498 342
boat 0.1731 333 91 488 285
boat 0.0792 285 119 369 186
boat 0.0778 276 149 463 334
boat 0.0729 71 76 437 354
boat 0.0441 253 37 476 289
boat 0.0412 273 54 371 89
boat 0.0310 247 63 343 90
boat 0.0280 4 140 37 181
boat 0.0265 47 138 146 233
boat 0.0174 297 104 363 165
boat 0.0171 -2 166 32 221
boat 0.0117 26 37 303 281
boat 0.0093 21 142 97 230
boat 0.0087 267 63 379 120
boat 0.0085 239 35 404 164
boat 0.0069 441 80 499 295
boat 0.0063 -4 101 53 278
boat 0.0056 0 156 16 230
boat 0.0056 274 142 379 224
boat 0.0054 -1 37 128 231
boat 0.0048 291 78 358 113
boat 0.0046 -1 165 21 186
boat 0.0044 226 0 423 99
boat 0.0032 299 64 372 91
boat 0.0032 262 21 388 80
boat 0.0029 3 153 133 326
boat 0.0028 255 117 344 195
boat 0.0024 246 57 315 81
boat 0.0021 283 197 369 287
boat 0.0021 -1 180 17 204
boat 0.0020 370 213 435 325
boat 0.0019 75 138 122 172
boat 0.0018 16 165 36 184
boat 0.0018 34 164 75 204
boat 0.0018 33 138 72 175
boat 0.0016 257 77 328 105
boat 0.0016 84 105 167 201
boat 0.0015 -1 92 40 181
boat 0.0015 1 119 35 157
boat 0.0014 19 135 37 150
boat 0.0013 313 107 360 141
boat 0.0013 409 214 481 326
boat 0.0013 277 163 378 261
boat 0.0010 4 183 35 237
bottle 0.0014 323 317 336 359
car 0.0015 0 117 428 361
person 0.3895 444 155 464 180
person 0.3552 364 183 395 235
person 0.2862 364 176 415 256
person 0.2815 424 172 478 255
person 0.2600 432 162 466 211
person 0.2113 433 187 470 234
person 0.2106 360 173 392 214
person 0.1912 3 139 36 180
person 0.1903 370 189 406 242
person 0.1576 423 150 473 229
person 0.1473 354 48 372 87
person 0.1250 0 149 19 171
person 0.0825 437 172 474 220
person 0.0645 445 150 489 281
person 0.0621 353 186 400 290
person 0.0558 11 138 37 165
person 0.0539 437 203 477 243
person 0.0539 303 133 352 170
person 0.0389 416 186 480 294
person 0.0385 310 116 353 155
person 0.0343 349 163 400 227
person 0.0306 363 153 435 233
person 0.0241 10 150 36 172
person 0.0226 370 174 403 217
person 0.0213 454 94 501 170
person 0.0200 487 184 499 319
person 0.0190 444 214 485 256
person 0.0177 440 211 463 263
person 0.0168 421 144 462 184
person 0.0167 305 139 326 159
person 0.0165 371 209 411 264
person 0.0161 346 53 375 96
person 0.0153 289 156 305 176
person 0.0151 366 177 387 207
person 0.0148 460 115 495 161
person 0.0144 439 102 497 330
person 0.0137 369 170 388 196
person 0.0134 377 192 402 222
person 0.0129 440 215 469 235
person 0.0120 459 152 478 172
person 0.0116 421 230 438 270
person 0.0105 411 186 457 226
person 0.0102 305 156 323 174
person 0.0101 323 169 346 186
person 0.0097 326 71 349 85
person 0.0096 338 41 393 99
person 0.0095 423 212 442 264
person 0.0093 287 167 303 185
person 0.0089 273 169 289 189
person 0.0086 393 118 432 159
person 0.0086 378 183 398 209
person 0.0085 411 202 453 244
person 0.0083 445 183 486 231
person 0.0077 284 60 309 75
person 0.0076 117 130 139 150
person 0.0075 378 122 447 192
person 0.0069 452 214 480 235
person 0.0066 457 218 476 282
person 0.0064 440 152 463 203
person 0.0063 399 166 424 183
person 0.0062 384 136 434 179
person 0.0060 414 214 450 261
person 0.0059 388 188 434 228
person 0.0057 397 155 424 175
person 0.0056 486 158 499 259
person 0.0056 265 60 286 75
person 0.0055 383 150 399 176
person 0.0055 339 174 374 215
person 0.0055 306 59 326 73
person 0.0055 290 140 309 161
person 0.0054 391 200 431 245
person 0.0054 450 146 492 179
person 0.0054 439 221 464 246
person 0.0053 311 145 358 185
person 0.0052 427 153 448 178
person 0.0051 384 140 398 163
person 0.0049 386 176 436 212
person 0.0048 328 57 346 73
person 0.0047 326 183 346 203
person 0.0045 311 167 327 185
person 0.0045 448 227 484 272
person 0.0045 116 138 136 152
person 0.0044 412 130 471 197
person 0.0043 0 160 13 253
person 0.0042 380 166 397 190
person 0.0042 357 208 394 268
person 0.0041 462 122 487 147
person 0.0040 281 68 314 84
person 0.0039 348 169 365 190
person 0.0038 349 182 367 205
person 0.0038 386 161 436 193
person 0.0036 371 152 387 178
person 0.0036 322 139 347 159
person 0.0034 98 140 113 157
person 0.0034 314 163 358 194
person 0.0034 357 64 379 89
person 0.0033 372 158 406 201
person 0.0033 110 119 146 154
person 0.0033 302 69 326 84
person 0.0032 270 183 287 202
person 0.0030 339 70 378 111
person 0.0030 439 196 464 221
person 0.0029 463 180 481 206
person 0.0028 422 211 445 235
person 0.0028 441 237 461 266
person 0.0028 483 101 499 172
person 0.0027 323 156 349 176
person 0.0027 438 229 472 270
person 0.0026 355 46 369 63
person 0.0026 424 222 444 251
person 0.0025 351 63 370 118
person 0.0025 341 35 386 67
person 0.0025 455 222 481 246
person 0.0025 466 98 486 148
person 0.0024 446 145 462 166
person 0.0024 423 137 441 162
person 0.0023 344 141 386 180
person 0.0023 489 242 500 346
person 0.0023 424 166 445 185
person 0.0022 462 126 485 171
person 0.0022 125 127 149 149
person 0.0022 365 190 389 221
person 0.0022 399 210 419 235
person 0.0022 456 237 477 264
person 0.0022 306 130 325 170
person 0.0021 459 167 480 224
person 0.0021 398 123 424 145
person 0.0021 438 180 465 206
person 0.0020 403 208 421 265
person 0.0020 273 157 289 176
person 0.0020 448 154 488 206
person 0.0020 407 112 426 133
person 0.0019 484 196 498 221
person 0.0019 397 139 424 160
person 0.0018 360 43 375 65
person 0.0018 280 133 321 169
person 0.0018 459 196 480 221
person 0.0018 399 182 424 203
person 0.0018 317 175 357 212
person 0.0018 337 162 373 199
person 0.0017 481 152 498 170
person 0.0017 455 201 479 248
person 0.0017 308 49 369 83
person 0.0017 414 158 457 196
person 0.0017 379 205 405 235
person 0.0016 377 145 411 186
person 0.0016 127 112 149 159
person 0.0016 458 129 498 177
person 0.0015 422 198 444 249
person 0.0015 349 152 366 176
person 0.0015 465 111 486 133
person 0.0015 398 197 421 219
person 0.0015 362 147 390 191
person 0.0014 340 198 375 244
person 0.0014 247 58 273 73
person 0.0014 121 100 159 145
person 0.0013 287 146 304 184
person 0.0013 289 184 305 202
person 0.0013 272 157 289 202
person 0.0013 459 168 476 189
person 0.0013 269 198 284 216
person 0.0013 127 138 148 153
person 0.0013 38 168 51 186
person 0.0013 306 44 324 60
person 0.0012 289 131 307 172
person 0.0012 399 198 420 247
person 0.0012 335 145 370 188
person 0.0012 482 180 498 204
person 0.0012 486 209 499 235
person 0.0012 280 146 320 183
person 0.0011 288 44 307 61
person 0.0011 328 193 347 214
person 0.0011 0 184 12 319
person 0.0011 253 183 271 203
person 0.0011 -1 109 11 170
person 0.0011 417 112 435 159
person 0.0011 305 145 324 184
person 0.0010 479 123 499 147
person 0.0010 254 170 270 189
person 0.0010 35 155 50 173
person 0.0010 294 33 357 66
person 0.0010 347 192 365 216
person 0.0010 409 131 447 170
person 0.0010 444 229 463 299
person 0.0010 381 219 402 278
person 0.0010 460 196 493 344
sofa 0.0014 0 286 418 373
