bottle 0.0431 365 235 388 293
bottle 0.0377 152 226 189 265
bottle 0.0326 120 226 159 268
bottle 0.0316 334 244 372 280
bottle 0.0308 315 239 361 275
bottle 0.0252 344 244 363 281
bottle 0.0153 324 237 345 276
bottle 0.0127 352 241 385 287
bottle 0.0096 264 242 280 290
bottle 0.0083 106 231 146 269
bottle 0.0080 245 222 266 260
bottle 0.0077 345 235 395 296
bottle 0.0062 261 232 309 272
bottle 0.0052 293 225 367 282
bottle 0.0049 294 236 343 274
bottle 0.0042 233 231 272 267
bottle 0.0041 329 249 349 276
bottle 0.0039 262 249 305 289
bottle 0.0036 245 237 324 301
bottle 0.0035 308 245 354 285
bottle 0.0026 114 217 139 263
bottle 0.0024 285 242 306 288
bottle 0.0024 290 220 344 257
bottle 0.0021 307 234 328 275
bottle 0.0018 251 222 300 259
bottle 0.0015 368 233 404 273
bottle 0.0014 308 222 363 256
bottle 0.0014 264 217 285 263
bottle 0.0014 263 245 281 268
bottle 0.0012 187 228 233 263
bottle 0.0012 306 215 329 261
bottle 0.0012 364 237 388 265
bottle 0.0011 113 229 142 249
bottle 0.0010 132 217 153 260
bus 0.0017 0 229 428 374
car 0.0038 325 219 495 376
car 0.0020 -10 285 289 372
chair 0.1179 384 223 500 371
chair 0.0057 444 239 499 365
diningtable 0.0088 63 224 511 377
person 0.3358 252 166 278 192
person 0.3318 89 169 110 197
person 0.0424 2 225 40 370
person 0.0096 309 157 334 175
person 0.0076 84 168 102 195
person 0.0049 320 155 343 175
person 0.0034 0 155 10 263
person 0.0033 310 167 332 184
person 0.0033 2 187 37 307
person 0.0030 0 195 11 365
person 0.0028 243 227 269 255
person 0.0023 248 167 283 210
person 0.0020 310 184 335 206
person 0.0018 304 175 341 213
person 0.0013 257 163 295 203
person 0.0011 83 170 99 209
person 0.0010 253 164 275 180
person 0.0010 -3 192 116 365
tvmonitor 0.9362 199 94 379 221
tvmonitor 0.8856 34 86 224 229
tvmonitor 0.0497 61 78 369 241
tvmonitor 0.0146 237 138 317 219
tvmonitor 0.0072 -1 69 135 247
tvmonitor 0.0037 77 150 132 213
tvmonitor 0.0024 73 114 184 205
tvmonitor 0.0017 223 120 344 207
tvmonitor 0.0016 153 116 432 303
tvmonitor 0.0013 389 26 503 291
