bicycle 0.9961 83 71 411 296
bicycle 0.0063 201 52 439 269
bicycle 0.0017 252 53 402 217
bicycle 0.0011 173 145 256 220
bottle 0.0671 225 163 265 205
bottle 0.0387 224 143 265 186
bottle 0.0352 213 147 276 219
bottle 0.0059 204 143 247 188
bottle 0.0013 266 167 311 206
bottle 0.0010 259 145 295 187
bottle 0.0010 192 163 241 202
person 0.0104 285 62 376 144
person 0.0094 126 51 197 140
person 0.0065 135 59 189 99
person 0.0045 92 47 251 219
person 0.0035 322 73 385 140
person 0.0028 123 58 168 98
person 0.0016 335 82 376 127
person 0.0010 140 44 182 88
