bottle 0.0015 111 335 147 389
chair 0.9247 200 143 237 178
chair 0.9228 140 149 175 189
chair 0.7827 226 143 266 177
chair 0.7565 333 164 373 208
chair 0.7493 166 148 211 183
chair 0.5537 46 154 82 200
chair 0.4698 253 141 296 177
chair 0.4564 23 161 73 203
chair 0.4006 222 146 249 181
chair 0.3807 284 142 321 183
chair 0.3419 268 152 293 175
chair 0.3143 242 148 265 170
chair 0.3111 253 147 274 170
chair 0.2798 315 152 359 199
chair 0.2742 39 202 356 444
chair 0.2184 277 146 307 182
chair 0.1529 307 148 340 189
chair 0.1526 162 145 194 193
chair 0.1298 128 150 156 201
chair 0.1234 12 191 70 219
chair 0.1224 196 147 217 175
chair 0.0992 242 142 262 162
chair 0.0938 235 158 273 192
chair 0.0888 206 156 240 192
chair 0.0865 292 149 331 186
chair 0.0856 255 141 275 162
chair 0.0727 77 154 125 196
chair 0.0724 270 140 292 160
chair 0.0576 0 161 21 210
chair 0.0572 16 166 54 206
chair 0.0567 334 149 371 189
chair 0.0539 229 141 249 157
chair 0.0488 194 156 229 192
chair 0.0465 214 140 278 185
chair 0.0465 274 137 334 190
chair 0.0463 177 155 215 194
chair 0.0455 63 160 91 205
chair 0.0450 196 140 213 159
chair 0.0429 186 148 210 176
chair 0.0397 213 142 231 158
chair 0.0385 0 171 16 203
chair 0.0380 0 188 34 224
chair 0.0356 10 193 36 215
chair 0.0351 51 171 77 199
chair 0.0349 4 165 36 208
chair 0.0347 269 133 296 169
chair 0.0346 0 187 15 216
chair 0.0337 241 136 308 185
chair 0.0321 155 153 179 184
chair 0.0269 364 149 375 176
chair 0.0256 221 155 253 193
chair 0.0251 107 157 141 205
chair 0.0248 14 147 56 190
chair 0.0239 16 193 51 213
chair 0.0219 339 154 365 171
chair 0.0217 76 160 110 207
chair 0.0204 33 145 72 195
chair 0.0203 327 154 349 173
chair 0.0196 337 171 368 196
chair 0.0190 40 191 98 224
chair 0.0185 63 146 139 206
chair 0.0179 240 135 268 168
chair 0.0170 103 146 167 201
chair 0.0168 262 158 303 190
chair 0.0161 311 153 335 175
chair 0.0157 44 181 85 214
chair 0.0156 277 155 313 196
chair 0.0148 251 135 279 168
chair 0.0146 137 151 160 182
chair 0.0138 283 139 303 158
chair 0.0137 299 154 321 176
chair 0.0126 251 165 280 186
chair 0.0122 363 170 375 201
chair 0.0119 65 143 92 194
chair 0.0116 25 175 46 200
chair 0.0111 38 173 63 199
chair 0.0104 139 160 160 194
chair 0.0100 328 138 346 157
chair 0.0097 0 179 22 220
chair 0.0090 353 139 375 193
chair 0.0089 344 137 362 158
chair 0.0087 2 181 83 233
chair 0.0087 199 165 222 188
chair 0.0086 68 170 87 199
chair 0.0084 0 202 14 230
chair 0.0082 329 167 352 193
chair 0.0081 10 175 32 201
chair 0.0081 278 130 306 172
chair 0.0080 228 164 247 187
chair 0.0079 270 165 295 184
chair 0.0078 238 165 265 187
chair 0.0078 0 136 33 219
chair 0.0077 53 191 79 210
chair 0.0077 336 144 374 258
chair 0.0076 67 192 87 210
chair 0.0076 257 94 278 112
chair 0.0076 208 164 234 187
chair 0.0076 363 131 374 161
chair 0.0075 129 151 150 176
chair 0.0073 4 146 39 189
chair 0.0072 300 139 318 156
chair 0.0072 70 152 89 177
chair 0.0069 256 119 277 138
chair 0.0066 242 119 262 139
chair 0.0061 15 181 121 242
chair 0.0060 1 197 41 234
chair 0.0058 54 153 76 175
chair 0.0057 76 145 109 191
chair 0.0056 0 152 14 178
chair 0.0055 22 155 49 175
chair 0.0054 269 92 292 112
chair 0.0053 185 168 207 189
chair 0.0051 337 127 371 169
chair 0.0049 315 138 334 155
chair 0.0049 342 62 377 214
chair 0.0049 339 187 370 210
chair 0.0048 282 164 304 188
chair 0.0047 166 152 190 182
chair 0.0045 0 131 11 201
chair 0.0045 8 155 32 176
chair 0.0044 314 165 334 191
chair 0.0044 300 166 324 189
chair 0.0041 0 139 22 196
chair 0.0040 365 96 374 193
chair 0.0038 38 156 64 176
chair 0.0038 270 117 291 137
chair 0.0037 59 182 97 215
chair 0.0036 307 129 342 170
chair 0.0036 228 119 248 141
chair 0.0035 212 117 231 140
chair 0.0034 321 129 356 168
chair 0.0033 354 114 375 176
chair 0.0033 157 136 175 154
chair 0.0033 168 163 185 191
chair 0.0032 224 134 252 169
chair 0.0032 0 173 11 224
chair 0.0032 129 163 148 197
chair 0.0031 197 116 216 141
chair 0.0030 38 191 64 210
chair 0.0030 0 187 10 251
chair 0.0030 81 153 102 175
chair 0.0028 264 112 337 181
chair 0.0027 362 182 374 210
chair 0.0026 -1 195 22 244
chair 0.0026 -1 172 39 245
chair 0.0025 181 133 213 170
chair 0.0024 194 134 224 168
chair 0.0023 265 105 297 153
chair 0.0023 168 133 188 153
chair 0.0022 113 153 135 174
chair 0.0021 348 171 376 221
chair 0.0021 294 130 328 170
chair 0.0020 6 202 34 225
chair 0.0020 316 174 358 222
chair 0.0019 307 159 367 243
chair 0.0019 284 94 303 113
chair 0.0019 80 171 104 197
chair 0.0018 301 98 370 189
chair 0.0018 130 138 147 161
chair 0.0018 286 115 305 138
chair 0.0017 365 154 374 214
chair 0.0017 236 109 268 149
chair 0.0017 73 133 90 156
chair 0.0016 63 100 371 335
chair 0.0015 251 108 281 149
chair 0.0015 2 204 212 452
chair 0.0015 193 105 223 149
chair 0.0014 166 125 205 169
chair 0.0014 204 106 239 148
chair 0.0014 115 168 135 198
chair 0.0014 249 89 285 122
chair 0.0014 71 181 116 216
chair 0.0013 189 234 227 284
chair 0.0013 278 104 309 153
chair 0.0013 53 136 75 154
chair 0.0013 136 124 177 170
chair 0.0012 221 108 253 148
chair 0.0012 256 155 276 196
chair 0.0011 74 189 129 225
chair 0.0011 241 96 263 112
chair 0.0011 192 184 245 224
chair 0.0011 0 183 38 312
chair 0.0011 188 117 248 181
chair 0.0010 263 89 298 122
chair 0.0010 8 297 370 491
chair 0.0010 135 171 167 218
chair 0.0010 329 116 345 140
chair 0.0010 96 155 117 174
chair 0.0010 18 213 62 264
chair 0.0010 257 79 278 98
chair 0.0010 0 223 13 256
diningtable 0.0030 1 213 38 364
diningtable 0.0017 31 201 99 236
person 0.8486 82 197 357 453
person 0.0010 332 79 377 348
pottedplant 0.0024 47 117 85 169
pottedplant 0.0024 37 94 95 194
pottedplant 0.0010 6 3 137 196
sofa 0.1809 22 202 316 443
