chair 0.0015 17 86 82 175
dog 0.0026 334 126 493 302
dog 0.0020 143 105 413 317
dog 0.0010 390 293 429 327
horse 0.9454 52 21 385 299
person 0.9067 -1 66 62 303
person 0.0353 2 113 41 313
person 0.0347 381 61 504 258
person 0.0226 387 125 499 186
person 0.0139 4 34 99 236
person 0.0130 416 135 480 167
person 0.0053 0 233 29 369
person 0.0051 0 62 54 202
person 0.0045 482 124 499 180
person 0.0036 449 117 502 197
person 0.0032 470 131 500 173
person 0.0029 10 49 178 263
person 0.0027 0 166 16 309
person 0.0023 415 145 484 177
person 0.0022 418 124 439 147
person 0.0022 410 122 454 155
person 0.0021 95 107 108 135
person 0.0021 96 99 111 146
person 0.0020 0 274 11 371
person 0.0017 431 79 502 296
person 0.0017 98 83 115 136
person 0.0010 445 135 499 172
person 0.0010 99 107 114 166
person 0.0010 97 98 113 124
pottedplant 0.0226 379 128 497 300
pottedplant 0.0043 393 165 485 255
pottedplant 0.0041 382 119 418 160
pottedplant 0.0038 392 147 491 222
pottedplant 0.0034 386 131 433 170
pottedplant 0.0020 380 122 448 183
pottedplant 0.0011 -1 -4 44 92
pottedplant 0.0010 399 137 423 160
pottedplant 0.0010 373 141 451 233
