car 0.9863 76 34 496 299
car 0.6891 43 123 379 306
car 0.6247 -2 105 129 276
car 0.4745 12 5 344 274
car 0.2216 282 45 513 182
car 0.0548 18 108 256 284
car 0.0300 7 47 179 236
car 0.0158 77 37 502 154
car 0.0116 302 59 365 81
car 0.0103 9 152 108 234
car 0.0093 -1 147 49 238
car 0.0070 453 54 498 87
car 0.0070 361 49 506 139
car 0.0066 373 47 505 234
car 0.0059 329 52 474 95
car 0.0049 453 101 499 187
car 0.0048 9 102 101 178
car 0.0046 448 66 499 164
car 0.0042 433 41 507 189
car 0.0031 395 50 499 93
car 0.0029 416 55 482 86
car 0.0029 119 163 233 220
car 0.0028 39 105 143 176
car 0.0024 300 38 495 107
car 0.0023 36 126 144 208
car 0.0022 230 99 477 326
car 0.0019 444 51 499 120
car 0.0019 302 60 490 278
car 0.0016 158 158 271 221
car 0.0015 366 56 439 84
car 0.0014 289 56 445 114
car 0.0013 20 174 92 256
car 0.0012 19 187 330 332
car 0.0012 282 55 380 88
car 0.0012 486 52 500 92
car 0.0010 37 17 317 166
person 0.0101 459 129 498 199
person 0.0082 454 113 499 323
person 0.0057 482 130 499 186
person 0.0031 316 61 356 77
person 0.0030 464 138 486 178
person 0.0026 473 155 499 325
person 0.0023 491 124 500 270
tvmonitor 0.0091 443 21 469 38
tvmonitor 0.0050 436 20 475 43
tvmonitor 0.0012 486 6 500 57
