bottle 0.6514 88 289 169 492
bottle 0.1384 0 382 19 488
bottle 0.0554 293 162 306 195
bottle 0.0396 298 154 312 198
bottle 0.0191 100 373 163 490
bottle 0.0159 65 207 179 467
bottle 0.0137 293 156 319 197
bottle 0.0050 0 367 13 467
bottle 0.0030 3 412 28 487
bottle 0.0025 292 154 308 186
bottle 0.0021 284 147 313 193
bottle 0.0019 88 268 160 386
bottle 0.0018 335 444 350 493
bottle 0.0016 327 444 357 495
bottle 0.0016 5 388 76 489
chair 0.0039 332 150 376 202
diningtable 0.7709 62 382 372 500
diningtable 0.0392 34 313 273 492
diningtable 0.0131 74 354 188 498
diningtable 0.0068 142 333 401 493
diningtable 0.0054 32 429 347 507
diningtable 0.0017 47 267 384 466
diningtable 0.0013 276 363 378 504
person 0.9621 66 68 362 429
person 0.0458 79 43 295 323
person 0.0163 326 139 377 219
person 0.0147 327 137 375 358
person 0.0120 26 88 233 413
person 0.0079 0 259 25 475
person 0.0051 164 148 379 413
person 0.0045 299 98 376 336
person 0.0025 41 140 166 372
person 0.0023 223 77 378 358
person 0.0017 332 77 375 204
person 0.0014 -1 165 34 486
person 0.0012 365 139 375 223
person 0.0011 366 138 374 299
pottedplant 0.1455 73 192 119 240
pottedplant 0.0216 64 197 128 294
pottedplant 0.0021 72 212 119 266
pottedplant 0.0021 61 191 99 241
pottedplant 0.0015 52 176 108 261
