boat 0.0058 188 34 311 203
car 0.2437 96 171 140 238
car 0.0178 97 207 141 237
car 0.0126 99 181 137 216
car 0.0036 93 216 130 241
car 0.0023 85 155 171 254
car 0.0021 87 150 262 261
car 0.0020 343 245 393 281
car 0.0016 100 214 122 234
car 0.0016 81 194 138 251
car 0.0015 106 213 132 231
chair 0.6418 264 172 314 221
chair 0.5956 286 152 365 218
chair 0.1507 328 155 392 219
chair 0.0529 301 140 428 228
chair 0.0453 448 142 497 226
chair 0.0336 301 183 361 218
chair 0.0304 302 165 354 201
chair 0.0191 339 168 385 204
chair 0.0138 226 156 360 247
chair 0.0103 344 184 388 219
chair 0.0084 333 166 373 195
chair 0.0074 355 173 392 204
chair 0.0066 299 161 335 197
chair 0.0061 268 179 294 217
chair 0.0055 337 178 372 223
chair 0.0035 352 167 395 194
chair 0.0029 318 134 400 200
chair 0.0023 454 111 500 174
chair 0.0022 289 181 310 218
chair 0.0020 292 180 338 220
chair 0.0019 262 191 302 222
chair 0.0015 462 126 501 157
chair 0.0015 456 163 499 204
chair 0.0015 460 144 499 180
chair 0.0010 265 189 293 208
chair 0.0010 332 149 370 187
motorbike 0.0010 107 220 133 238
person 0.2695 243 52 279 134
person 0.1153 259 50 300 140
person 0.1012 485 237 499 274
person 0.0933 252 53 275 107
person 0.0373 324 242 399 281
person 0.0316 247 60 269 117
person 0.0204 168 131 187 177
person 0.0199 188 135 206 176
person 0.0160 222 21 340 174
person 0.0128 263 54 284 105
person 0.0082 256 48 286 88
person 0.0073 256 43 277 78
person 0.0043 283 54 301 107
person 0.0038 318 270 344 280
person 0.0037 265 70 300 118
person 0.0033 261 48 280 71
person 0.0030 475 243 500 280
person 0.0021 173 7 388 153
person 0.0021 299 255 366 280
person 0.0019 280 246 388 281
person 0.0017 245 74 263 128
person 0.0016 190 147 208 168
person 0.0014 284 42 303 80
person 0.0014 231 70 277 164
person 0.0012 172 147 188 181
person 0.0012 234 59 254 103
person 0.0012 156 113 199 176
person 0.0012 175 158 190 176
person 0.0011 278 50 307 88
person 0.0010 306 271 338 281
person 0.0010 262 40 295 77
person 0.0010 237 76 254 129
person 0.0010 284 78 301 127
pottedplant 0.7389 380 175 427 239
pottedplant 0.6918 367 130 454 236
pottedplant 0.4450 391 107 476 223
pottedplant 0.4304 232 164 267 198
pottedplant 0.2462 285 136 352 197
pottedplant 0.2405 258 159 318 214
pottedplant 0.2182 244 164 276 195
pottedplant 0.2024 260 134 329 197
pottedplant 0.1198 237 80 347 206
pottedplant 0.1133 266 106 326 181
pottedplant 0.0974 220 172 261 197
pottedplant 0.0794 384 204 418 237
pottedplant 0.0769 261 116 377 213
pottedplant 0.0738 261 174 300 207
pottedplant 0.0613 204 164 244 195
pottedplant 0.0593 414 139 474 230
pottedplant 0.0589 411 169 458 238
pottedplant 0.0415 270 147 317 181
pottedplant 0.0341 255 162 293 194
pottedplant 0.0324 295 146 345 180
pottedplant 0.0323 288 110 347 178
pottedplant 0.0283 211 169 230 186
pottedplant 0.0231 231 169 253 188
pottedplant 0.0199 249 175 272 197
pottedplant 0.0194 415 193 447 229
pottedplant 0.0170 232 143 359 222
pottedplant 0.0154 226 150 260 187
pottedplant 0.0135 192 160 206 177
pottedplant 0.0129 283 114 446 219
pottedplant 0.0113 230 177 255 196
pottedplant 0.0101 257 152 294 184
pottedplant 0.0100 201 151 240 184
pottedplant 0.0098 268 169 292 186
pottedplant 0.0087 243 150 281 189
pottedplant 0.0082 211 160 230 177
pottedplant 0.0080 210 177 233 196
pottedplant 0.0077 183 58 319 221
pottedplant 0.0076 193 168 209 183
pottedplant 0.0067 265 77 316 164
pottedplant 0.0063 232 158 252 177
pottedplant 0.0060 273 124 319 162
pottedplant 0.0054 211 161 229 195
pottedplant 0.0047 315 145 353 189
pottedplant 0.0045 231 160 251 196
pottedplant 0.0040 281 139 324 176
pottedplant 0.0035 279 163 319 195
pottedplant 0.0032 439 126 500 242
pottedplant 0.0029 298 123 343 160
pottedplant 0.0026 265 177 293 197
pottedplant 0.0024 285 168 308 182
pottedplant 0.0023 209 133 226 179
pottedplant 0.0022 286 158 311 179
pottedplant 0.0022 190 148 206 182
pottedplant 0.0022 269 159 293 177
pottedplant 0.0021 257 142 297 171
pottedplant 0.0020 259 130 298 163
pottedplant 0.0019 193 178 212 195
pottedplant 0.0018 395 94 475 149
pottedplant 0.0017 199 137 236 177
pottedplant 0.0015 210 147 227 166
pottedplant 0.0015 381 166 426 208
pottedplant 0.0015 241 28 400 212
pottedplant 0.0015 379 105 451 179
pottedplant 0.0014 248 160 268 178
pottedplant 0.0013 232 149 253 165
pottedplant 0.0012 243 180 283 212
pottedplant 0.0012 222 140 258 176
pottedplant 0.0012 223 99 279 183
pottedplant 0.0011 399 191 419 232
pottedplant 0.0011 191 160 208 195
pottedplant 0.0010 407 106 457 139
pottedplant 0.0010 344 178 461 267
pottedplant 0.0010 187 173 223 199
train 0.0067 120 13 303 226
train 0.0022 133 10 376 149
