aeroplane 0.4352 25 36 480 341
aeroplane 0.0093 174 49 468 283
aeroplane 0.0048 70 6 139 37
aeroplane 0.0036 69 19 139 50
aeroplane 0.0018 60 0 148 18
aeroplane 0.0012 104 19 179 52
aeroplane 0.0011 82 0 128 11
aeroplane 0.0011 104 32 179 66
bottle 0.0120 324 289 382 367
bottle 0.0070 326 341 384 372
bottle 0.0015 304 249 360 349
bottle 0.0014 315 329 396 372
car 0.0010 242 36 476 295
person 0.7188 169 63 473 372
person 0.2293 4 42 423 390
person 0.0210 300 45 499 389
person 0.0088 5 242 22 318
person 0.0013 355 122 509 364
person 0.0011 14 248 35 312
pottedplant 0.0228 4 250 49 344
pottedplant 0.0164 3 311 59 346
pottedplant 0.0065 19 309 67 337
pottedplant 0.0052 9 298 79 357
pottedplant 0.0036 6 272 45 325
pottedplant 0.0030 20 255 73 349
pottedplant 0.0028 3 224 35 329
pottedplant 0.0011 28 280 71 326
