bottle 0.0015 458 306 499 334
bottle 0.0013 104 0 146 8
bottle 0.0012 80 0 131 8
car 0.0059 10 0 98 15
car 0.0039 53 -1 144 15
car 0.0017 17 0 76 8
chair 0.0014 331 283 387 323
person 0.8754 131 84 354 337
person 0.0191 304 289 414 331
person 0.0028 303 297 497 331
person 0.0025 188 86 455 343
person 0.0018 403 311 484 333
person 0.0016 462 258 500 338
person 0.0016 352 308 449 332
person 0.0012 479 320 501 333
person 0.0012 372 324 415 332
tvmonitor 0.0409 423 160 465 188
tvmonitor 0.0109 417 148 474 198
tvmonitor 0.0080 423 168 463 200
tvmonitor 0.0045 0 25 115 158
tvmonitor 0.0011 12 51 100 132
