bottle 0.1158 173 256 189 303
bottle 0.0643 153 240 169 290
bottle 0.0504 170 243 187 293
bottle 0.0322 154 252 167 279
bottle 0.0297 153 265 166 294
bottle 0.0294 174 253 188 278
bottle 0.0175 132 235 151 261
bottle 0.0120 189 261 205 300
bottle 0.0111 137 239 155 285
bottle 0.0096 162 257 196 304
bottle 0.0087 173 280 191 306
bottle 0.0065 138 250 153 278
bottle 0.0065 154 238 173 264
bottle 0.0050 73 282 109 326
bottle 0.0046 149 255 185 304
bottle 0.0045 153 269 168 316
bottle 0.0044 186 256 206 282
bottle 0.0041 156 279 171 303
bottle 0.0030 142 266 159 288
bottle 0.0029 141 256 157 300
bottle 0.0024 168 241 186 265
bottle 0.0020 189 280 207 304
bottle 0.0018 115 240 133 264
bottle 0.0015 117 250 134 273
bottle 0.0014 168 298 196 318
bottle 0.0012 152 299 172 321
bottle 0.0011 115 239 134 288
bottle 0.0011 152 285 170 331
bottle 0.0010 422 70 440 112
bottle 0.0010 82 241 98 291
diningtable 0.0066 160 272 201 314
diningtable 0.0044 157 291 205 328
diningtable 0.0027 142 247 201 354
diningtable 0.0023 140 272 189 317
diningtable 0.0015 139 290 191 329
person 0.9087 176 17 494 358
person 0.9039 44 240 203 381
person 0.4932 94 210 144 277
person 0.3691 147 218 191 285
person 0.1407 82 212 131 330
person 0.0319 213 150 505 383
person 0.0212 455 235 496 370
person 0.0192 51 200 154 355
person 0.0187 154 227 177 276
person 0.0154 155 237 190 299
person 0.0131 49 279 135 372
person 0.0108 67 256 125 354
person 0.0105 89 251 172 362
person 0.0085 98 215 148 325
person 0.0057 104 207 148 247
person 0.0050 129 231 159 272
person 0.0046 60 177 188 320
person 0.0036 165 226 186 275
person 0.0032 55 11 457 260
person 0.0031 93 197 156 257
person 0.0027 132 233 152 252
person 0.0024 22 282 107 376
person 0.0023 94 208 128 245
person 0.0023 115 200 218 356
person 0.0022 85 242 124 299
person 0.0020 273 9 509 261
person 0.0017 447 101 500 385
person 0.0017 155 222 180 247
person 0.0016 101 210 123 238
person 0.0016 -4 33 426 400
person 0.0016 9 224 123 386
person 0.0015 379 100 496 381
person 0.0015 107 243 145 293
person 0.0014 396 219 495 376
person 0.0013 76 225 340 380
person 0.0010 0 193 9 339
pottedplant 0.0101 67 274 103 321
pottedplant 0.0017 67 303 103 342
