chair 0.2482 2 120 184 314
chair 0.1584 -4 159 105 323
chair 0.0866 375 107 496 227
chair 0.0359 360 128 435 197
chair 0.0297 29 101 254 271
chair 0.0186 386 183 484 256
chair 0.0143 0 168 52 319
chair 0.0122 339 79 473 209
chair 0.0104 396 108 486 184
chair 0.0081 333 134 487 252
chair 0.0079 459 124 502 210
chair 0.0065 351 161 463 224
chair 0.0063 399 201 469 271
chair 0.0040 0 136 35 251
chair 0.0037 369 147 423 184
chair 0.0034 460 176 498 259
chair 0.0024 336 134 404 192
chair 0.0023 168 153 251 223
chair 0.0021 346 150 397 182
chair 0.0020 117 146 228 231
chair 0.0019 409 150 476 185
chair 0.0018 463 173 501 213
chair 0.0018 373 124 422 165
chair 0.0016 -6 79 135 261
chair 0.0015 465 147 502 190
chair 0.0015 14 185 84 301
chair 0.0014 287 113 369 179
chair 0.0013 438 90 505 242
chair 0.0013 386 195 437 239
chair 0.0012 369 176 442 208
chair 0.0010 488 212 500 286
diningtable 0.9512 73 206 502 326
diningtable 0.0445 40 151 459 298
diningtable 0.0081 375 201 502 333
diningtable 0.0039 9 205 267 327
diningtable 0.0038 304 178 510 318
diningtable 0.0013 211 155 515 281
person 0.9057 99 92 249 244
person 0.0139 71 126 268 306
person 0.0036 296 133 373 196
person 0.0028 218 72 433 212
person 0.0023 116 91 464 239
person 0.0016 78 69 331 230
person 0.0011 169 127 250 211
person 0.0010 252 131 325 197
sofa 0.0035 382 169 491 267
