bicycle 0.8619 7 158 267 323
bicycle 0.0075 5 172 130 312
bicycle 0.0056 103 161 473 332
bicycle 0.0013 100 122 299 327
car 0.9912 334 129 499 207
car 0.0903 369 120 420 152
car 0.0762 343 123 460 173
car 0.0554 335 130 394 155
car 0.0375 443 131 494 158
car 0.0256 352 121 403 152
car 0.0251 355 130 434 157
car 0.0167 -4 203 43 283
car 0.0105 317 139 345 158
car 0.0105 -1 177 55 258
car 0.0103 220 139 294 161
car 0.0091 299 135 358 155
car 0.0079 325 120 414 167
car 0.0059 413 128 476 152
car 0.0056 -3 222 37 263
car 0.0055 487 113 499 159
car 0.0051 457 129 483 141
car 0.0049 381 125 411 146
car 0.0049 481 136 499 155
car 0.0045 2 153 62 228
car 0.0043 483 127 499 144
car 0.0043 254 138 324 157
car 0.0040 451 136 483 152
car 0.0036 397 123 419 143
car 0.0034 342 137 371 156
car 0.0034 363 127 390 148
car 0.0034 361 136 392 153
car 0.0033 468 130 501 162
car 0.0031 384 121 495 174
car 0.0025 0 204 17 271
car 0.0024 333 132 416 196
car 0.0023 -2 197 49 236
car 0.0020 274 142 314 157
car 0.0018 5 145 120 293
car 0.0016 271 141 295 159
car 0.0014 7 179 99 253
car 0.0014 306 141 334 157
car 0.0012 176 137 269 161
car 0.0012 483 113 499 129
car 0.0012 443 129 467 142
car 0.0011 241 141 277 157
car 0.0011 379 104 416 145
car 0.0011 224 144 270 170
car 0.0010 0 195 63 222
motorbike 0.0088 155 208 494 331
person 0.8008 53 73 142 268
person 0.0888 55 78 199 305
person 0.0108 440 136 469 154
person 0.0076 15 84 115 253
person 0.0068 58 89 125 189
person 0.0021 443 129 466 163
person 0.0020 326 124 490 306
person 0.0015 103 169 163 265
person 0.0012 456 130 481 162
person 0.0011 109 0 152 32
