bottle 0.0011 328 286 410 336
chair 0.1027 0 96 128 280
chair 0.0590 100 182 164 246
chair 0.0253 53 184 138 251
chair 0.0229 7 185 108 250
chair 0.0186 368 152 429 216
chair 0.0145 -6 165 119 323
chair 0.0097 137 186 202 244
chair 0.0069 8 206 100 280
chair 0.0060 377 164 421 206
chair 0.0047 18 202 96 235
chair 0.0046 147 199 194 238
chair 0.0044 347 153 402 223
chair 0.0042 70 201 129 240
chair 0.0037 414 150 468 221
chair 0.0033 9 154 110 231
chair 0.0030 419 169 461 209
chair 0.0023 0 249 95 332
chair 0.0021 31 146 233 283
chair 0.0014 50 208 130 276
chair 0.0013 56 195 117 229
chair 0.0012 118 201 168 243
chair 0.0012 21 226 90 259
chair 0.0011 104 188 146 236
chair 0.0011 455 202 499 335
chair 0.0011 197 177 315 249
diningtable 0.7430 52 220 526 325
diningtable 0.0947 -3 245 352 333
diningtable 0.0335 165 167 483 328
diningtable 0.0102 311 201 496 339
diningtable 0.0050 0 217 187 328
diningtable 0.0021 15 173 261 324
diningtable 0.0012 67 285 511 336
person 0.7974 181 87 322 252
person 0.0490 470 36 498 199
person 0.0108 415 123 463 211
person 0.0106 371 137 423 211
person 0.0099 186 91 458 291
person 0.0075 394 21 491 206
person 0.0065 448 -1 496 196
person 0.0049 0 214 104 329
person 0.0029 322 107 477 274
person 0.0025 375 80 500 301
person 0.0022 236 151 322 237
person 0.0022 467 114 499 216
person 0.0021 320 14 486 169
person 0.0021 414 67 465 170
person 0.0018 42 105 303 273
person 0.0017 101 50 342 250
person 0.0014 447 57 502 324
person 0.0011 342 58 462 225
person 0.0011 -5 149 62 339
person 0.0010 377 97 433 190
