bicycle 0.7622 48 4 448 332
bicycle 0.1072 158 91 496 344
bicycle 0.0338 65 195 359 338
bicycle 0.0284 236 -4 503 290
bicycle 0.0083 53 244 293 331
bicycle 0.0033 15 245 183 333
bicycle 0.0012 64 296 198 333
person 0.5748 96 3 330 235
person 0.0652 386 -13 495 296
person 0.0467 49 35 300 349
person 0.0174 311 35 494 353
person 0.0136 29 35 168 349
person 0.0054 438 35 496 349
person 0.0047 308 -5 504 193
person 0.0046 65 0 224 243
person 0.0028 175 122 234 205
person 0.0023 405 2 490 66
person 0.0022 454 0 499 37
person 0.0020 5 21 104 310
person 0.0014 429 0 476 38
person 0.0012 447 0 501 68
