bicycle 0.1525 380 106 502 269
bicycle 0.0551 130 154 288 301
bicycle 0.0339 351 86 471 241
bicycle 0.0198 253 119 404 297
bicycle 0.0102 437 126 495 284
bicycle 0.0085 172 107 333 305
bicycle 0.0048 387 53 498 221
bicycle 0.0027 458 119 497 249
bicycle 0.0019 404 118 491 192
bicycle 0.0012 362 114 453 199
bottle 0.0073 184 173 240 285
motorbike 0.4330 26 113 225 301
motorbike 0.3543 313 115 492 294
motorbike 0.0368 393 150 502 300
motorbike 0.0241 254 148 405 308
motorbike 0.0013 13 119 130 292
motorbike 0.0011 0 135 13 194
person 0.9662 225 34 325 284
person 0.9565 58 11 215 300
person 0.0859 150 25 257 291
person 0.0049 487 112 499 193
person 0.0039 262 75 394 291
person 0.0033 443 8 500 208
person 0.0020 459 51 500 167
person 0.0017 457 114 499 203
person 0.0010 257 93 314 217
