chair 0.7576 159 206 219 277
chair 0.6027 349 221 432 317
chair 0.5015 344 183 413 303
chair 0.1477 409 194 479 285
chair 0.0824 107 174 161 242
chair 0.0709 113 190 155 232
chair 0.0481 446 159 492 275
chair 0.0354 51 174 128 238
chair 0.0164 53 183 91 237
chair 0.0154 110 170 145 224
chair 0.0152 123 165 154 225
chair 0.0121 160 191 212 242
chair 0.0114 285 201 368 285
chair 0.0101 85 183 131 233
chair 0.0076 415 220 473 265
chair 0.0058 0 168 15 245
chair 0.0045 176 230 218 275
chair 0.0042 401 183 423 198
chair 0.0037 236 202 337 278
chair 0.0031 212 207 295 275
chair 0.0028 455 191 491 242
chair 0.0028 479 194 497 215
chair 0.0028 -2 165 35 248
chair 0.0026 179 194 220 253
chair 0.0026 69 163 113 211
chair 0.0026 485 163 498 226
chair 0.0022 45 165 90 213
chair 0.0022 125 202 160 235
chair 0.0022 450 248 496 277
chair 0.0022 418 185 471 240
chair 0.0021 345 220 399 269
chair 0.0020 359 244 427 296
chair 0.0019 103 205 148 233
chair 0.0018 482 184 497 209
chair 0.0017 361 220 424 269
chair 0.0017 395 210 433 262
chair 0.0016 430 202 477 246
chair 0.0016 60 199 104 241
chair 0.0014 56 170 102 223
chair 0.0014 454 163 493 207
chair 0.0013 471 188 501 229
chair 0.0011 228 198 275 238
chair 0.0011 487 228 499 302
chair 0.0011 482 255 498 277
chair 0.0010 27 184 69 235
dog 0.3126 158 250 209 279
dog 0.0414 152 239 216 286
dog 0.0185 149 252 189 280
dog 0.0155 162 234 208 274
dog 0.0062 160 256 177 277
dog 0.0049 164 254 192 278
dog 0.0016 155 262 207 288
person 0.9161 164 152 226 276
person 0.8316 341 154 408 284
person 0.6820 412 152 479 273
person 0.6698 111 146 157 225
person 0.4936 350 154 402 224
person 0.3008 244 140 273 190
person 0.2460 104 142 145 186
person 0.0840 368 139 390 166
person 0.0789 164 145 206 188
person 0.0604 120 145 157 192
person 0.0440 62 153 126 233
person 0.0409 -1 144 36 238
person 0.0317 92 143 131 179
person 0.0297 172 141 225 197
person 0.0222 38 155 98 234
person 0.0204 0 152 15 238
person 0.0187 252 143 273 166
person 0.0186 372 145 404 190
person 0.0170 107 142 128 167
person 0.0166 417 152 455 198
person 0.0160 240 145 257 192
person 0.0092 163 157 211 201
person 0.0090 382 141 401 166
person 0.0080 361 147 427 232
person 0.0077 264 125 287 146
person 0.0069 383 150 403 177
person 0.0054 1 127 42 199
person 0.0052 221 175 283 266
person 0.0051 324 128 341 149
person 0.0044 0 137 16 190
person 0.0042 252 129 272 150
person 0.0039 448 149 495 231
person 0.0037 171 142 195 164
person 0.0033 129 150 152 205
person 0.0032 271 151 384 291
person 0.0029 293 167 367 271
person 0.0029 0 129 13 174
person 0.0026 371 138 406 172
person 0.0025 113 146 138 211
person 0.0025 0 119 14 155
person 0.0024 254 171 325 270
person 0.0023 170 149 195 175
person 0.0023 362 134 422 198
person 0.0021 240 143 279 219
person 0.0021 365 129 384 150
person 0.0020 131 150 153 175
person 0.0020 129 144 150 164
person 0.0019 240 144 253 164
person 0.0019 373 161 417 203
person 0.0018 422 149 445 189
person 0.0016 192 170 216 191
person 0.0015 100 139 122 174
person 0.0013 145 144 182 191
person 0.0012 487 151 499 212
person 0.0012 307 131 332 149
person 0.0010 398 146 416 189
person 0.0010 225 153 349 284
person 0.0010 341 186 401 237
tvmonitor 0.7829 342 158 378 199
tvmonitor 0.4825 262 159 301 194
tvmonitor 0.3013 299 162 337 201
tvmonitor 0.2136 274 158 315 193
tvmonitor 0.1972 240 144 271 191
tvmonitor 0.1409 357 147 399 188
tvmonitor 0.0456 257 139 298 168
tvmonitor 0.0394 291 140 344 166
tvmonitor 0.0243 4 150 48 181
tvmonitor 0.0234 364 138 392 170
tvmonitor 0.0214 2 136 37 172
tvmonitor 0.0184 372 158 406 198
tvmonitor 0.0150 297 148 338 187
tvmonitor 0.0129 313 162 358 199
tvmonitor 0.0110 0 136 16 158
tvmonitor 0.0101 349 167 396 215
tvmonitor 0.0096 10 154 36 178
tvmonitor 0.0095 0 128 16 150
tvmonitor 0.0090 57 150 108 182
tvmonitor 0.0088 15 150 71 180
tvmonitor 0.0072 242 150 263 180
tvmonitor 0.0071 281 174 322 208
tvmonitor 0.0067 296 156 354 212
tvmonitor 0.0064 342 144 369 160
tvmonitor 0.0064 299 141 335 160
tvmonitor 0.0061 100 147 122 176
tvmonitor 0.0052 56 141 79 161
tvmonitor 0.0052 73 142 91 162
tvmonitor 0.0050 92 141 129 173
tvmonitor 0.0047 308 137 359 166
tvmonitor 0.0044 263 156 292 179
tvmonitor 0.0044 0 119 38 154
tvmonitor 0.0044 53 157 83 177
tvmonitor 0.0044 337 140 379 165
tvmonitor 0.0041 257 124 295 155
tvmonitor 0.0037 323 139 346 158
tvmonitor 0.0035 242 163 262 192
tvmonitor 0.0033 35 141 67 157
tvmonitor 0.0033 31 146 79 174
tvmonitor 0.0032 1 142 27 186
tvmonitor 0.0032 257 173 300 208
tvmonitor 0.0031 266 141 322 167
tvmonitor 0.0031 68 156 95 176
tvmonitor 0.0031 340 184 372 205
tvmonitor 0.0030 282 144 305 162
tvmonitor 0.0030 315 148 355 188
tvmonitor 0.0030 39 154 62 175
tvmonitor 0.0028 371 146 391 176
tvmonitor 0.0027 291 183 314 205
tvmonitor 0.0027 299 183 331 204
tvmonitor 0.0025 340 154 372 178
tvmonitor 0.0024 2 150 20 179
tvmonitor 0.0023 238 168 255 190
tvmonitor 0.0021 26 139 73 167
tvmonitor 0.0017 288 143 360 194
tvmonitor 0.0017 312 175 361 208
tvmonitor 0.0015 55 162 103 195
tvmonitor 0.0015 35 131 65 148
tvmonitor 0.0015 230 155 264 196
tvmonitor 0.0012 208 170 229 188
tvmonitor 0.0012 11 126 38 149
tvmonitor 0.0011 63 141 109 170
tvmonitor 0.0011 264 184 292 203
tvmonitor 0.0010 290 167 314 194
tvmonitor 0.0010 299 155 335 177
