bicycle 0.9260 217 109 492 280
bicycle 0.8835 60 110 224 262
bicycle 0.0541 16 142 76 225
bicycle 0.0130 93 104 316 276
bicycle 0.0058 3 134 53 230
bicycle 0.0055 85 133 191 237
bicycle 0.0050 0 124 113 241
bicycle 0.0030 115 120 224 197
bicycle 0.0015 52 142 143 227
bicycle 0.0015 289 168 372 254
bicycle 0.0013 0 71 58 243
bottle 0.0298 319 174 355 209
bottle 0.0199 332 175 368 209
bottle 0.0060 283 148 373 225
bottle 0.0059 301 169 336 212
bottle 0.0031 300 155 331 202
bottle 0.0023 355 173 397 213
bottle 0.0020 305 178 332 206
bottle 0.0019 322 170 350 196
bottle 0.0016 339 170 368 194
bottle 0.0013 305 196 353 233
bottle 0.0011 304 165 330 193
bottle 0.0010 308 151 408 224
bottle 0.0010 344 197 368 223
car 0.0040 4 107 51 211
car 0.0039 0 152 21 170
car 0.0013 0 136 16 194
person 0.0102 0 84 50 182
person 0.0027 0 100 15 177
person 0.0022 0 -3 57 204
person 0.0012 0 54 13 162
pottedplant 0.0022 28 156 66 213
