bus 0.9973 223 185 421 297
bus 0.0259 3 21 416 339
bus 0.0225 237 218 356 300
bus 0.0054 464 186 500 284
bus 0.0027 367 225 432 295
bus 0.0024 327 185 455 284
bus 0.0016 485 205 499 276
bus 0.0015 315 222 413 299
bus 0.0015 466 211 500 259
bus 0.0014 412 218 458 252
car 0.0208 7 -11 414 317
car 0.0066 41 -3 231 202
car 0.0029 416 244 435 260
car 0.0012 409 237 428 252
car 0.0011 415 236 438 251
person 0.0402 351 245 369 265
person 0.0340 359 247 379 265
person 0.0301 306 243 319 265
person 0.0173 333 248 346 266
person 0.0121 304 230 318 251
person 0.0053 250 257 263 270
person 0.0048 333 204 348 222
person 0.0039 272 259 286 273
person 0.0037 332 216 349 238
person 0.0026 270 249 287 266
person 0.0023 346 201 363 219
person 0.0022 382 248 402 264
person 0.0020 348 232 363 251
person 0.0020 293 227 308 246
person 0.0020 361 236 384 252
person 0.0019 329 229 347 248
person 0.0017 330 253 343 271
person 0.0016 250 251 270 267
person 0.0014 344 217 359 237
person 0.0014 293 247 308 265
person 0.0012 288 258 299 275
person 0.0011 113 53 154 87
person 0.0010 358 255 382 269
person 0.0010 129 37 148 89
