bicycle 0.7290 -4 122 305 265
bicycle 0.0429 -7 157 198 267
bicycle 0.0299 -1 192 98 263
bicycle 0.0291 43 75 215 268
bicycle 0.0094 110 91 339 260
bicycle 0.0075 23 185 325 265
bicycle 0.0017 -1 117 95 271
bicycle 0.0010 214 124 347 261
bottle 0.0032 7 195 74 265
car 0.5560 -4 61 102 109
car 0.2903 148 45 201 94
car 0.0359 0 63 23 86
car 0.0266 122 43 176 97
car 0.0127 132 53 168 84
car 0.0075 133 44 167 68
car 0.0053 79 15 217 135
car 0.0050 114 28 235 115
car 0.0034 31 62 92 86
car 0.0033 0 49 12 86
car 0.0031 161 46 234 95
car 0.0029 343 69 352 123
car 0.0028 1 62 31 114
car 0.0027 -1 62 19 76
car 0.0027 44 23 159 166
car 0.0020 0 58 33 79
car 0.0019 0 59 11 110
car 0.0016 330 74 351 108
car 0.0016 0 66 21 104
car 0.0015 159 60 203 91
car 0.0014 329 60 353 123
car 0.0010 127 47 155 84
person 0.7482 82 5 214 218
person 0.0207 106 36 285 274
person 0.0066 83 6 167 147
person 0.0047 49 20 157 201
person 0.0036 12 33 183 275
person 0.0030 344 62 352 108
