boat 0.5246 339 118 400 147
boat 0.0314 94 153 245 266
boat 0.0252 202 140 461 296
boat 0.0134 117 172 218 245
boat 0.0090 139 168 205 225
boat 0.0077 88 74 336 243
boat 0.0056 52 141 367 280
boat 0.0011 442 69 459 79
person 0.8645 239 169 265 216
person 0.8193 256 168 276 224
person 0.6388 204 164 229 212
person 0.5065 217 161 239 219
person 0.2312 120 174 137 193
person 0.1275 165 171 187 196
person 0.1051 119 174 135 212
person 0.0892 357 117 382 135
person 0.0757 164 172 193 214
person 0.0646 259 171 288 211
person 0.0284 356 123 386 140
person 0.0178 153 179 172 200
person 0.0171 214 163 238 192
person 0.0159 217 183 234 230
person 0.0132 160 173 180 194
person 0.0126 351 117 373 135
person 0.0122 225 195 243 218
person 0.0112 224 182 242 229
person 0.0101 298 61 342 90
person 0.0099 256 197 274 222
person 0.0096 198 148 229 184
person 0.0095 217 194 233 217
person 0.0084 254 169 275 198
person 0.0084 215 179 238 208
person 0.0082 261 185 280 228
person 0.0079 265 208 280 228
person 0.0079 239 186 267 228
person 0.0076 171 195 191 217
person 0.0067 162 184 197 228
person 0.0063 150 176 187 213
person 0.0061 344 125 372 140
person 0.0053 253 159 296 222
person 0.0052 260 208 272 227
person 0.0041 264 191 298 228
person 0.0040 151 194 168 216
person 0.0037 155 177 174 213
person 0.0033 110 171 148 208
person 0.0029 196 197 213 218
person 0.0028 214 161 237 179
person 0.0027 127 172 145 192
person 0.0027 131 180 148 203
person 0.0026 209 202 224 239
person 0.0025 322 68 343 90
person 0.0023 193 182 211 202
person 0.0022 360 111 383 144
person 0.0020 176 166 225 202
person 0.0019 141 186 189 227
person 0.0018 225 162 240 178
person 0.0018 307 68 331 93
person 0.0018 112 172 139 197
person 0.0017 94 181 116 204
person 0.0017 195 184 225 232
person 0.0017 341 110 386 143
person 0.0017 153 189 171 226
person 0.0016 381 123 398 141
person 0.0015 286 198 307 219
person 0.0013 95 175 127 213
person 0.0013 207 156 239 185
person 0.0012 96 174 119 191
person 0.0012 119 175 160 214
person 0.0011 231 146 266 179
