bicycle 0.7704 167 135 314 348
bicycle 0.4819 112 158 161 282
bicycle 0.1420 293 95 366 166
bicycle 0.0841 303 110 351 152
bicycle 0.0181 250 63 409 198
bicycle 0.0057 282 114 315 153
bicycle 0.0052 314 90 411 157
bicycle 0.0040 255 91 325 171
bicycle 0.0040 294 103 339 144
bicycle 0.0028 191 59 369 211
bicycle 0.0028 313 101 362 142
bicycle 0.0025 304 88 347 128
bicycle 0.0019 116 184 156 251
bicycle 0.0017 289 72 366 143
bicycle 0.0016 340 104 390 143
bicycle 0.0016 344 96 361 141
bicycle 0.0016 304 133 348 174
bicycle 0.0014 334 97 371 140
bicycle 0.0014 96 155 247 321
bicycle 0.0012 257 113 298 159
bicycle 0.0012 286 123 310 148
bicycle 0.0011 233 118 281 156
bottle 0.0010 287 177 305 217
car 0.0010 92 2 174 27
chair 0.0010 0 126 31 301
person 0.9970 180 64 303 320
person 0.9491 112 93 170 263
person 0.1487 484 92 499 146
person 0.0306 386 90 406 124
person 0.0134 -1 14 56 303
person 0.0119 459 97 475 145
person 0.0100 108 88 166 182
person 0.0068 442 110 460 159
person 0.0056 445 96 464 150
person 0.0045 7 20 96 294
person 0.0038 486 66 499 126
person 0.0037 400 91 417 118
person 0.0030 489 99 500 197
person 0.0030 346 95 364 118
person 0.0025 0 73 39 245
person 0.0025 342 91 393 123
person 0.0021 104 84 225 287
person 0.0020 116 99 163 144
person 0.0020 448 94 463 119
person 0.0020 463 99 493 150
person 0.0019 475 85 499 137
person 0.0019 161 53 289 227
person 0.0018 364 95 379 121
person 0.0018 369 76 434 136
person 0.0014 458 95 473 122
person 0.0014 425 111 445 163
person 0.0012 0 184 31 360
person 0.0012 335 91 374 129
person 0.0010 425 104 466 151
person 0.0010 424 98 442 147
person 0.0010 385 103 421 144
pottedplant 0.0010 -1 12 46 128
train 0.0086 265 38 465 173
