bicycle 0.0043 223 461 280 499
bicycle 0.0025 206 451 298 504
boat 0.0041 40 69 307 356
boat 0.0012 178 100 325 321
dog 0.0011 251 456 290 492
person 0.2787 145 224 169 287
person 0.1680 114 219 139 268
person 0.0667 105 210 142 296
person 0.0450 240 445 255 466
person 0.0441 69 205 112 297
person 0.0343 125 228 150 286
person 0.0310 83 233 116 280
person 0.0244 74 221 104 281
person 0.0218 99 231 129 281
person 0.0194 180 131 227 222
person 0.0138 61 224 86 276
person 0.0124 70 219 95 269
person 0.0110 152 229 171 259
person 0.0104 143 226 163 259
person 0.0093 262 457 276 479
person 0.0086 112 252 140 302
person 0.0080 115 224 133 287
person 0.0063 188 151 221 205
person 0.0060 73 225 89 287
person 0.0060 107 54 291 297
person 0.0057 161 236 193 282
person 0.0053 72 251 95 300
person 0.0052 63 167 121 266
person 0.0051 65 238 81 272
person 0.0050 83 255 115 298
person 0.0044 74 221 90 253
person 0.0042 236 453 255 473
person 0.0039 186 229 205 248
person 0.0039 194 133 248 226
person 0.0038 113 200 141 249
person 0.0038 91 224 111 250
person 0.0038 250 378 261 445
person 0.0037 145 238 165 273
person 0.0037 100 257 130 300
person 0.0034 55 205 92 296
person 0.0032 220 451 269 494
person 0.0031 117 95 173 179
person 0.0030 137 91 209 181
person 0.0030 91 172 151 262
person 0.0030 215 174 293 242
person 0.0030 122 169 173 272
person 0.0030 132 227 149 260
person 0.0029 129 240 147 273
person 0.0028 21 88 171 340
person 0.0028 101 227 120 253
person 0.0025 103 238 144 322
person 0.0025 184 186 217 231
person 0.0023 207 246 235 285
person 0.0022 23 24 268 250
person 0.0022 195 166 259 249
person 0.0022 173 165 229 250
person 0.0021 178 237 210 279
person 0.0020 146 125 204 224
person 0.0020 211 253 231 277
person 0.0020 172 87 226 192
person 0.0020 104 192 137 242
person 0.0020 89 245 111 274
person 0.0019 171 247 189 274
person 0.0019 240 423 255 448
person 0.0019 157 193 187 244
person 0.0019 184 247 201 274
person 0.0019 233 430 268 465
person 0.0019 141 213 156 239
person 0.0018 179 224 210 260
person 0.0018 230 187 277 231
person 0.0017 248 442 261 463
person 0.0016 74 191 108 242
person 0.0016 250 420 261 444
person 0.0016 172 229 188 251
person 0.0015 145 172 200 266
person 0.0015 55 192 84 241
person 0.0013 208 184 244 231
person 0.0013 63 247 88 304
person 0.0013 238 446 253 497
person 0.0013 191 229 217 246
person 0.0013 102 243 121 273
person 0.0013 75 215 90 239
person 0.0012 131 193 162 246
person 0.0012 173 331 188 351
person 0.0012 106 266 125 295
person 0.0012 162 224 196 262
person 0.0012 220 133 281 231
person 0.0012 123 253 153 296
person 0.0012 178 388 228 423
person 0.0012 204 152 238 205
person 0.0012 244 380 267 434
person 0.0011 92 94 152 178
person 0.0011 250 378 263 406
person 0.0010 224 212 241 237
person 0.0010 212 228 228 247
person 0.0010 43 198 73 241
person 0.0010 118 121 172 226
person 0.0010 133 254 165 304
pottedplant 0.0014 246 463 306 499
train 0.0072 73 317 327 485
train 0.0036 18 376 275 504
train 0.0032 -8 270 299 460
