bottle 0.0526 367 141 450 307
bottle 0.0055 356 218 460 308
bottle 0.0029 375 145 438 249
bottle 0.0014 75 91 132 163
chair 0.0086 435 182 499 310
chair 0.0052 272 2 464 117
chair 0.0045 379 187 505 306
chair 0.0032 0 144 115 300
chair 0.0015 0 152 40 253
chair 0.0013 2 105 189 302
chair 0.0010 -2 140 360 301
dog 0.5622 269 225 374 271
dog 0.3400 240 225 334 269
dog 0.0717 255 230 316 263
dog 0.0264 155 202 416 295
dog 0.0090 299 228 370 262
dog 0.0036 196 221 315 271
dog 0.0020 249 200 478 297
dog 0.0015 230 202 344 260
dog 0.0014 277 203 373 261
dog 0.0012 306 221 403 277
dog 0.0011 221 232 291 262
person 0.8722 -6 39 430 315
person 0.1774 243 25 485 244
person 0.1703 93 102 476 293
person 0.0468 374 20 488 246
person 0.0310 338 34 467 189
person 0.0192 347 75 467 277
person 0.0141 376 91 498 310
person 0.0051 270 18 464 152
person 0.0031 0 164 38 286
person 0.0030 437 91 501 311
person 0.0029 15 21 265 284
person 0.0027 358 50 438 119
person 0.0014 0 197 13 290
person 0.0013 49 0 165 170
person 0.0012 -1 15 127 293
person 0.0010 333 68 412 139
person 0.0010 33 8 466 213
sofa 0.0057 64 149 430 295
sofa 0.0013 20 221 404 312
