aeroplane 0.5599 85 125 495 252
aeroplane 0.0525 10 161 417 246
aeroplane 0.0051 7 58 418 266
aeroplane 0.0027 28 116 323 255
aeroplane 0.0024 61 176 508 272
boat 0.0057 182 88 473 237
car 0.0098 206 146 508 265
car 0.0073 396 204 500 258
car 0.0057 443 209 499 258
car 0.0037 25 226 71 252
car 0.0032 348 202 448 261
car 0.0026 3 223 47 252
car 0.0021 311 129 404 186
car 0.0020 379 164 492 262
car 0.0019 322 191 484 264
car 0.0013 18 231 40 251
car 0.0012 448 236 502 260
person 0.3463 1 211 20 249
person 0.0237 305 127 356 186
person 0.0178 0 203 29 257
person 0.0125 321 129 352 175
person 0.0052 0 229 19 250
person 0.0052 229 130 281 200
person 0.0048 11 211 30 247
person 0.0048 250 191 268 211
person 0.0044 213 156 289 214
person 0.0043 42 230 62 250
person 0.0036 117 235 133 250
person 0.0029 239 175 275 207
person 0.0025 15 220 33 252
person 0.0020 230 165 272 199
person 0.0020 246 181 270 202
person 0.0014 0 199 18 239
person 0.0014 252 125 323 196
person 0.0012 238 185 277 218
person 0.0010 264 191 284 210
person 0.0010 323 138 343 185
person 0.0010 387 52 498 268
person 0.0010 235 141 273 187
