bottle 0.0178 -1 234 43 366
bottle 0.0154 23 249 78 360
bottle 0.0100 331 247 384 357
bottle 0.0065 342 233 391 320
bottle 0.0026 407 336 467 372
bottle 0.0024 358 241 392 290
bottle 0.0023 352 144 370 193
bottle 0.0020 300 142 341 182
bottle 0.0015 292 116 365 200
bottle 0.0012 345 149 374 203
bottle 0.0010 356 261 390 325
car 0.0093 109 45 393 225
car 0.0027 206 62 289 134
car 0.0010 197 40 380 168
chair 0.0258 332 158 387 265
chair 0.0045 363 171 444 258
chair 0.0026 363 207 437 279
chair 0.0023 451 237 501 372
chair 0.0019 371 229 427 264
chair 0.0017 295 172 374 257
chair 0.0014 338 157 379 211
chair 0.0013 386 218 436 258
chair 0.0011 384 233 439 272
chair 0.0010 487 227 499 360
diningtable 0.7420 -26 231 371 369
diningtable 0.6041 179 243 472 373
diningtable 0.0170 36 198 541 366
diningtable 0.0168 301 232 499 378
diningtable 0.0036 284 254 375 356
diningtable 0.0024 -19 325 369 374
diningtable 0.0018 -61 143 408 357
diningtable 0.0017 156 321 494 377
person 0.9427 73 55 254 263
person 0.9117 197 56 385 257
person 0.3738 1 103 91 274
person 0.3535 401 75 497 352
person 0.1173 325 86 489 340
person 0.0810 0 137 65 240
person 0.0349 437 -9 500 336
person 0.0261 -1 125 56 357
person 0.0248 40 84 368 275
person 0.0144 438 148 502 388
person 0.0111 291 108 429 319
person 0.0068 159 86 412 341
person 0.0066 16 101 174 269
person 0.0063 168 58 240 138
person 0.0053 457 149 498 333
person 0.0048 150 52 214 144
person 0.0034 422 151 483 276
person 0.0032 379 0 499 268
person 0.0028 -1 167 38 317
person 0.0027 0 112 10 334
person 0.0024 489 111 499 361
person 0.0017 59 167 122 262
person 0.0016 265 47 455 265
person 0.0010 452 87 499 285
person 0.0010 458 53 498 207
