bottle 0.0020 0 21 13 108
bottle 0.0011 0 7 32 136
car 0.0124 225 -13 496 326
car 0.0109 1 55 44 199
car 0.0061 74 0 197 21
car 0.0056 36 0 234 34
car 0.0044 124 0 226 24
car 0.0034 5 8 187 88
car 0.0032 40 0 146 20
car 0.0031 14 -1 102 19
car 0.0026 370 40 498 333
car 0.0020 6 0 49 8
car 0.0017 7 0 126 12
car 0.0015 91 1 337 90
car 0.0010 22 0 72 8
chair 0.0075 8 285 86 372
cow 0.0014 -4 3 130 92
horse 0.0050 173 4 474 366
motorbike 0.7528 -11 -16 426 334
motorbike 0.0424 184 -27 470 341
motorbike 0.0240 13 -8 271 269
motorbike 0.0038 34 0 377 138
motorbike 0.0013 232 0 484 213
person 0.1103 29 38 470 386
person 0.0352 223 -5 290 92
person 0.0040 197 0 297 44
person 0.0040 182 -1 255 27
person 0.0038 188 0 391 95
person 0.0027 232 3 328 83
person 0.0013 367 -2 442 27
person 0.0012 233 16 278 66
