bottle 0.0280 370 281 423 316
bottle 0.0127 99 111 160 206
bottle 0.0100 357 274 435 333
bottle 0.0077 388 275 435 319
bottle 0.0055 108 97 151 148
bottle 0.0053 111 134 156 182
bottle 0.0022 1 85 18 159
bottle 0.0018 132 127 158 148
bottle 0.0016 119 144 167 190
bottle 0.0016 120 118 167 153
bottle 0.0014 266 41 284 64
chair 0.0014 396 103 500 327
chair 0.0010 -3 68 29 190
diningtable 0.0013 178 232 473 370
dog 0.9212 134 125 275 262
dog 0.3098 114 105 376 273
dog 0.0667 63 51 301 269
dog 0.0132 128 146 231 238
dog 0.0068 22 77 253 347
dog 0.0037 91 138 176 225
dog 0.0020 155 122 256 199
dog 0.0014 126 119 221 201
person 0.7400 27 2 158 299
person 0.2970 65 56 498 214
person 0.2937 4 49 99 385
person 0.1843 148 91 430 282
person 0.0895 383 -1 501 311
person 0.0792 1 51 190 382
person 0.0404 47 85 224 284
person 0.0375 38 34 327 234
person 0.0361 0 27 59 357
person 0.0164 97 61 160 140
person 0.0153 93 79 155 172
person 0.0115 215 26 501 295
person 0.0069 113 73 153 123
person 0.0060 69 50 365 160
person 0.0041 61 71 134 183
person 0.0028 123 60 224 136
person 0.0025 -1 80 35 232
person 0.0015 184 89 317 162
person 0.0014 109 59 156 97
person 0.0013 38 8 214 203
person 0.0013 191 122 455 359
person 0.0010 21 119 78 252
sofa 0.6241 73 67 427 257
tvmonitor 0.4768 1 -2 41 81
tvmonitor 0.0228 -1 11 32 62
tvmonitor 0.0139 2 5 33 128
tvmonitor 0.0027 11 1 99 76
tvmonitor 0.0022 1 42 34 95
