chair 0.0027 0 278 40 359
chair 0.0025 3 215 99 362
chair 0.0013 311 164 455 360
diningtable 0.0014 0 206 38 325
person 0.8153 14 37 148 376
person 0.7467 157 35 320 381
person 0.6671 313 48 437 314
person 0.1546 126 31 220 336
person 0.0336 194 37 430 375
person 0.0182 55 39 199 382
person 0.0171 0 27 58 333
person 0.0120 192 32 353 283
person 0.0035 343 150 421 257
person 0.0026 269 111 443 354
person 0.0017 3 158 112 358
person 0.0016 367 38 475 323
person 0.0015 429 41 485 321
person 0.0015 328 53 431 212
person 0.0010 362 -5 475 146
person 0.0010 0 53 9 234
