bus 0.0013 -3 1 46 261
car 0.1983 295 273 318 287
car 0.0696 285 270 313 284
car 0.0293 338 272 369 286
car 0.0151 357 263 374 283
car 0.0103 286 270 322 297
car 0.0043 329 276 353 287
car 0.0033 157 284 177 300
car 0.0030 310 275 337 288
car 0.0026 110 266 134 281
car 0.0024 336 262 374 284
car 0.0013 124 268 143 284
car 0.0011 279 283 308 301
car 0.0011 356 251 376 277
car 0.0010 363 281 375 307
dog 0.0057 120 464 189 497
dog 0.0054 93 451 217 499
dog 0.0021 127 448 170 497
dog 0.0012 41 373 217 494
person 0.8197 -1 218 137 501
person 0.0151 172 480 248 502
person 0.0139 151 476 231 500
person 0.0092 37 235 211 498
person 0.0081 28 16 127 251
person 0.0067 45 124 102 222
person 0.0062 4 305 102 492
person 0.0045 85 146 115 204
person 0.0043 40 7 102 107
person 0.0041 54 146 91 202
person 0.0033 15 11 133 415
person 0.0026 128 464 251 501
person 0.0025 73 314 301 489
person 0.0023 73 123 123 226
person 0.0021 68 10 131 106
person 0.0021 48 28 97 165
person 0.0020 91 382 339 493
person 0.0017 46 2 93 49
person 0.0017 0 147 88 439
person 0.0017 70 80 129 194
person 0.0016 1 9 79 254
person 0.0015 72 38 129 155
person 0.0012 84 27 121 82
person 0.0011 25 146 60 202
person 0.0011 17 144 31 219
person 0.0010 16 120 67 223
person 0.0010 49 25 89 81
pottedplant 0.0230 129 237 305 415
pottedplant 0.0018 175 318 257 410
pottedplant 0.0011 151 319 224 412
pottedplant 0.0010 177 276 259 375
pottedplant 0.0010 109 234 150 274
