bottle 0.0792 423 209 441 225
bottle 0.0743 440 225 459 250
bottle 0.0719 405 221 427 248
bottle 0.0559 441 209 458 229
bottle 0.0439 285 220 297 246
bottle 0.0338 167 280 188 305
bottle 0.0304 177 267 190 287
bottle 0.0276 387 233 406 257
bottle 0.0271 421 227 448 248
bottle 0.0265 460 224 480 249
bottle 0.0253 134 294 155 343
bottle 0.0243 385 224 405 247
bottle 0.0234 407 232 425 257
bottle 0.0207 437 235 456 254
bottle 0.0144 137 280 154 302
bottle 0.0127 139 268 153 289
bottle 0.0124 327 219 344 245
bottle 0.0120 429 234 448 254
bottle 0.0114 158 281 177 304
bottle 0.0104 367 218 386 244
bottle 0.0093 187 265 205 284
bottle 0.0086 175 255 190 276
bottle 0.0082 116 297 135 345
bottle 0.0081 159 251 175 276
bottle 0.0080 157 268 172 286
bottle 0.0075 134 292 155 314
bottle 0.0054 119 281 139 302
bottle 0.0052 306 218 328 244
bottle 0.0046 116 295 136 317
bottle 0.0044 135 254 150 276
bottle 0.0043 166 290 187 313
bottle 0.0037 370 236 386 258
bottle 0.0034 186 279 203 303
bottle 0.0033 286 236 304 256
bottle 0.0026 189 255 209 276
bottle 0.0026 273 221 293 245
bottle 0.0025 158 292 177 312
bottle 0.0019 96 296 116 318
bottle 0.0018 117 268 135 289
bottle 0.0018 99 298 118 346
bottle 0.0017 126 305 165 360
bottle 0.0015 98 308 117 333
bottle 0.0015 171 239 190 281
bottle 0.0014 153 307 173 334
bottle 0.0013 188 295 205 318
bottle 0.0013 111 310 132 358
bottle 0.0013 329 236 345 257
bottle 0.0011 96 283 115 331
bottle 0.0010 342 223 367 244
bus 0.0046 12 -12 257 327
car 0.0116 388 180 476 214
car 0.0075 478 181 499 201
car 0.0039 468 173 500 212
chair 0.0473 467 241 503 362
chair 0.0472 346 349 406 371
chair 0.0336 224 293 294 368
chair 0.0334 178 344 254 372
chair 0.0285 208 340 283 370
chair 0.0267 484 221 500 251
chair 0.0251 461 236 480 254
chair 0.0248 369 331 419 371
chair 0.0225 232 330 288 368
chair 0.0191 486 234 499 257
chair 0.0190 169 280 251 369
chair 0.0154 158 209 180 233
chair 0.0129 164 331 268 371
chair 0.0127 489 261 500 351
chair 0.0102 255 211 271 233
chair 0.0075 364 199 389 221
chair 0.0073 469 278 505 326
chair 0.0070 466 307 504 356
chair 0.0067 487 249 500 274
chair 0.0066 191 353 282 372
chair 0.0065 256 198 271 220
chair 0.0063 197 358 241 371
chair 0.0062 119 302 163 352
chair 0.0062 486 308 500 366
chair 0.0056 453 327 495 371
chair 0.0056 486 265 500 291
chair 0.0053 312 261 345 321
chair 0.0053 347 328 443 370
chair 0.0052 217 210 231 234
chair 0.0050 139 211 157 234
chair 0.0048 409 329 458 370
chair 0.0046 137 237 156 263
chair 0.0045 139 224 157 246
chair 0.0045 448 288 500 325
chair 0.0044 156 224 172 245
chair 0.0039 115 250 135 273
chair 0.0038 467 244 502 297
chair 0.0038 329 199 346 222
chair 0.0037 458 269 486 289
chair 0.0036 348 201 366 222
chair 0.0034 193 220 210 246
chair 0.0034 459 254 483 271
chair 0.0031 485 291 500 321
chair 0.0030 178 310 240 355
chair 0.0029 452 259 495 294
chair 0.0028 416 291 489 322
chair 0.0028 486 278 500 303
chair 0.0028 240 299 284 344
chair 0.0025 378 350 444 371
chair 0.0024 484 309 500 334
chair 0.0023 368 252 386 277
chair 0.0022 112 241 134 264
chair 0.0020 95 350 192 371
chair 0.0020 156 236 175 260
chair 0.0020 67 352 147 372
chair 0.0019 301 281 342 326
chair 0.0018 136 343 211 372
chair 0.0016 412 338 483 372
chair 0.0016 42 228 88 273
chair 0.0015 439 269 465 288
chair 0.0015 382 251 404 272
chair 0.0014 483 319 500 349
chair 0.0014 214 319 265 358
chair 0.0014 452 304 497 337
chair 0.0014 457 314 485 331
chair 0.0013 396 323 494 371
chair 0.0013 116 211 135 234
chair 0.0013 242 343 323 370
chair 0.0012 19 229 93 320
chair 0.0011 339 251 371 302
chair 0.0011 380 264 406 287
chair 0.0011 344 356 374 370
chair 0.0011 481 334 500 365
chair 0.0010 114 226 133 245
chair 0.0010 112 336 176 370
chair 0.0010 451 274 497 312
chair 0.0010 83 316 127 359
chair 0.0010 278 264 310 319
chair 0.0010 214 359 258 371
diningtable 0.5014 129 256 223 341
diningtable 0.4892 83 243 184 361
diningtable 0.4411 392 215 436 255
diningtable 0.3601 91 275 250 371
diningtable 0.3355 399 236 487 309
diningtable 0.3226 124 289 211 365
diningtable 0.2333 389 246 489 362
diningtable 0.1977 379 212 430 278
diningtable 0.1723 376 224 440 309
diningtable 0.1225 110 283 174 364
diningtable 0.1099 394 224 491 252
diningtable 0.1083 225 208 259 240
diningtable 0.1047 393 251 488 287
diningtable 0.0968 321 279 497 367
diningtable 0.0681 128 293 164 347
diningtable 0.0554 127 277 221 316
diningtable 0.0468 391 214 497 272
diningtable 0.0367 354 214 468 338
diningtable 0.0319 376 229 411 263
diningtable 0.0290 160 201 196 240
diningtable 0.0262 136 305 201 352
diningtable 0.0261 159 264 265 370
diningtable 0.0247 376 243 436 288
diningtable 0.0226 418 232 475 259
diningtable 0.0214 143 237 187 283
diningtable 0.0185 453 229 494 263
diningtable 0.0153 352 295 452 372
diningtable 0.0149 147 287 211 317
diningtable 0.0148 100 243 142 282
diningtable 0.0147 179 204 219 242
diningtable 0.0144 202 205 245 242
diningtable 0.0113 106 286 146 330
diningtable 0.0109 356 223 394 273
diningtable 0.0101 446 245 498 283
diningtable 0.0097 335 225 375 275
diningtable 0.0093 110 279 182 309
diningtable 0.0090 246 215 284 260
diningtable 0.0088 150 205 184 239
diningtable 0.0084 102 276 166 322
diningtable 0.0076 402 205 460 237
diningtable 0.0070 166 205 185 232
diningtable 0.0070 240 206 285 241
diningtable 0.0065 300 237 435 359
diningtable 0.0063 399 278 488 313
diningtable 0.0053 216 222 230 246
diningtable 0.0050 127 234 166 272
diningtable 0.0042 171 274 222 313
diningtable 0.0042 99 254 150 298
diningtable 0.0039 109 298 143 345
diningtable 0.0037 191 210 209 235
diningtable 0.0036 181 216 213 255
diningtable 0.0036 296 229 340 271
diningtable 0.0036 254 221 274 244
diningtable 0.0035 156 264 208 296
diningtable 0.0033 176 259 220 295
diningtable 0.0032 302 237 339 290
diningtable 0.0029 357 197 401 226
diningtable 0.0029 275 231 316 268
diningtable 0.0028 202 192 241 231
diningtable 0.0025 179 242 217 281
diningtable 0.0025 316 226 353 271
diningtable 0.0023 435 268 509 373
diningtable 0.0023 209 216 239 254
diningtable 0.0021 223 193 260 231
diningtable 0.0021 129 205 164 242
diningtable 0.0020 229 219 254 241
diningtable 0.0019 279 213 313 253
diningtable 0.0019 87 286 130 328
diningtable 0.0017 329 251 397 336
diningtable 0.0017 322 297 418 373
diningtable 0.0016 246 192 279 231
diningtable 0.0016 278 240 314 287
diningtable 0.0016 114 265 175 297
diningtable 0.0016 113 328 232 370
diningtable 0.0015 142 309 181 360
diningtable 0.0014 130 217 162 258
diningtable 0.0014 389 291 478 320
diningtable 0.0014 146 302 214 337
diningtable 0.0013 384 261 447 289
diningtable 0.0011 217 202 233 239
diningtable 0.0011 85 268 130 314
diningtable 0.0010 440 255 462 271
person 0.8269 303 212 350 321
person 0.8256 174 236 249 360
person 0.8171 339 212 386 311
person 0.4450 151 229 205 301
person 0.3834 378 215 428 259
person 0.3783 382 206 406 228
person 0.3626 151 225 193 273
person 0.3148 373 203 409 236
person 0.3061 255 217 304 326
person 0.2970 449 196 492 245
person 0.2823 266 200 297 239
person 0.2435 89 238 163 312
person 0.2409 483 197 500 248
person 0.2196 383 193 432 228
person 0.1901 403 208 428 225
person 0.1718 298 205 334 245
person 0.1257 204 229 293 367
person 0.1229 465 203 501 336
person 0.1105 456 193 498 284
person 0.1088 361 203 397 237
person 0.1086 390 207 436 239
person 0.0954 482 197 499 220
person 0.0930 345 213 389 268
person 0.0854 322 205 356 243
person 0.0854 82 238 138 349
person 0.0828 234 222 289 328
person 0.0807 367 208 390 232
person 0.0723 433 199 476 242
person 0.0619 329 209 351 236
person 0.0617 372 194 414 226
person 0.0525 283 202 370 329
person 0.0489 344 207 364 231
person 0.0466 407 189 481 226
person 0.0466 281 208 299 237
person 0.0457 358 211 396 257
person 0.0437 57 234 163 363
person 0.0432 275 203 309 242
person 0.0419 322 206 410 328
person 0.0379 483 205 500 230
person 0.0356 460 209 498 257
person 0.0338 99 246 154 286
person 0.0314 379 200 408 221
person 0.0281 304 207 328 235
person 0.0247 400 199 422 218
person 0.0240 388 182 498 235
person 0.0239 328 212 376 254
person 0.0192 269 200 293 224
person 0.0185 306 212 347 263
person 0.0175 488 209 500 285
person 0.0167 88 246 128 300
person 0.0165 443 200 462 240
person 0.0163 160 218 198 258
person 0.0157 447 188 497 357
person 0.0154 480 171 499 212
person 0.0138 119 232 159 270
person 0.0136 458 195 482 218
person 0.0134 403 206 426 239
person 0.0127 383 212 405 255
person 0.0126 262 211 295 258
person 0.0119 439 196 462 220
person 0.0116 309 239 347 303
person 0.0112 256 224 293 271
person 0.0107 374 190 449 240
person 0.0106 328 212 347 250
person 0.0102 460 209 480 229
person 0.0083 385 182 406 201
person 0.0083 0 273 16 339
person 0.0082 283 200 301 222
person 0.0080 480 165 498 191
person 0.0074 470 191 499 225
person 0.0071 0 250 27 352
person 0.0069 458 215 479 250
person 0.0064 367 212 388 254
person 0.0063 186 245 235 291
person 0.0061 421 198 444 218
person 0.0054 172 225 191 247
person 0.0053 70 338 125 373
person 0.0052 400 187 423 224
person 0.0042 456 174 496 214
person 0.0042 260 242 301 300
person 0.0040 168 228 190 274
person 0.0038 214 236 233 259
person 0.0035 106 223 169 281
person 0.0033 462 179 484 201
person 0.0032 464 167 482 190
person 0.0030 229 210 281 282
person 0.0029 0 163 34 325
person 0.0029 396 182 424 201
person 0.0029 145 216 182 258
person 0.0028 169 235 190 258
person 0.0028 155 232 176 272
person 0.0026 223 229 257 273
person 0.0025 423 187 445 225
person 0.0024 237 200 275 243
person 0.0023 305 203 325 220
person 0.0023 4 188 111 352
person 0.0023 118 223 229 337
person 0.0022 0 189 12 339
person 0.0019 234 239 254 285
person 0.0018 234 216 273 261
person 0.0018 0 116 49 367
person 0.0017 153 201 192 239
person 0.0017 244 249 282 305
person 0.0016 207 232 242 271
person 0.0016 483 158 500 179
person 0.0016 177 229 213 273
person 0.0016 82 228 123 270
person 0.0015 326 227 347 301
person 0.0014 369 222 387 273
person 0.0014 67 212 133 288
person 0.0014 255 215 275 258
person 0.0014 166 201 185 237
person 0.0014 192 215 209 254
person 0.0013 194 221 233 263
person 0.0012 376 179 418 213
person 0.0012 235 248 254 273
person 0.0012 343 231 365 294
person 0.0012 0 286 11 383
person 0.0011 269 166 288 222
person 0.0011 230 211 253 256
person 0.0010 338 194 400 248
pottedplant 0.0421 165 198 185 220
pottedplant 0.0058 219 197 232 218
pottedplant 0.0036 231 199 248 217
pottedplant 0.0028 191 199 209 219
pottedplant 0.0013 235 184 250 206
pottedplant 0.0013 167 185 184 206
pottedplant 0.0012 236 169 251 218
pottedplant 0.0010 218 187 231 204
