boat 0.6750 101 47 327 287
boat 0.1022 64 3 296 228
boat 0.0295 192 63 378 281
boat 0.0094 166 117 260 171
boat 0.0062 185 127 242 157
boat 0.0059 250 77 268 89
boat 0.0055 264 80 290 90
boat 0.0053 170 134 255 194
boat 0.0037 149 20 344 219
boat 0.0027 260 105 322 173
boat 0.0026 455 72 494 92
boat 0.0025 146 119 417 310
boat 0.0024 460 77 489 91
boat 0.0021 2 71 39 99
boat 0.0020 251 74 304 93
boat 0.0020 29 73 83 99
boat 0.0019 118 172 307 298
boat 0.0019 205 156 295 224
boat 0.0014 282 80 311 90
boat 0.0014 304 81 331 90
boat 0.0014 263 85 289 98
boat 0.0014 131 134 230 195
boat 0.0013 0 76 18 89
boat 0.0012 265 74 329 94
boat 0.0011 476 77 498 90
boat 0.0011 252 83 302 106
boat 0.0011 208 136 288 196
boat 0.0010 415 76 471 99
boat 0.0010 189 131 220 145
person 0.7675 322 92 384 247
person 0.1287 288 84 379 290
person 0.0191 308 104 361 220
person 0.0037 190 134 216 149
person 0.0036 248 136 266 180
person 0.0029 238 149 254 169
person 0.0028 248 160 263 180
person 0.0028 312 113 332 158
person 0.0026 303 118 336 166
person 0.0022 311 119 333 137
person 0.0019 250 147 267 171
person 0.0019 190 173 215 193
person 0.0017 159 194 210 223
person 0.0016 136 193 190 223
person 0.0015 188 144 237 178
person 0.0013 207 171 225 191
person 0.0013 180 178 226 213
person 0.0013 326 84 381 155
person 0.0012 176 192 227 224
person 0.0011 171 198 198 218
person 0.0011 206 133 224 150
person 0.0011 206 130 227 144
person 0.0011 237 138 254 180
person 0.0011 224 170 278 206
