bicycle 0.0579 27 149 72 228
bicycle 0.0173 158 136 195 233
bicycle 0.0017 154 157 173 212
bicycle 0.0016 31 192 70 232
bicycle 0.0012 158 160 190 214
bicycle 0.0010 151 142 182 202
bottle 0.0013 229 123 242 142
bottle 0.0013 212 121 227 147
bottle 0.0012 251 114 267 136
bus 0.1444 381 63 497 187
bus 0.0015 454 67 501 163
bus 0.0010 387 71 496 113
car 0.1140 344 145 377 191
car 0.0592 189 82 319 253
car 0.0182 409 168 479 198
car 0.0174 382 167 430 199
car 0.0079 344 75 491 202
car 0.0028 165 81 263 253
car 0.0021 363 142 447 200
car 0.0018 340 105 390 190
car 0.0018 376 155 417 196
car 0.0014 389 145 501 200
car 0.0014 344 164 378 202
car 0.0013 346 159 372 188
car 0.0011 214 122 295 208
car 0.0010 451 152 497 191
chair 0.0022 187 73 223 118
chair 0.0013 200 87 244 132
person 0.8437 29 103 77 220
person 0.6337 286 74 351 250
person 0.6142 153 112 187 209
person 0.3877 90 109 122 203
person 0.1809 209 72 275 141
person 0.0825 200 70 301 220
person 0.0506 282 78 341 162
person 0.0118 29 89 76 157
person 0.0104 153 112 185 158
person 0.0085 11 108 51 221
person 0.0085 189 67 252 124
person 0.0073 184 112 226 221
person 0.0064 166 57 268 234
person 0.0062 210 114 226 155
person 0.0052 36 96 72 141
person 0.0052 72 108 94 159
person 0.0050 104 102 142 193
person 0.0034 193 114 222 156
person 0.0031 204 96 293 178
person 0.0031 286 73 341 124
person 0.0025 413 108 450 129
person 0.0022 192 89 236 191
person 0.0019 306 121 349 255
person 0.0018 225 73 265 118
person 0.0017 126 77 224 218
person 0.0015 26 169 45 227
person 0.0014 435 110 463 130
person 0.0013 398 108 428 128
person 0.0013 198 121 217 147
person 0.0012 242 72 351 178
person 0.0012 409 98 458 126
person 0.0012 416 103 448 122
person 0.0012 285 86 325 130
person 0.0010 169 112 189 154
