car 0.0927 -3 237 101 374
car 0.0616 1 253 62 368
car 0.0106 20 257 43 278
car 0.0085 1 260 19 276
car 0.0078 6 249 48 276
car 0.0024 3 224 52 321
car 0.0018 24 251 80 279
chair 0.0057 0 122 120 306
chair 0.0046 15 213 93 277
chair 0.0042 29 232 83 270
chair 0.0027 63 173 120 270
chair 0.0019 69 224 108 265
chair 0.0019 32 253 51 275
chair 0.0018 23 249 69 276
dog 0.0029 315 262 349 301
person 0.9050 226 210 266 316
person 0.0267 436 226 466 279
person 0.0240 362 224 378 278
person 0.0235 164 255 201 331
person 0.0120 188 238 236 312
person 0.0059 212 204 281 329
person 0.0049 178 254 199 314
person 0.0024 428 222 471 307
person 0.0022 315 257 350 304
person 0.0020 290 227 306 276
person 0.0019 48 8 225 318
person 0.0019 366 209 421 285
person 0.0017 383 225 404 276
person 0.0017 255 235 271 298
person 0.0015 227 226 249 307
person 0.0015 428 225 447 281
person 0.0011 215 257 234 305
person 0.0010 344 213 393 283
person 0.0010 485 225 499 279
pottedplant 0.0320 204 195 241 235
pottedplant 0.0164 7 59 85 141
pottedplant 0.0094 0 32 99 176
pottedplant 0.0077 -1 6 49 83
pottedplant 0.0042 0 154 41 274
pottedplant 0.0040 278 13 451 127
pottedplant 0.0036 369 27 435 114
pottedplant 0.0036 0 21 44 63
pottedplant 0.0031 197 186 248 244
pottedplant 0.0031 -2 31 118 294
pottedplant 0.0027 405 29 480 111
pottedplant 0.0026 -6 1 60 146
pottedplant 0.0019 2 204 48 283
pottedplant 0.0017 191 261 211 303
pottedplant 0.0016 331 31 404 117
pottedplant 0.0015 -2 79 54 291
pottedplant 0.0013 21 77 79 121
pottedplant 0.0012 229 -11 424 108
pottedplant 0.0011 -1 0 44 31
pottedplant 0.0011 449 27 501 119
pottedplant 0.0010 324 -10 482 109
