aeroplane 0.0022 71 80 489 331
car 0.9800 54 245 101 273
car 0.1052 0 248 19 265
car 0.0569 53 246 78 270
car 0.0305 87 244 104 263
car 0.0267 8 249 42 262
car 0.0209 0 244 45 263
car 0.0190 74 243 113 274
car 0.0138 64 253 97 276
car 0.0129 -1 241 28 268
car 0.0086 0 237 13 272
car 0.0083 74 241 98 253
car 0.0072 37 238 100 280
car 0.0050 109 246 131 257
car 0.0038 37 248 59 261
car 0.0035 0 256 14 273
car 0.0032 0 236 17 255
car 0.0031 4 227 40 260
car 0.0031 87 241 105 253
car 0.0027 341 255 372 280
car 0.0019 135 234 152 252
car 0.0018 113 245 152 270
car 0.0018 22 244 72 268
car 0.0017 0 242 10 294
car 0.0017 69 64 488 296
car 0.0015 87 254 106 275
car 0.0010 113 241 131 253
person 0.8579 164 242 178 274
person 0.5911 143 239 156 275
person 0.2400 278 257 291 277
person 0.2042 344 257 358 277
person 0.0159 150 239 178 273
person 0.0129 136 235 153 272
person 0.0094 145 253 160 275
person 0.0071 345 253 360 269
person 0.0069 134 245 152 265
person 0.0055 341 253 355 268
person 0.0032 272 255 299 284
person 0.0024 265 257 279 275
person 0.0018 167 241 178 255
person 0.0016 183 246 200 264
person 0.0014 12 -4 470 309
person 0.0014 345 244 360 276
person 0.0012 277 255 292 301
person 0.0011 143 237 157 254
person 0.0010 291 258 308 276
person 0.0010 264 252 277 267
