chair 0.2365 153 247 340 369
chair 0.0485 205 264 297 348
chair 0.0427 262 231 306 266
chair 0.0234 254 218 322 281
chair 0.0191 131 218 212 309
chair 0.0154 257 236 322 308
chair 0.0112 338 228 408 324
chair 0.0104 266 246 314 290
chair 0.0090 247 260 320 342
chair 0.0084 110 302 227 367
chair 0.0036 158 293 267 369
chair 0.0035 288 206 358 292
chair 0.0033 156 193 416 364
chair 0.0026 274 258 315 303
chair 0.0023 222 280 284 323
chair 0.0019 261 275 309 319
chair 0.0018 290 239 446 363
chair 0.0016 163 258 261 348
chair 0.0014 126 261 213 345
chair 0.0013 289 263 369 338
chair 0.0013 87 233 182 308
chair 0.0010 228 261 293 297
chair 0.0010 298 224 348 268
diningtable 0.3327 111 277 384 374
diningtable 0.3284 -4 296 262 370
diningtable 0.0073 54 237 295 373
diningtable 0.0052 -15 324 219 376
diningtable 0.0045 34 326 387 380
diningtable 0.0026 128 198 365 365
diningtable 0.0022 187 242 466 369
diningtable 0.0014 225 293 344 369
diningtable 0.0014 -6 245 201 372
diningtable 0.0013 -3 284 125 369
person 0.4681 132 208 217 287
person 0.0160 103 209 186 287
person 0.0124 0 119 48 370
person 0.0085 62 196 224 302
person 0.0071 0 166 35 322
person 0.0043 109 179 291 317
person 0.0037 0 128 106 357
person 0.0035 159 211 242 277
person 0.0020 -2 27 58 291
person 0.0016 92 135 242 306
person 0.0014 0 191 13 341
person 0.0013 0 21 20 47
pottedplant 0.0334 443 297 499 373
pottedplant 0.0046 13 292 85 374
pottedplant 0.0041 2 236 49 369
pottedplant 0.0036 449 247 497 365
pottedplant 0.0022 445 336 499 372
pottedplant 0.0016 6 259 87 355
sofa 0.0262 105 207 241 341
sofa 0.0101 84 205 327 355
tvmonitor 0.1670 374 222 419 261
tvmonitor 0.1007 367 214 424 283
tvmonitor 0.0695 384 218 426 249
tvmonitor 0.0237 381 206 421 240
tvmonitor 0.0077 376 187 428 259
tvmonitor 0.0017 0 102 44 215
tvmonitor 0.0017 -2 140 35 295
tvmonitor 0.0010 357 220 399 256
