car 0.0013 450 95 499 171
car 0.0011 455 113 497 154
person 0.9122 149 99 269 373
person 0.1041 6 194 119 366
person 0.0626 1 301 116 375
person 0.0375 448 112 500 372
person 0.0065 394 108 496 377
person 0.0045 -3 293 54 378
person 0.0042 465 123 499 311
person 0.0038 0 205 32 342
person 0.0038 193 67 376 376
person 0.0037 12 279 252 376
person 0.0030 461 222 495 381
person 0.0020 13 203 100 295
person 0.0019 179 77 294 318
person 0.0017 23 319 160 378
person 0.0017 489 224 500 365
person 0.0015 265 107 475 379
person 0.0013 0 237 14 353
