bottle 0.7913 253 92 268 144
bottle 0.2893 231 96 247 143
bottle 0.0570 303 114 314 137
bottle 0.0465 208 98 224 140
bottle 0.0132 42 140 60 184
bottle 0.0080 115 142 132 191
bottle 0.0079 229 67 248 124
bottle 0.0076 254 85 266 106
bottle 0.0062 252 76 267 120
bottle 0.0062 265 87 283 131
bottle 0.0045 208 96 236 142
bottle 0.0033 232 84 259 136
bottle 0.0033 227 86 266 161
bottle 0.0030 26 143 42 182
bottle 0.0021 183 93 221 132
bottle 0.0017 230 83 246 106
bottle 0.0016 0 127 11 237
bottle 0.0011 196 99 217 140
bottle 0.0010 209 112 225 153
bottle 0.0010 178 95 242 161
bottle 0.0010 267 76 286 117
chair 0.1606 133 120 260 362
chair 0.0628 1 180 58 365
chair 0.0177 234 163 275 275
chair 0.0079 110 225 252 372
chair 0.0073 1 220 102 373
chair 0.0058 164 254 243 355
chair 0.0033 169 183 247 302
chair 0.0031 175 182 307 363
chair 0.0023 148 250 213 360
chair 0.0014 -2 293 64 373
chair 0.0011 251 165 319 267
chair 0.0011 220 204 271 338
diningtable 0.0161 7 179 175 377
diningtable 0.0042 3 140 107 362
diningtable 0.0010 255 114 328 195
person 0.8816 316 37 397 321
person 0.8628 115 92 249 351
person 0.0211 0 150 57 352
person 0.0152 33 112 235 371
person 0.0086 0 161 45 267
person 0.0061 13 85 172 296
person 0.0050 231 55 356 275
person 0.0046 4 109 42 212
person 0.0028 0 150 12 261
person 0.0026 332 48 466 326
person 0.0025 324 38 393 188
person 0.0022 -5 83 56 292
person 0.0013 439 22 498 294
person 0.0013 145 93 259 242
person 0.0012 2 66 33 200
person 0.0012 388 48 499 330
tvmonitor 0.0010 50 125 132 198
