car 0.9919 11 -10 491 328
car 0.5323 236 -3 502 147
car 0.3399 168 7 479 255
car 0.2958 27 5 330 262
car 0.1057 307 29 488 221
car 0.0968 62 124 513 350
car 0.0235 204 0 301 23
car 0.0150 183 -1 323 34
car 0.0138 40 -1 149 21
car 0.0102 241 0 320 26
car 0.0094 9 -1 179 34
car 0.0091 163 0 282 16
car 0.0083 12 0 109 21
car 0.0075 70 -2 181 12
car 0.0060 120 -1 248 13
car 0.0049 17 54 273 367
car 0.0027 77 2 269 34
car 0.0023 253 0 302 9
car 0.0021 -7 1 124 149
car 0.0018 153 -1 212 8
car 0.0017 378 49 497 263
car 0.0016 173 0 227 8
car 0.0016 269 0 364 17
car 0.0015 15 2 404 149
car 0.0015 -2 0 201 89
car 0.0013 0 54 39 145
car 0.0013 -6 0 64 19
car 0.0013 156 0 421 90
car 0.0012 252 0 400 36
car 0.0011 92 -1 156 9
car 0.0010 279 0 353 36
car 0.0010 197 0 246 9
car 0.0010 41 2 146 78
car 0.0010 153 3 249 35
person 0.0179 450 3 496 40
person 0.0056 483 1 500 43
person 0.0054 76 56 99 80
person 0.0035 414 0 476 35
person 0.0028 81 47 125 86
person 0.0022 277 -1 311 11
person 0.0019 70 47 104 86
person 0.0017 400 -1 490 47
person 0.0016 110 10 227 73
person 0.0015 112 42 133 92
person 0.0014 104 46 142 87
person 0.0014 281 0 372 25
person 0.0013 88 53 114 80
person 0.0013 391 -1 434 8
person 0.0012 146 11 270 69
person 0.0012 312 0 362 8
person 0.0012 292 0 342 10
person 0.0010 78 54 97 98
