chair 0.2297 299 103 419 264
chair 0.0105 228 121 438 298
chair 0.0022 139 232 287 364
chair 0.0016 323 162 405 269
chair 0.0013 80 188 278 357
diningtable 0.0118 3 143 125 349
person 0.8360 72 51 194 272
person 0.8078 305 62 426 244
person 0.1985 167 56 410 257
person 0.0518 67 112 270 309
person 0.0464 310 57 432 157
person 0.0068 303 56 372 138
person 0.0064 -2 51 129 328
person 0.0035 40 31 390 293
person 0.0031 392 81 501 232
person 0.0025 94 132 178 242
person 0.0022 -1 47 59 327
person 0.0018 316 100 409 214
person 0.0013 291 100 372 212
person 0.0010 113 92 462 330
tvmonitor 0.1319 0 46 108 160
tvmonitor 0.0517 317 47 414 111
tvmonitor 0.0296 1 52 57 161
tvmonitor 0.0154 284 27 453 132
tvmonitor 0.0093 331 53 391 95
tvmonitor 0.0031 350 43 457 106
tvmonitor 0.0028 377 54 432 95
tvmonitor 0.0018 8 38 178 175
tvmonitor 0.0017 302 45 372 117
tvmonitor 0.0011 0 99 43 149
tvmonitor 0.0010 3 79 45 130
