car 0.0026 402 0 497 90
car 0.0018 458 -3 501 90
car 0.0010 485 8 499 91
car 0.0010 408 0 478 26
chair 0.0229 403 295 475 371
chair 0.0036 416 309 463 355
chair 0.0014 356 294 461 369
person 0.8493 193 228 234 307
person 0.5430 338 228 372 308
person 0.4881 416 241 464 317
person 0.4583 298 230 342 310
person 0.3448 213 311 256 375
person 0.2648 274 241 312 318
person 0.2120 4 291 45 366
person 0.1086 303 230 338 278
person 0.0526 22 288 71 367
person 0.0432 34 293 54 352
person 0.0262 0 288 15 361
person 0.0231 12 295 35 352
person 0.0173 38 290 60 332
person 0.0165 207 230 231 281
person 0.0154 335 240 378 357
person 0.0132 471 298 499 374
person 0.0092 266 250 305 339
person 0.0092 316 228 353 278
person 0.0087 385 233 445 309
person 0.0086 184 239 224 288
person 0.0083 8 291 42 334
person 0.0074 263 253 292 310
person 0.0070 191 252 243 342
person 0.0063 469 231 499 375
person 0.0051 27 310 57 365
person 0.0042 229 231 274 317
person 0.0042 482 292 499 362
person 0.0041 1 295 28 354
person 0.0037 89 314 119 331
person 0.0034 197 330 251 375
person 0.0033 0 327 14 374
person 0.0032 157 218 268 336
person 0.0030 264 245 286 291
person 0.0030 488 229 499 361
person 0.0026 401 232 481 369
person 0.0025 329 237 348 293
person 0.0024 304 245 329 315
person 0.0024 420 268 459 324
person 0.0023 392 246 436 292
person 0.0022 37 308 54 335
person 0.0022 349 239 386 296
person 0.0021 308 228 333 254
person 0.0020 307 234 411 371
person 0.0019 426 253 447 304
person 0.0019 279 244 316 290
person 0.0018 80 315 101 331
person 0.0017 22 345 78 374
person 0.0016 437 254 458 304
person 0.0016 14 309 36 335
person 0.0015 237 245 270 301
person 0.0015 50 291 70 330
person 0.0014 280 232 368 367
person 0.0014 -5 166 56 378
person 0.0014 275 217 318 294
person 0.0013 0 313 18 339
person 0.0013 192 312 215 334
person 0.0012 0 323 17 350
person 0.0012 342 272 376 327
person 0.0012 196 279 234 322
person 0.0011 13 295 35 323
person 0.0011 480 321 500 378
person 0.0010 376 267 448 340
person 0.0010 386 -12 496 329
person 0.0010 205 246 227 311
person 0.0010 112 289 324 374
pottedplant 0.0027 0 210 43 342
pottedplant 0.0013 0 109 110 376
