bicycle 0.0250 61 245 187 422
bus 0.0454 58 170 188 355
bus 0.0074 11 152 226 288
bus 0.0010 17 155 130 338
motorbike 0.1899 70 233 208 420
person 0.8986 89 183 200 385
person 0.6314 16 229 44 322
person 0.5300 194 227 226 331
person 0.2934 248 220 278 308
person 0.2376 221 229 276 322
person 0.1485 0 243 6 308
person 0.0448 86 222 114 275
person 0.0381 -2 228 21 330
person 0.0358 32 232 65 319
person 0.0320 81 212 119 296
person 0.0286 38 236 57 293
person 0.0243 203 216 243 315
person 0.0100 260 227 278 292
person 0.0095 269 237 278 317
person 0.0089 0 245 14 307
person 0.0063 232 227 266 284
person 0.0054 86 197 144 303
person 0.0053 210 225 235 287
person 0.0052 21 234 48 291
person 0.0049 251 224 277 266
person 0.0047 207 240 234 316
person 0.0047 229 245 267 311
person 0.0040 0 200 6 288
person 0.0037 195 227 221 291
person 0.0035 184 221 264 346
person 0.0032 0 245 8 284
person 0.0028 20 234 36 316
person 0.0028 269 210 279 276
person 0.0023 0 220 6 406
person 0.0020 268 244 278 277
person 0.0018 1 236 24 292
person 0.0018 42 253 72 304
person 0.0017 149 0 264 125
person 0.0015 6 240 20 310
person 0.0014 254 228 270 294
person 0.0012 219 240 239 315
person 0.0010 209 220 234 258
