bus 0.6055 25 56 460 319
bus 0.0017 90 69 483 212
bus 0.0017 -2 69 41 186
chair 0.0021 95 222 404 370
chair 0.0020 52 274 294 376
chair 0.0018 107 329 227 377
chair 0.0014 176 295 247 371
person 0.6546 425 170 462 304
person 0.5077 357 161 395 285
person 0.2112 485 170 500 218
person 0.1155 372 185 412 300
person 0.0096 94 328 180 375
person 0.0081 464 175 482 217
person 0.0077 367 153 384 207
person 0.0069 349 137 396 245
person 0.0060 436 176 457 242
person 0.0044 293 110 311 166
person 0.0043 373 136 419 243
person 0.0029 369 161 389 226
person 0.0028 486 171 499 197
person 0.0027 428 203 461 276
person 0.0027 459 183 478 225
person 0.0025 0 38 12 149
person 0.0023 428 164 446 189
person 0.0020 366 125 383 176
person 0.0020 453 29 496 62
person 0.0018 0 50 34 157
person 0.0018 329 115 347 164
person 0.0017 402 151 474 299
person 0.0017 490 167 500 306
person 0.0016 337 116 392 205
person 0.0016 400 124 417 146
person 0.0016 274 131 306 177
person 0.0016 307 130 346 174
person 0.0015 391 115 406 163
person 0.0015 367 151 383 177
person 0.0015 392 124 407 148
person 0.0014 344 114 362 164
person 0.0014 361 167 438 313
person 0.0013 407 179 424 242
person 0.0012 298 115 356 194
person 0.0012 426 158 442 180
person 0.0011 400 124 416 178
person 0.0011 330 162 410 318
person 0.0011 421 221 469 311
person 0.0010 379 177 398 240
person 0.0010 45 327 151 376
train 0.9804 -17 61 441 368
train 0.1219 249 85 478 294
train 0.0171 302 134 431 307
train 0.0019 112 162 450 377
train 0.0013 164 74 486 206
