boat 0.0016 83 55 478 322
car 0.9556 106 134 396 352
car 0.9426 -3 185 167 246
car 0.0588 353 197 399 227
car 0.0248 332 125 355 141
car 0.0227 7 198 46 239
car 0.0186 0 162 267 281
car 0.0161 -1 198 10 246
car 0.0079 25 192 146 232
car 0.0075 1 199 27 246
car 0.0051 346 190 406 237
car 0.0045 62 117 299 322
car 0.0039 93 185 174 250
car 0.0028 366 123 393 142
car 0.0024 0 192 56 228
car 0.0018 0 207 14 239
car 0.0016 331 120 354 136
car 0.0015 34 195 144 270
car 0.0012 355 120 398 145
person 0.8564 95 -5 339 314
person 0.0200 135 4 413 205
person 0.0162 116 190 169 291
person 0.0043 111 282 163 374
person 0.0019 130 2 373 95
person 0.0018 197 1 372 37
person 0.0017 112 193 155 234
person 0.0012 224 2 350 27
pottedplant 0.0053 4 140 39 191
