bottle 0.0197 355 0 394 42
bottle 0.0051 369 -1 413 42
bottle 0.0038 403 116 426 158
bottle 0.0038 231 26 254 50
bottle 0.0030 448 127 464 169
bottle 0.0023 219 29 236 49
bottle 0.0023 343 0 377 42
bottle 0.0023 382 0 403 40
bottle 0.0015 221 34 232 59
bottle 0.0014 364 -1 393 14
bottle 0.0013 405 136 423 161
bottle 0.0012 363 6 387 35
bottle 0.0010 419 18 439 83
chair 0.0030 470 228 500 379
person 0.9080 175 229 389 379
person 0.6572 318 165 492 374
person 0.2683 38 242 221 374
person 0.0139 323 166 416 258
person 0.0121 25 6 86 70
person 0.0095 466 181 499 365
person 0.0092 68 4 127 76
person 0.0078 31 16 72 63
person 0.0058 442 149 496 355
person 0.0049 307 163 359 198
person 0.0047 400 115 429 159
person 0.0041 296 160 365 229
person 0.0030 488 76 500 196
person 0.0030 381 105 434 168
person 0.0029 471 58 498 203
person 0.0025 334 229 402 312
person 0.0022 378 0 429 37
person 0.0021 441 0 502 93
person 0.0021 91 263 336 379
person 0.0018 327 147 468 298
person 0.0014 413 0 471 87
person 0.0014 164 96 195 143
person 0.0013 485 64 500 151
person 0.0012 412 -1 447 42
person 0.0011 288 73 431 185
person 0.0010 40 193 307 363
person 0.0010 231 126 248 146
tvmonitor 0.0079 50 175 142 256
tvmonitor 0.0034 36 127 153 302
