bus 0.9971 41 0 453 276
bus 0.2558 47 24 318 213
bus 0.0733 218 29 506 297
bus 0.0370 372 36 506 289
bus 0.0200 452 39 499 286
bus 0.0081 0 100 14 139
bus 0.0036 86 127 417 285
bus 0.0028 356 128 471 272
bus 0.0015 0 109 12 157
car 0.0295 34 110 54 132
car 0.0207 1 140 17 158
car 0.0112 18 142 32 158
car 0.0031 36 123 54 137
car 0.0030 0 110 17 132
car 0.0029 0 124 14 140
car 0.0013 63 112 77 133
car 0.0013 36 100 55 119
car 0.0011 23 125 40 140
person 0.9548 391 156 442 280
person 0.1976 0 147 10 190
person 0.1458 21 146 34 166
person 0.1027 2 146 14 169
person 0.0857 189 96 236 131
person 0.0791 35 142 47 180
person 0.0526 21 150 40 184
person 0.0514 460 155 495 273
person 0.0315 175 90 245 143
person 0.0246 0 142 8 219
person 0.0153 55 140 72 198
person 0.0125 1 155 12 180
person 0.0123 223 93 270 128
person 0.0104 189 113 238 149
person 0.0055 0 130 12 167
person 0.0046 214 85 280 144
person 0.0040 81 147 115 187
person 0.0039 410 0 449 9
person 0.0035 374 1 400 15
person 0.0034 485 167 500 275
person 0.0033 464 0 499 128
person 0.0032 486 15 497 123
person 0.0027 99 161 122 184
person 0.0025 448 127 501 298
person 0.0024 314 0 354 35
person 0.0022 406 150 453 244
person 0.0020 404 0 432 9
person 0.0018 413 186 446 242
person 0.0017 466 78 498 250
person 0.0017 133 198 149 269
person 0.0015 432 0 471 8
person 0.0015 215 101 282 167
person 0.0015 117 75 135 94
person 0.0015 0 142 24 175
person 0.0014 11 143 41 176
person 0.0014 18 135 34 163
person 0.0013 44 114 72 216
person 0.0013 36 126 51 171
person 0.0013 156 95 199 126
person 0.0012 441 197 463 245
person 0.0012 159 72 176 118
person 0.0011 224 115 276 149
person 0.0011 78 149 92 189
person 0.0011 457 20 494 65
person 0.0011 0 262 51 326
person 0.0010 156 116 196 151
tvmonitor 0.0021 91 156 126 187
