bottle 0.0013 452 53 492 99
car 0.0506 386 -2 506 90
car 0.0068 444 14 498 114
car 0.0021 330 -2 480 42
car 0.0016 484 36 500 92
car 0.0011 351 -1 463 79
car 0.0011 303 -1 500 147
car 0.0010 407 0 489 29
chair 0.0148 -3 30 116 283
chair 0.0017 69 208 419 376
chair 0.0016 -1 25 58 287
diningtable 0.0768 -2 4 187 195
diningtable 0.0020 11 2 110 75
person 0.9831 69 35 510 398
person 0.5194 218 -30 497 348
person 0.0124 57 161 435 370
person 0.0055 53 218 301 379
person 0.0050 -3 3 351 371
person 0.0024 377 10 498 362
person 0.0023 220 159 499 368
person 0.0017 387 6 497 200
person 0.0015 486 17 500 85
person 0.0014 442 10 498 359
person 0.0011 291 6 499 261
