aeroplane 0.9503 45 142 526 286
aeroplane 0.0344 0 109 357 276
aeroplane 0.0017 196 154 301 223
aeroplane 0.0010 0 181 498 354
car 0.0121 0 175 22 192
car 0.0097 -1 179 27 213
car 0.0026 -1 246 30 284
car 0.0020 33 179 80 210
car 0.0017 -3 171 28 199
car 0.0014 113 181 175 207
car 0.0011 0 230 19 298
car 0.0011 0 222 34 316
motorbike 0.0048 421 321 470 355
motorbike 0.0014 402 312 475 359
person 0.3779 -1 181 20 243
person 0.1568 76 182 97 237
person 0.0825 209 235 231 278
person 0.0444 97 180 113 203
person 0.0166 41 183 62 209
person 0.0143 52 180 72 233
person 0.0132 94 183 111 228
person 0.0094 0 192 16 275
person 0.0074 0 192 30 285
person 0.0067 412 318 461 355
person 0.0066 63 178 112 242
person 0.0065 22 181 38 203
person 0.0060 226 235 244 274
person 0.0051 76 195 97 221
person 0.0050 38 178 83 210
person 0.0050 97 196 112 219
person 0.0046 50 181 72 206
person 0.0037 -2 176 25 214
person 0.0036 0 192 20 218
person 0.0031 307 201 326 219
person 0.0027 84 180 122 209
person 0.0027 44 192 62 214
person 0.0027 76 183 99 204
person 0.0027 65 180 109 213
person 0.0025 111 183 132 201
person 0.0019 240 128 313 194
person 0.0018 239 161 289 192
person 0.0018 93 197 109 242
person 0.0017 212 234 230 251
person 0.0016 53 194 71 218
person 0.0015 118 60 448 264
person 0.0015 126 184 153 201
person 0.0014 341 199 359 221
person 0.0014 43 185 82 235
person 0.0014 229 232 247 249
person 0.0014 232 153 325 225
person 0.0013 309 186 325 205
person 0.0013 169 201 196 217
person 0.0012 0 209 19 239
person 0.0012 219 241 250 283
person 0.0012 34 176 91 246
person 0.0012 197 243 214 284
person 0.0011 -1 210 25 261
person 0.0011 191 182 215 204
person 0.0011 226 252 245 279
person 0.0010 95 178 112 194
person 0.0010 313 245 331 265
person 0.0010 343 189 357 207
person 0.0010 0 165 18 203
