bottle 0.0104 468 179 499 318
bottle 0.0010 468 121 500 254
car 0.0023 -28 158 450 375
diningtable 0.0029 -16 221 440 371
person 0.6099 -5 60 430 377
person 0.0221 68 30 358 295
person 0.0125 158 11 498 364
person 0.0042 16 43 249 339
person 0.0036 435 43 499 106
person 0.0027 444 52 494 92
person 0.0023 303 31 492 345
person 0.0019 384 23 498 298
person 0.0018 0 49 48 377
person 0.0014 20 0 103 27
person 0.0012 16 77 81 179
person 0.0010 -2 25 119 352
person 0.0010 225 50 275 90
tvmonitor 0.0139 222 29 418 178
tvmonitor 0.0034 278 42 359 109
tvmonitor 0.0026 271 56 367 137
tvmonitor 0.0018 243 53 337 141
