cat 0.0326 108 10 470 255
chair 0.0174 31 103 234 327
chair 0.0043 1 184 196 357
chair 0.0038 64 79 353 354
chair 0.0031 -1 175 30 319
diningtable 0.0012 44 121 453 362
person 0.1624 147 14 266 181
person 0.0979 123 9 288 252
person 0.0475 53 11 220 191
person 0.0162 59 42 358 326
person 0.0131 151 64 501 368
person 0.0088 164 9 320 145
person 0.0074 170 17 252 129
person 0.0059 146 46 212 150
person 0.0023 122 11 457 198
person 0.0018 -1 152 32 283
person 0.0012 -2 55 49 320
person 0.0010 442 0 502 91
sofa 0.1404 73 11 507 303
