bicycle 0.2999 243 22 306 68
bicycle 0.0235 49 83 379 494
bicycle 0.0101 212 32 262 72
bicycle 0.0087 206 17 297 75
bicycle 0.0072 250 37 311 80
bicycle 0.0052 203 40 243 80
bicycle 0.0051 273 28 313 68
bicycle 0.0035 -2 209 20 370
bicycle 0.0020 228 38 276 81
bicycle 0.0017 190 21 230 70
bicycle 0.0014 286 34 323 69
bicycle 0.0011 183 45 257 135
bottle 0.0096 -3 2 84 186
bottle 0.0010 0 85 9 200
horse 0.0015 90 91 281 405
horse 0.0011 28 158 288 499
motorbike 0.0418 102 105 388 476
motorbike 0.0285 47 228 328 489
motorbike 0.0016 22 89 237 480
motorbike 0.0012 -3 78 145 485
motorbike 0.0011 220 140 368 433
motorbike 0.0010 75 367 296 498
person 0.9296 95 18 238 330
person 0.4153 256 1 292 67
person 0.0367 142 46 288 307
person 0.0367 195 87 343 345
person 0.0134 232 241 248 279
person 0.0117 211 -2 288 66
person 0.0103 0 49 138 447
person 0.0065 -1 252 24 478
person 0.0050 184 9 251 91
person 0.0047 59 91 260 402
person 0.0045 186 116 253 223
person 0.0042 246 223 261 286
person 0.0034 150 3 226 102
person 0.0033 105 15 259 186
person 0.0031 225 4 275 52
person 0.0028 133 3 165 48
person 0.0027 9 19 191 334
person 0.0026 -1 -2 93 361
person 0.0022 228 224 256 279
person 0.0021 187 92 254 178
person 0.0020 238 228 266 282
person 0.0019 221 136 258 189
person 0.0014 189 2 225 53
person 0.0012 275 5 310 54
person 0.0011 260 -1 296 35
person 0.0010 198 4 243 51
pottedplant 0.0175 92 82 120 134
pottedplant 0.0063 88 96 122 151
pottedplant 0.0036 80 80 128 167
pottedplant 0.0031 94 78 115 101
pottedplant 0.0027 216 113 266 156
pottedplant 0.0022 213 100 261 143
pottedplant 0.0019 225 126 273 163
pottedplant 0.0015 204 99 278 173
pottedplant 0.0014 90 69 120 111
pottedplant 0.0014 0 317 31 488
