car 0.0012 55 245 448 347
motorbike 0.0028 309 179 492 315
person 0.1996 301 13 366 113
person 0.1867 256 23 391 216
person 0.1554 477 195 494 263
person 0.1489 28 222 39 242
person 0.0823 463 193 497 264
person 0.0779 165 137 186 185
person 0.0530 164 128 191 173
person 0.0391 169 125 188 152
person 0.0365 159 132 175 168
person 0.0198 135 137 149 162
person 0.0195 425 194 447 235
person 0.0184 161 140 178 180
person 0.0182 166 135 186 161
person 0.0177 466 191 488 241
person 0.0149 422 186 463 260
person 0.0149 463 214 483 269
person 0.0146 153 130 184 170
person 0.0124 194 125 215 146
person 0.0102 158 127 172 152
person 0.0097 171 114 188 138
person 0.0075 135 130 152 150
person 0.0071 184 107 222 141
person 0.0061 165 147 193 202
person 0.0056 196 114 216 139
person 0.0047 487 209 499 294
person 0.0041 127 134 160 168
person 0.0039 168 109 201 144
person 0.0039 425 182 455 224
person 0.0039 478 184 493 230
person 0.0038 184 121 221 151
person 0.0037 184 130 221 170
person 0.0032 152 127 198 211
person 0.0032 161 116 175 136
person 0.0031 33 221 49 240
person 0.0030 309 19 353 59
person 0.0029 1 221 15 237
person 0.0028 206 105 224 140
person 0.0027 159 144 176 206
person 0.0026 0 206 11 251
person 0.0024 120 140 138 159
person 0.0023 173 104 193 122
person 0.0021 191 140 210 182
person 0.0021 155 157 173 222
person 0.0021 133 139 149 181
person 0.0020 474 202 494 228
person 0.0019 479 214 496 242
person 0.0014 154 116 205 179
person 0.0013 189 137 213 158
person 0.0013 465 193 486 219
person 0.0013 459 227 479 274
person 0.0013 0 231 9 307
person 0.0011 464 184 496 225
person 0.0011 62 207 76 249
person 0.0011 0 213 9 269
person 0.0011 482 225 499 257
person 0.0011 452 220 500 323
person 0.0010 203 125 224 145
person 0.0010 118 130 138 149
train 0.9696 113 70 464 323
train 0.8465 164 28 417 262
train 0.1334 60 100 303 291
train 0.0022 298 132 502 311
train 0.0016 175 127 246 206
train 0.0012 173 108 234 179
train 0.0012 284 39 416 247
train 0.0011 58 32 367 212
