boat 0.0018 97 239 482 355
bottle 0.0012 44 146 57 161
car 0.0166 0 177 16 205
car 0.0057 446 108 498 137
car 0.0038 -1 171 23 209
car 0.0014 451 115 486 130
person 0.2633 21 164 40 205
person 0.2468 0 170 13 211
person 0.1648 41 162 59 205
person 0.0247 489 149 500 240
person 0.0222 4 166 39 205
person 0.0193 0 155 12 255
person 0.0106 54 165 71 201
person 0.0078 0 138 12 198
person 0.0052 30 168 63 209
person 0.0043 58 172 77 210
person 0.0034 489 106 500 199
person 0.0034 0 163 23 205
person 0.0026 486 153 500 176
person 0.0014 487 167 501 190
person 0.0012 485 196 499 253
train 0.9606 25 71 477 297
train 0.2753 161 86 474 243
train 0.1887 379 120 494 250
train 0.1182 45 56 380 220
train 0.0163 291 108 506 229
train 0.0066 40 65 246 261
train 0.0066 374 132 435 235
train 0.0051 456 107 499 216
train 0.0039 29 127 321 288
train 0.0028 413 147 491 180
train 0.0024 448 146 499 183
train 0.0016 93 174 173 253
train 0.0012 391 140 426 193
train 0.0011 420 178 481 212
train 0.0011 450 160 499 201
train 0.0010 437 108 506 261
train 0.0010 413 163 491 199
train 0.0010 470 142 502 189
