chair 0.0014 20 141 334 334
chair 0.0013 38 29 320 265
diningtable 0.0015 310 151 502 335
person 0.4338 122 69 362 322
person 0.0100 4 9 183 324
person 0.0068 63 28 426 264
person 0.0046 217 155 296 226
person 0.0042 469 204 501 329
person 0.0041 382 0 497 283
person 0.0020 440 14 500 267
person 0.0018 487 238 499 335
person 0.0011 1 43 54 338
person 0.0010 486 126 500 294
tvmonitor 0.0401 373 6 501 175
tvmonitor 0.0026 22 4 100 68
tvmonitor 0.0021 401 47 478 128
tvmonitor 0.0014 453 84 497 199
