car 0.6806 2 113 95 170
car 0.0039 0 121 13 173
car 0.0026 0 116 50 159
horse 0.6209 330 114 484 243
horse 0.1725 260 106 385 226
horse 0.1501 259 96 328 214
horse 0.0034 328 118 404 241
person 0.7286 276 90 321 164
person 0.6959 210 111 247 207
person 0.0975 286 91 318 131
person 0.0731 290 92 341 164
person 0.0063 289 95 312 171
person 0.0056 482 152 499 177
person 0.0052 0 113 14 166
person 0.0047 487 134 499 192
person 0.0043 292 96 325 145
person 0.0035 265 87 297 131
person 0.0016 171 104 194 168
person 0.0015 373 103 435 168
person 0.0014 381 113 425 155
person 0.0013 231 117 251 186
person 0.0012 411 98 473 170
person 0.0010 330 101 391 168
person 0.0010 339 110 384 155
pottedplant 0.0017 453 2 504 83
