car 0.0086 0 80 182 417
car 0.0045 14 106 64 146
car 0.0012 0 106 31 156
chair 0.0015 211 303 326 497
person 0.7959 115 23 332 466
person 0.5261 -25 59 306 517
person 0.0136 4 319 132 499
person 0.0111 5 58 71 142
person 0.0068 272 37 322 143
person 0.0068 1 96 185 474
person 0.0047 140 0 338 290
person 0.0037 297 36 332 151
person 0.0024 248 26 332 471
person 0.0022 151 115 188 165
person 0.0022 0 18 78 163
person 0.0020 -19 309 246 500
person 0.0017 -16 18 296 252
person 0.0014 17 79 62 127
person 0.0014 144 104 196 178
person 0.0012 252 15 335 165
tvmonitor 0.0055 11 18 166 166
tvmonitor 0.0013 0 68 138 367
tvmonitor 0.0011 39 49 137 137
