car 0.0143 358 266 427 289
car 0.0112 -3 235 43 263
car 0.0082 7 244 50 259
car 0.0032 0 242 25 259
car 0.0026 16 244 80 265
car 0.0022 24 246 60 261
car 0.0010 31 234 89 271
dog 0.0016 178 308 215 336
dog 0.0013 151 315 209 341
person 0.9048 137 93 219 335
person 0.6144 284 140 357 330
person 0.5463 38 141 90 280
person 0.2079 411 108 498 371
person 0.0080 0 154 11 265
person 0.0074 482 100 499 169
person 0.0056 59 156 115 271
person 0.0055 468 103 499 152
person 0.0050 464 91 499 226
person 0.0027 489 77 499 251
person 0.0024 229 113 369 337
person 0.0017 342 82 479 304
person 0.0013 1 158 39 267
