bottle 0.0155 80 231 132 269
bottle 0.0070 99 231 160 265
bottle 0.0063 69 234 267 369
bottle 0.0057 66 221 111 258
bottle 0.0057 62 232 114 270
bottle 0.0048 85 215 175 277
bottle 0.0046 214 294 276 370
bottle 0.0043 137 247 184 286
bottle 0.0042 119 237 222 306
bottle 0.0035 55 247 119 282
bottle 0.0030 0 239 13 324
bottle 0.0025 121 211 216 282
bottle 0.0022 386 184 407 206
bottle 0.0020 89 241 180 302
bottle 0.0020 105 250 164 286
bottle 0.0018 205 347 289 373
bottle 0.0017 55 218 140 278
bottle 0.0016 219 315 258 361
bottle 0.0015 94 216 119 260
bottle 0.0015 162 234 253 307
bottle 0.0015 42 241 145 306
bottle 0.0015 150 249 207 286
bottle 0.0014 137 231 201 267
bottle 0.0014 182 228 238 264
bottle 0.0013 93 218 146 255
bottle 0.0013 150 243 171 290
bottle 0.0012 18 239 157 372
bottle 0.0011 177 254 239 289
bottle 0.0011 86 182 184 248
bottle 0.0011 78 217 99 260
bottle 0.0010 109 287 228 372
bus 0.0012 0 21 131 289
chair 0.1467 381 196 497 356
chair 0.0111 354 165 467 341
chair 0.0082 457 207 501 343
chair 0.0040 360 181 435 259
chair 0.0018 99 78 156 176
chair 0.0011 348 169 405 267
diningtable 0.0067 48 275 286 370
diningtable 0.0015 167 336 328 374
person 0.9571 74 63 361 376
person 0.0058 188 70 362 317
person 0.0037 136 162 424 367
person 0.0023 11 39 262 338
person 0.0014 29 85 75 124
tvmonitor 0.0667 370 82 460 169
tvmonitor 0.0475 370 52 492 208
tvmonitor 0.0324 -2 24 128 231
tvmonitor 0.0037 15 78 93 172
tvmonitor 0.0018 23 21 169 182
tvmonitor 0.0012 407 104 453 147
tvmonitor 0.0011 6 14 183 296
tvmonitor 0.0010 66 75 133 173
