car 0.0294 25 0 78 29
car 0.0236 96 1 166 32
car 0.0204 68 0 124 30
car 0.0186 146 0 210 29
car 0.0163 78 -5 186 45
car 0.0144 2 0 54 22
car 0.0107 11 1 44 17
car 0.0088 127 -2 230 43
car 0.0059 169 0 239 29
car 0.0033 52 -5 145 41
car 0.0019 14 -5 92 39
car 0.0019 29 0 60 15
car 0.0016 41 2 85 40
car 0.0016 119 11 231 62
car 0.0011 -3 -5 57 43
car 0.0011 51 0 80 12
car 0.0010 141 25 209 57
chair 0.0077 73 24 122 52
chair 0.0031 86 8 177 63
chair 0.0025 101 22 164 57
chair 0.0016 81 31 127 61
chair 0.0012 75 38 103 55
chair 0.0011 59 11 140 64
motorbike 0.7341 146 126 364 357
motorbike 0.0978 101 170 258 371
motorbike 0.0029 213 77 415 354
motorbike 0.0017 48 79 319 362
person 0.9490 177 -5 346 322
person 0.0039 226 12 402 307
pottedplant 0.0543 0 48 182 151
pottedplant 0.0210 2 6 21 28
pottedplant 0.0180 5 0 50 36
pottedplant 0.0064 24 0 63 42
pottedplant 0.0063 13 5 36 27
pottedplant 0.0057 -2 2 30 34
pottedplant 0.0049 -6 16 130 139
pottedplant 0.0041 29 43 157 110
pottedplant 0.0038 9 10 48 56
pottedplant 0.0034 81 0 129 43
pottedplant 0.0032 90 27 113 48
pottedplant 0.0029 15 58 111 136
pottedplant 0.0021 1 2 26 19
pottedplant 0.0020 35 6 58 30
pottedplant 0.0019 33 20 78 55
pottedplant 0.0014 448 1 500 37
pottedplant 0.0014 93 13 117 34
pottedplant 0.0013 63 2 114 42
pottedplant 0.0013 78 30 104 49
pottedplant 0.0013 0 6 15 62
pottedplant 0.0012 440 -8 505 50
pottedplant 0.0012 88 0 117 13
pottedplant 0.0010 59 53 131 85
