bottle 0.0285 133 39 151 84
bottle 0.0077 133 55 151 98
bottle 0.0033 124 84 163 128
bottle 0.0029 126 74 162 114
bottle 0.0028 100 53 180 142
bottle 0.0019 107 73 149 111
bottle 0.0018 129 80 149 132
bottle 0.0014 119 45 158 88
chair 0.0084 0 56 34 200
chair 0.0081 232 40 345 162
chair 0.0046 69 221 423 374
chair 0.0040 232 47 424 219
chair 0.0037 -1 -8 56 200
chair 0.0017 16 48 85 147
chair 0.0017 3 24 113 231
chair 0.0014 237 27 323 124
chair 0.0012 102 36 228 176
person 0.9525 261 42 489 391
person 0.8492 35 30 214 226
person 0.7829 19 45 248 389
person 0.0188 31 179 300 363
person 0.0164 52 17 366 350
person 0.0094 372 36 497 395
person 0.0094 133 34 151 75
person 0.0059 457 20 499 133
person 0.0053 -2 0 45 38
person 0.0053 9 -3 90 48
person 0.0047 298 28 499 252
person 0.0046 486 29 499 128
person 0.0043 2 36 116 399
person 0.0034 444 27 498 346
person 0.0033 0 69 11 235
person 0.0025 0 28 50 343
person 0.0023 -3 77 31 232
person 0.0020 118 108 467 380
person 0.0019 457 55 499 202
person 0.0017 0 -1 15 42
person 0.0016 -4 -15 65 166
person 0.0014 108 29 295 235
person 0.0011 489 37 500 176
person 0.0010 111 31 156 66
sofa 0.0076 22 222 388 373
sofa 0.0011 227 16 338 139
tvmonitor 0.0060 129 51 214 142
tvmonitor 0.0029 276 59 368 137
tvmonitor 0.0017 278 82 360 173
tvmonitor 0.0012 237 41 409 164
