car 0.0543 441 265 503 355
car 0.0017 402 268 495 341
chair 0.0042 -1 231 43 367
cow 0.8257 31 147 300 357
cow 0.3724 133 165 370 333
cow 0.2529 278 184 391 311
cow 0.0432 31 127 172 370
cow 0.0331 251 199 407 350
cow 0.0124 214 167 299 254
cow 0.0102 195 226 377 371
cow 0.0076 80 224 335 373
cow 0.0057 247 175 319 254
cow 0.0048 148 121 349 271
cow 0.0035 61 84 360 299
cow 0.0031 237 236 339 317
cow 0.0021 303 187 370 235
cow 0.0014 210 229 297 318
cow 0.0014 242 200 331 288
cow 0.0012 305 218 366 268
cow 0.0010 130 191 210 295
horse 0.0055 33 162 166 378
horse 0.0050 69 224 276 371
horse 0.0017 8 224 108 373
motorbike 0.0021 437 194 502 362
person 0.7931 64 52 119 160
person 0.3770 335 202 389 300
person 0.1663 346 225 396 315
person 0.1562 300 179 378 257
person 0.0458 61 19 198 184
person 0.0397 61 41 137 206
person 0.0344 276 173 394 278
person 0.0177 16 126 88 369
person 0.0150 353 239 392 296
person 0.0137 309 187 402 309
person 0.0099 33 121 82 194
person 0.0091 346 220 386 278
person 0.0076 298 233 371 316
person 0.0066 1 124 57 370
person 0.0061 45 30 371 294
person 0.0061 361 227 394 281
person 0.0058 336 268 412 336
person 0.0054 57 116 134 192
person 0.0046 89 55 165 151
person 0.0040 32 42 163 337
person 0.0031 31 128 78 242
person 0.0030 69 72 112 130
person 0.0029 446 228 498 327
person 0.0023 360 232 420 316
person 0.0018 453 202 498 295
person 0.0013 29 166 80 323
person 0.0012 0 157 9 317
person 0.0011 339 257 374 306
person 0.0011 70 96 117 156
person 0.0010 456 254 496 295
person 0.0010 360 259 399 299
person 0.0010 0 125 43 256
