bottle 0.0030 255 119 276 165
car 0.0485 114 103 154 132
car 0.0156 95 103 136 136
car 0.0057 114 110 145 125
car 0.0030 104 88 166 142
car 0.0021 88 88 144 144
car 0.0020 90 102 121 141
car 0.0014 107 103 130 122
car 0.0012 107 109 132 128
horse 0.0024 43 184 274 426
person 0.9523 81 54 290 389
person 0.0540 19 67 216 430
person 0.0339 63 14 90 60
person 0.0154 59 12 96 82
person 0.0131 65 7 99 154
person 0.0099 314 36 324 111
person 0.0050 48 8 84 48
person 0.0041 317 53 323 193
person 0.0036 37 -2 98 171
person 0.0034 0 -23 77 388
person 0.0017 305 20 323 144
person 0.0014 54 4 104 55
