bottle 0.0616 82 244 132 267
bottle 0.0155 53 232 145 272
bottle 0.0080 59 249 135 274
bottle 0.0026 30 249 101 274
bottle 0.0026 39 244 156 284
bottle 0.0025 100 238 160 264
bottle 0.0015 93 247 118 276
bottle 0.0013 27 240 96 266
car 0.6134 416 42 492 99
car 0.1118 436 46 498 82
car 0.0769 479 50 497 76
car 0.0247 474 45 500 82
car 0.0145 487 47 499 104
car 0.0123 420 40 492 67
car 0.0037 459 41 488 60
car 0.0031 460 52 490 71
car 0.0024 410 45 459 89
car 0.0014 485 61 500 88
car 0.0013 382 55 422 94
car 0.0010 462 43 487 84
dog 0.6774 135 171 184 225
dog 0.0132 120 181 171 228
dog 0.0126 154 176 199 214
dog 0.0065 138 171 183 199
dog 0.0047 72 151 206 272
dog 0.0024 155 168 201 198
dog 0.0024 105 186 151 227
dog 0.0022 148 179 177 202
dog 0.0010 148 178 174 229
person 0.9669 205 10 311 241
person 0.0046 480 42 494 65
person 0.0021 231 198 273 235
person 0.0018 483 36 496 72
person 0.0010 298 1 352 69
