aeroplane 0.9322 187 99 304 148
aeroplane 0.3829 174 79 317 169
aeroplane 0.0531 179 112 261 142
aeroplane 0.0305 157 118 287 146
aeroplane 0.0264 226 116 321 144
aeroplane 0.0201 262 118 327 140
aeroplane 0.0165 169 119 239 143
aeroplane 0.0082 280 123 317 136
aeroplane 0.0047 266 103 323 134
aeroplane 0.0038 214 132 286 156
aeroplane 0.0026 250 110 313 140
aeroplane 0.0025 234 143 282 171
aeroplane 0.0021 298 123 327 137
aeroplane 0.0019 180 125 223 140
aeroplane 0.0018 182 132 252 154
aeroplane 0.0010 180 118 316 164
aeroplane 0.0010 283 110 312 127
car 0.9899 327 188 404 221
car 0.8957 224 180 270 194
car 0.6781 481 196 498 226
car 0.0934 475 184 498 223
car 0.0366 485 196 499 250
car 0.0353 323 188 363 216
car 0.0304 237 178 311 198
car 0.0250 328 190 347 212
car 0.0208 423 201 484 223
car 0.0202 365 189 409 215
car 0.0146 338 190 369 209
car 0.0135 378 191 406 210
car 0.0133 227 182 281 205
car 0.0128 258 183 292 195
car 0.0124 356 189 393 207
car 0.0118 486 160 499 216
car 0.0113 420 191 484 211
car 0.0097 457 198 499 223
car 0.0092 434 194 469 206
car 0.0073 400 200 468 221
car 0.0071 414 195 449 205
car 0.0070 383 199 407 217
car 0.0068 483 208 499 234
car 0.0067 240 184 312 207
car 0.0062 230 175 257 197
car 0.0058 460 192 486 206
car 0.0058 214 180 239 192
car 0.0052 211 171 293 200
car 0.0050 159 158 176 167
car 0.0049 268 186 328 208
car 0.0044 359 185 390 219
car 0.0043 243 186 274 200
car 0.0041 398 192 467 210
car 0.0037 474 205 499 247
car 0.0036 432 204 472 218
car 0.0032 484 178 499 199
car 0.0031 455 190 496 216
car 0.0030 283 183 313 195
car 0.0030 242 170 276 180
car 0.0030 190 173 249 193
car 0.0029 244 152 274 167
car 0.0029 222 170 260 181
car 0.0028 282 189 315 203
car 0.0027 216 166 270 188
car 0.0025 304 190 331 204
car 0.0023 397 193 422 205
car 0.0023 413 205 450 217
car 0.0020 397 204 421 217
car 0.0020 474 166 500 212
car 0.0020 332 178 394 203
car 0.0018 460 201 487 219
car 0.0017 166 180 193 193
car 0.0016 242 175 268 198
car 0.0016 225 186 260 199
car 0.0015 334 199 367 218
car 0.0015 257 188 294 202
car 0.0015 293 188 345 211
car 0.0013 136 174 156 191
car 0.0013 327 197 350 218
car 0.0013 300 185 331 195
car 0.0012 225 153 256 165
car 0.0012 266 177 330 199
car 0.0010 473 184 500 271
car 0.0010 426 209 480 239
person 0.0100 91 148 109 165
person 0.0054 90 148 112 195
person 0.0035 487 189 500 288
person 0.0011 83 157 121 193
person 0.0010 488 129 500 217
train 0.0012 1 125 422 340
