bus 0.9992 65 40 431 334
bus 0.0119 250 82 464 342
bus 0.0104 86 168 404 359
bus 0.0098 29 32 255 284
person 0.7760 435 160 497 353
person 0.0299 179 136 237 170
person 0.0207 165 121 249 188
person 0.0205 223 135 275 171
person 0.0092 208 120 285 188
person 0.0090 444 165 498 271
person 0.0083 115 162 162 198
person 0.0060 151 138 200 176
person 0.0050 139 124 211 191
person 0.0050 175 146 223 180
person 0.0037 136 161 184 195
person 0.0031 216 115 264 155
person 0.0030 164 144 206 184
person 0.0024 488 93 499 181
person 0.0024 188 115 234 155
person 0.0021 144 142 179 189
person 0.0021 490 175 499 356
person 0.0019 175 102 247 169
person 0.0015 131 168 156 193
person 0.0012 122 145 161 191
person 0.0011 266 135 306 174
person 0.0010 213 99 280 169
pottedplant 0.0106 108 165 148 197
train 0.0021 395 86 504 358
tvmonitor 0.0013 -3 35 109 279
