bottle 0.0018 326 195 340 248
bottle 0.0014 322 184 337 232
bottle 0.0013 150 78 202 112
bus 0.0019 60 79 113 110
bus 0.0011 52 43 131 113
car 0.0020 459 217 500 331
chair 0.0134 402 46 496 272
chair 0.0072 439 107 499 209
chair 0.0022 0 123 10 205
chair 0.0013 -1 113 32 199
chair 0.0013 411 74 470 185
chair 0.0010 446 203 501 295
person 0.7966 93 106 398 374
person 0.2151 1 160 130 379
person 0.0512 -2 164 278 377
person 0.0316 55 71 307 321
person 0.0251 186 171 467 374
person 0.0123 220 35 287 115
person 0.0110 209 88 286 179
person 0.0108 195 36 453 343
person 0.0085 228 7 336 142
person 0.0084 418 218 471 335
person 0.0075 162 70 339 253
person 0.0050 187 18 321 186
person 0.0049 455 230 498 378
person 0.0046 407 224 493 379
person 0.0043 251 0 316 82
person 0.0035 0 3 14 67
person 0.0033 95 6 149 82
person 0.0031 -1 -1 37 90
person 0.0028 0 112 13 193
person 0.0025 330 353 405 377
person 0.0025 410 54 460 147
person 0.0024 383 21 421 125
person 0.0022 -7 85 192 355
person 0.0022 0 63 11 123
person 0.0021 8 274 335 379
person 0.0020 1 16 32 65
person 0.0020 377 231 444 319
person 0.0018 0 74 13 170
person 0.0017 295 7 414 196
person 0.0017 102 0 149 40
person 0.0017 -1 127 61 368
person 0.0016 27 1 83 38
person 0.0015 -1 29 38 119
person 0.0015 335 224 479 378
person 0.0015 0 0 38 41
person 0.0015 388 46 418 102
person 0.0014 276 147 453 343
person 0.0014 224 3 287 88
person 0.0013 316 26 401 115
person 0.0012 392 41 431 159
person 0.0011 85 335 261 376
person 0.0010 265 1 310 39
person 0.0010 18 4 95 82
