bicycle 0.0052 0 279 10 306
bicycle 0.0016 3 263 28 303
bicycle 0.0013 13 337 56 379
bus 0.9064 100 187 292 339
car 0.6869 71 273 90 293
car 0.0149 63 274 83 290
car 0.0041 301 233 332 272
car 0.0033 0 270 12 297
car 0.0030 85 273 103 288
car 0.0020 319 226 332 248
car 0.0018 7 270 29 288
car 0.0018 20 272 38 289
person 0.0044 124 284 135 319
person 0.0041 122 182 171 225
person 0.0034 0 269 8 317
person 0.0025 280 243 294 266
person 0.0020 180 300 203 352
person 0.0020 178 248 190 269
person 0.0014 183 288 209 344
person 0.0013 324 262 332 330
