bottle 0.0101 182 160 250 264
bottle 0.0050 195 184 236 233
bottle 0.0019 208 161 279 256
bottle 0.0016 180 200 249 295
bottle 0.0014 198 180 248 218
bottle 0.0012 221 183 267 228
cat 0.0011 4 357 312 511
chair 0.0066 291 239 374 488
diningtable 0.0435 -27 255 343 474
dog 0.0028 -2 261 209 463
dog 0.0010 -2 241 94 486
person 0.9791 21 90 350 415
person 0.1017 5 241 367 490
person 0.0233 170 77 373 426
person 0.0174 286 82 375 496
person 0.0064 328 139 375 503
person 0.0058 -11 119 222 446
person 0.0035 56 68 322 297
person 0.0024 -4 -2 97 54
person 0.0017 230 18 371 342
person 0.0013 347 180 375 394
person 0.0012 8 0 82 35
person 0.0010 11 3 189 348
