bottle 0.0011 322 110 343 163
car 0.0031 3 213 39 256
chair 0.0015 4 191 35 241
person 0.7998 114 43 320 381
person 0.7731 299 68 431 363
person 0.6929 14 44 179 383
person 0.0392 0 207 38 383
person 0.0088 1 58 46 369
person 0.0082 0 91 14 153
person 0.0074 1 168 33 315
person 0.0039 3 114 35 261
person 0.0033 451 10 500 304
person 0.0026 0 95 13 232
person 0.0019 0 75 28 237
person 0.0019 486 40 500 203
person 0.0014 19 151 39 240
person 0.0014 473 23 502 180
person 0.0014 0 156 13 342
person 0.0013 -7 168 135 364
person 0.0012 128 24 291 189
person 0.0011 107 18 465 306
person 0.0010 381 44 503 387
person 0.0010 465 73 499 238
