bottle 0.8147 182 135 215 235
bottle 0.0507 182 133 214 188
bottle 0.0186 173 126 203 169
bottle 0.0118 179 116 213 163
bottle 0.0094 169 99 225 183
bottle 0.0041 193 147 226 204
bottle 0.0038 194 120 224 167
bottle 0.0037 195 132 221 189
bottle 0.0036 185 104 214 150
bottle 0.0023 175 144 200 222
bottle 0.0020 178 127 194 191
bottle 0.0020 172 99 203 153
bottle 0.0019 189 118 206 171
bottle 0.0019 193 101 207 151
bottle 0.0018 192 169 221 228
bottle 0.0011 189 147 209 220
bottle 0.0010 203 115 218 143
chair 0.0222 0 104 77 466
chair 0.0080 0 89 41 412
chair 0.0051 -5 145 135 494
chair 0.0041 0 317 121 493
chair 0.0036 0 157 33 344
chair 0.0028 2 386 282 501
chair 0.0016 131 403 206 494
chair 0.0015 7 220 274 495
chair 0.0010 102 402 180 493
diningtable 0.0409 28 448 308 499
diningtable 0.0088 122 461 311 497
diningtable 0.0088 267 178 331 466
diningtable 0.0053 297 249 334 392
diningtable 0.0036 145 473 244 500
diningtable 0.0033 273 230 327 357
diningtable 0.0029 40 387 296 500
diningtable 0.0015 127 466 210 498
person 0.9562 171 49 309 456
person 0.9068 17 35 258 463
person 0.0659 92 59 298 372
person 0.0563 0 32 132 464
person 0.0276 297 79 332 427
person 0.0212 0 58 73 442
person 0.0129 25 49 210 320
person 0.0123 5 441 115 499
person 0.0122 -3 379 125 500
person 0.0076 269 127 330 456
person 0.0057 298 99 334 262
person 0.0051 -1 12 42 412
person 0.0050 300 208 333 375
person 0.0031 76 141 314 498
person 0.0023 149 49 300 239
person 0.0018 -3 -3 74 276
person 0.0017 213 169 321 475
person 0.0014 -14 436 190 507
person 0.0014 327 80 333 207
person 0.0011 327 114 334 400
person 0.0010 293 227 335 493
person 0.0010 67 38 267 233
sofa 0.0025 25 150 308 495
