bicycle 0.0041 13 382 201 491
bicycle 0.0028 0 333 266 478
bicycle 0.0022 76 405 139 492
bicycle 0.0014 97 405 170 484
bicycle 0.0010 39 401 127 495
bus 0.1241 15 34 297 341
car 0.6367 8 86 305 483
car 0.0089 297 260 310 291
car 0.0037 283 254 310 298
car 0.0014 146 -3 307 121
car 0.0011 29 263 326 465
chair 0.0059 194 318 305 488
chair 0.0041 107 403 197 479
chair 0.0033 69 383 236 490
chair 0.0018 241 310 308 412
chair 0.0017 2 382 120 498
person 0.0847 298 208 310 279
person 0.0599 285 219 308 287
person 0.0184 271 230 284 282
person 0.0181 0 191 32 318
person 0.0157 267 225 293 281
person 0.0118 267 229 278 286
person 0.0092 283 229 297 282
person 0.0060 297 242 310 281
person 0.0038 3 218 27 277
person 0.0037 0 164 29 273
person 0.0036 299 247 310 301
person 0.0028 12 -11 295 119
person 0.0025 3 199 29 244
person 0.0017 0 264 34 388
person 0.0015 156 318 301 484
person 0.0014 297 204 310 233
person 0.0013 0 204 9 315
person 0.0011 5 292 33 347
person 0.0010 2 252 30 318
person 0.0010 0 184 7 259
person 0.0010 150 307 163 329
person 0.0010 291 198 310 249
train 0.9815 -13 73 280 425
train 0.0040 -2 178 38 401
train 0.0021 106 91 328 411
train 0.0011 7 224 44 349
