bus 0.9980 51 68 450 269
bus 0.0580 239 80 471 255
bus 0.0362 486 142 500 206
bus 0.0173 484 117 500 177
bus 0.0113 475 117 502 214
bus 0.0101 475 145 501 191
bus 0.0047 484 148 500 170
bus 0.0047 474 125 497 170
bus 0.0029 483 135 500 159
bus 0.0018 486 87 499 157
bus 0.0015 418 125 476 205
bus 0.0012 385 62 497 222
bus 0.0012 456 142 493 177
bus 0.0010 164 138 487 278
car 0.5523 6 167 56 195
car 0.4589 25 167 68 197
car 0.1665 487 176 499 214
car 0.0727 0 151 65 199
car 0.0644 1 174 23 195
car 0.0353 1 167 17 200
car 0.0223 476 176 497 214
car 0.0188 40 174 66 198
car 0.0118 6 175 39 195
car 0.0066 60 136 148 198
car 0.0064 5 178 47 204
car 0.0047 76 148 131 183
car 0.0046 41 168 78 201
car 0.0030 68 167 116 202
car 0.0021 38 153 64 166
car 0.0020 2 161 18 183
car 0.0020 64 155 128 213
car 0.0012 0 182 18 201
car 0.0012 -1 155 31 196
car 0.0012 78 152 102 166
car 0.0011 485 159 500 182
person 0.0983 102 141 145 175
person 0.0709 95 134 157 193
person 0.0066 116 141 159 177
person 0.0044 132 130 206 197
person 0.0041 188 146 230 181
person 0.0040 148 145 194 177
person 0.0035 176 131 240 199
person 0.0030 107 143 132 171
person 0.0027 106 131 151 165
person 0.0019 386 148 428 179
person 0.0019 388 149 411 175
person 0.0014 272 149 310 185
person 0.0014 415 142 444 177
person 0.0010 96 150 160 218
person 0.0010 144 -1 198 28
