horse 0.0343 62 84 496 468
horse 0.0317 11 144 177 380
horse 0.0232 375 154 497 381
horse 0.0135 444 119 497 353
horse 0.0047 218 165 508 443
horse 0.0044 74 125 274 420
horse 0.0031 70 186 202 415
horse 0.0015 120 74 392 393
person 0.9452 207 42 312 286
person 0.6937 363 90 464 244
person 0.6744 51 107 113 260
person 0.0587 456 116 499 271
person 0.0164 216 57 294 200
person 0.0085 365 87 448 184
person 0.0057 1 190 55 334
person 0.0038 62 80 201 261
person 0.0036 396 110 481 223
person 0.0033 490 101 500 343
person 0.0026 99 250 166 361
person 0.0024 439 63 503 270
person 0.0022 460 221 499 376
person 0.0020 1 73 62 319
person 0.0018 0 189 10 331
person 0.0012 99 136 160 253
person 0.0011 179 61 465 342
person 0.0011 49 145 92 230
person 0.0010 55 94 119 174
person 0.0010 2 81 45 243
person 0.0010 96 201 166 330
