boat 0.0030 111 -1 310 56
car 0.1671 29 0 95 17
car 0.1070 183 2 329 23
car 0.0925 193 1 320 48
car 0.0743 53 0 106 15
car 0.0379 248 4 322 41
car 0.0293 279 2 321 24
car 0.0280 13 -1 57 18
car 0.0236 207 0 306 13
car 0.0176 41 -2 119 20
car 0.0173 82 0 136 14
car 0.0159 282 10 320 33
car 0.0150 255 0 317 17
car 0.0050 64 -2 154 21
car 0.0033 89 2 140 21
car 0.0029 245 0 309 10
car 0.0021 285 0 313 6
car 0.0019 -1 0 21 25
car 0.0019 259 11 314 35
car 0.0018 110 0 161 14
car 0.0016 302 0 322 8
car 0.0015 53 0 81 10
car 0.0012 274 0 325 10
car 0.0012 274 0 306 7
car 0.0010 171 62 250 101
car 0.0010 0 0 16 9
car 0.0010 69 0 92 12
dog 0.0012 173 118 288 221
horse 0.0047 27 87 292 223
motorbike 0.3786 16 28 307 210
motorbike 0.3420 0 23 79 134
motorbike 0.0899 1 11 171 155
motorbike 0.0085 0 20 38 138
motorbike 0.0031 116 36 298 170
motorbike 0.0015 11 64 64 131
person 0.0996 0 13 75 123
person 0.0492 1 19 30 109
person 0.0363 16 0 29 23
person 0.0244 203 -1 231 24
person 0.0203 165 69 294 211
person 0.0136 196 0 277 15
person 0.0122 1 0 30 23
person 0.0085 4 -2 67 22
person 0.0068 0 0 26 53
person 0.0068 195 0 237 16
person 0.0061 173 0 252 24
person 0.0060 7 30 61 97
person 0.0058 14 8 156 127
person 0.0032 0 9 22 40
person 0.0032 188 -1 222 24
person 0.0030 20 -1 32 18
person 0.0029 0 14 10 67
person 0.0025 35 30 85 98
person 0.0024 282 154 320 232
person 0.0020 12 0 30 13
person 0.0019 192 0 213 9
person 0.0019 0 17 7 120
person 0.0018 0 0 10 44
person 0.0018 204 0 229 8
person 0.0018 14 0 41 18
person 0.0017 262 0 292 7
person 0.0012 0 61 6 131
person 0.0011 210 0 242 6
person 0.0011 45 0 68 11
person 0.0011 287 45 321 227
person 0.0010 198 7 316 162
