person 0.4917 10 14 410 361
person 0.1076 378 2 434 135
person 0.0163 402 360 435 373
person 0.0132 336 0 369 36
person 0.0131 344 0 388 36
person 0.0070 342 0 397 87
person 0.0064 312 -1 429 151
person 0.0062 412 0 474 86
person 0.0060 315 0 360 37
person 0.0050 449 -1 497 78
person 0.0049 273 0 321 40
person 0.0041 385 -3 484 145
person 0.0041 341 6 465 182
person 0.0039 452 364 490 375
person 0.0034 293 0 339 41
person 0.0033 97 0 174 27
person 0.0033 290 2 355 73
person 0.0026 400 358 459 375
person 0.0024 479 360 501 374
person 0.0022 488 -10 499 80
person 0.0021 433 364 469 374
person 0.0018 78 -2 190 38
person 0.0017 361 -4 438 50
person 0.0017 348 13 387 61
person 0.0014 135 1 185 37
person 0.0014 250 0 304 36
person 0.0013 488 334 499 375
person 0.0011 -8 26 217 351
person 0.0010 187 22 452 350
