bicycle 0.8220 8 37 484 339
bicycle 0.2910 2 128 345 359
bicycle 0.1661 84 22 417 235
bicycle 0.0226 170 126 479 360
bicycle 0.0058 176 16 470 189
bicycle 0.0039 342 130 477 357
bicycle 0.0031 214 0 498 318
bicycle 0.0015 382 72 503 311
bottle 0.0079 245 153 333 220
bottle 0.0033 261 166 318 205
bottle 0.0030 281 151 365 220
bottle 0.0030 249 173 330 252
bottle 0.0020 298 167 350 206
bottle 0.0011 247 123 334 197
bottle 0.0011 283 62 367 138
bottle 0.0010 281 91 368 168
chair 0.0720 387 222 502 374
chair 0.0123 134 27 374 181
chair 0.0054 326 277 495 374
chair 0.0026 203 58 305 137
chair 0.0018 443 233 500 366
chair 0.0013 209 82 292 175
chair 0.0010 453 132 501 248
person 0.2432 390 183 501 361
person 0.0066 451 183 501 304
person 0.0016 198 43 310 107
person 0.0014 464 192 500 242
person 0.0013 402 190 489 299
person 0.0010 381 183 438 300
