chair 0.0039 -10 31 122 296
chair 0.0020 388 58 499 323
chair 0.0010 438 82 500 296
diningtable 0.0054 51 248 445 332
dog 0.0121 16 203 325 329
person 0.9080 39 40 371 339
person 0.0494 43 5 305 239
person 0.0140 5 248 338 331
person 0.0105 193 18 526 313
person 0.0051 330 27 351 46
person 0.0050 -9 2 121 279
person 0.0033 61 201 437 330
person 0.0029 -18 55 219 326
person 0.0018 383 18 502 312
person 0.0018 -14 287 360 335
person 0.0013 484 66 499 125
person 0.0011 -3 12 58 268
person 0.0010 -10 243 147 334
sofa 0.0275 120 14 531 315
sofa 0.0046 -26 135 435 338
