bottle 0.0259 136 330 189 472
bottle 0.0203 77 307 241 495
bottle 0.0048 121 387 198 494
car 0.0014 85 0 177 30
chair 0.0031 0 290 83 504
chair 0.0013 234 295 368 495
chair 0.0011 111 217 208 291
diningtable 0.0011 44 368 324 497
person 0.9678 39 84 280 483
person 0.1715 232 49 381 523
person 0.0369 0 182 49 470
person 0.0366 85 249 340 484
person 0.0208 78 -11 357 217
person 0.0182 278 -6 370 435
person 0.0162 240 229 370 490
person 0.0108 104 73 378 501
person 0.0095 -5 5 198 202
person 0.0075 -6 222 146 499
person 0.0041 2 -9 258 129
person 0.0040 329 59 372 514
person 0.0036 14 0 187 45
person 0.0036 -1 14 91 406
person 0.0031 222 -1 373 285
person 0.0030 0 10 41 412
person 0.0027 5 6 149 125
person 0.0025 352 257 375 473
person 0.0022 78 -5 236 44
person 0.0021 45 -35 274 72
person 0.0021 34 301 230 498
person 0.0019 51 1 150 31
person 0.0016 0 165 34 335
sofa 0.2722 10 37 363 325
sofa 0.0478 -21 5 213 264
sofa 0.0028 36 366 392 501
sofa 0.0027 -5 19 152 398
sofa 0.0010 165 299 383 493
