car 0.0362 93 0 251 46
car 0.0159 167 0 256 27
car 0.0114 165 5 261 62
car 0.0096 124 0 219 33
car 0.0086 393 56 498 207
car 0.0071 42 0 304 79
car 0.0065 316 88 479 242
car 0.0061 77 0 179 44
car 0.0050 403 4 492 30
car 0.0047 400 86 503 158
car 0.0045 182 18 251 53
car 0.0039 194 -1 303 19
car 0.0032 14 8 335 140
car 0.0025 281 0 380 20
car 0.0023 235 0 345 18
car 0.0015 106 -18 314 53
car 0.0015 153 -2 344 33
car 0.0012 436 69 503 143
car 0.0011 358 1 453 24
motorbike 0.9617 -1 50 426 378
motorbike 0.0329 -7 7 355 260
motorbike 0.0133 -11 -17 215 336
motorbike 0.0098 124 79 508 343
motorbike 0.0044 -1 -1 124 261
motorbike 0.0028 17 156 332 380
person 0.0056 488 145 499 299
person 0.0034 63 4 137 35
person 0.0033 469 175 499 312
person 0.0029 490 128 500 235
person 0.0013 15 2 99 28
