bottle 0.3963 400 211 438 336
bottle 0.0223 385 223 446 363
bottle 0.0174 451 240 494 366
bottle 0.0137 355 111 391 156
bottle 0.0120 175 337 226 373
bottle 0.0071 366 107 384 145
bottle 0.0054 390 284 438 374
bottle 0.0053 345 104 401 166
bottle 0.0030 411 226 464 370
bottle 0.0028 167 349 249 374
bottle 0.0026 133 347 204 375
bottle 0.0020 489 231 500 357
bottle 0.0020 343 112 378 157
bottle 0.0018 401 223 435 285
bottle 0.0016 159 365 195 375
bottle 0.0014 399 292 489 371
bottle 0.0014 188 335 212 373
bottle 0.0010 348 102 367 148
chair 0.0326 22 166 251 378
chair 0.0025 42 274 308 373
chair 0.0019 98 260 176 354
chair 0.0016 19 220 175 376
chair 0.0015 131 294 203 375
chair 0.0011 1 159 122 378
diningtable 0.0659 32 222 318 373
diningtable 0.0015 213 282 513 371
diningtable 0.0011 76 279 422 370
person 0.9212 6 31 339 346
person 0.8242 365 105 499 276
person 0.1774 221 105 420 324
person 0.0536 435 89 497 335
person 0.0356 281 95 463 293
person 0.0301 244 47 314 145
person 0.0249 209 33 347 286
person 0.0189 448 101 499 215
person 0.0146 58 174 359 368
person 0.0140 356 121 472 364
person 0.0092 189 168 388 373
person 0.0050 8 29 195 303
person 0.0037 490 101 500 256
person 0.0021 0 96 41 214
person 0.0020 208 34 314 172
person 0.0014 455 160 496 329
person 0.0013 491 124 499 350
person 0.0011 0 48 130 382
person 0.0011 399 109 490 207
person 0.0010 488 216 499 345
person 0.0010 0 13 130 191
