car 0.0016 9 5 84 103
chair 0.0028 389 295 488 495
chair 0.0020 4 295 99 499
chair 0.0014 3 222 59 503
person 0.9358 25 65 302 519
person 0.7144 262 158 474 491
person 0.0599 127 68 450 520
person 0.0360 449 186 499 474
person 0.0206 388 236 496 493
person 0.0120 460 199 499 378
person 0.0103 -3 52 126 452
person 0.0103 -5 37 417 403
person 0.0100 465 296 498 504
person 0.0048 11 72 195 373
person 0.0036 364 127 430 225
person 0.0028 273 113 456 326
person 0.0025 303 130 432 222
person 0.0019 0 201 44 369
person 0.0018 486 181 500 292
person 0.0015 249 458 317 500
person 0.0013 457 160 497 276
person 0.0012 485 290 499 494
person 0.0012 487 205 499 424
