bicycle 0.0061 154 246 330 423
bottle 0.0043 45 236 70 315
bottle 0.0042 99 324 115 381
bottle 0.0010 0 317 10 411
car 0.0010 77 96 274 340
person 0.9577 347 80 480 411
person 0.7437 154 98 298 399
person 0.6229 44 95 171 392
person 0.0296 43 211 71 334
person 0.0194 1 70 45 359
person 0.0172 229 84 321 357
person 0.0167 446 81 499 408
person 0.0122 2 286 41 338
person 0.0067 0 276 18 351
person 0.0064 459 158 497 327
person 0.0060 186 60 311 313
person 0.0046 0 202 37 345
person 0.0044 296 80 450 357
person 0.0031 486 158 500 307
person 0.0026 18 90 102 345
person 0.0025 228 80 297 204
person 0.0022 0 154 14 348
person 0.0020 455 99 499 260
person 0.0020 2 288 48 391
person 0.0011 0 90 10 251
person 0.0011 75 142 278 409
