bottle 0.0478 389 71 398 139
bottle 0.0083 387 85 397 121
bottle 0.0079 349 90 365 115
bottle 0.0045 388 75 397 105
bottle 0.0038 341 89 354 113
bottle 0.0034 365 88 380 115
bottle 0.0032 350 78 365 104
bottle 0.0029 351 63 365 117
bottle 0.0025 367 77 382 128
bottle 0.0024 337 85 379 122
bottle 0.0021 340 80 351 103
bottle 0.0020 367 78 383 103
bottle 0.0012 389 13 398 120
bottle 0.0010 359 81 393 124
bus 0.0010 303 185 385 259
car 0.9376 42 153 418 497
car 0.5153 170 151 237 188
car 0.4966 300 215 356 255
car 0.4757 242 142 302 181
car 0.3227 -8 131 344 379
car 0.1470 319 222 367 258
car 0.1063 241 139 323 199
car 0.1047 337 226 376 260
car 0.0648 277 193 367 255
car 0.0407 126 145 212 179
car 0.0401 107 138 235 192
car 0.0327 188 164 246 199
car 0.0133 171 147 275 203
car 0.0115 383 200 397 282
car 0.0113 374 210 399 273
car 0.0093 309 214 376 272
car 0.0088 149 161 240 193
car 0.0074 254 135 308 168
car 0.0067 111 152 176 182
car 0.0057 297 229 358 274
car 0.0045 252 138 392 210
car 0.0041 240 153 296 197
car 0.0040 356 220 392 263
car 0.0036 380 225 398 256
car 0.0035 321 204 371 248
car 0.0035 -20 300 419 488
car 0.0033 145 165 258 235
car 0.0032 364 228 382 257
car 0.0027 387 200 397 352
car 0.0025 267 186 361 222
car 0.0025 5 168 63 256
car 0.0023 245 175 348 245
car 0.0021 279 150 364 189
car 0.0019 35 100 306 261
car 0.0018 251 148 286 174
car 0.0016 187 168 227 191
car 0.0016 265 141 321 181
car 0.0016 265 149 299 177
car 0.0015 265 196 326 237
car 0.0015 139 124 189 172
car 0.0014 382 241 398 272
car 0.0013 -4 139 88 362
car 0.0012 215 140 261 190
car 0.0011 344 241 374 262
car 0.0011 127 115 203 183
car 0.0010 212 159 261 207
person 0.1558 9 173 43 219
person 0.0949 3 165 45 248
person 0.0159 0 153 6 215
person 0.0054 15 170 34 210
person 0.0051 2 174 44 309
person 0.0037 0 160 9 199
person 0.0037 0 152 8 182
person 0.0026 16 177 54 229
person 0.0026 0 153 9 241
person 0.0017 2 164 51 487
person 0.0013 0 156 20 214
person 0.0012 0 94 7 197
person 0.0011 372 180 398 311
