car 0.0014 222 32 506 341
chair 0.0016 -1 -10 60 214
chair 0.0011 6 228 119 369
chair 0.0010 5 178 180 371
person 0.9449 26 17 322 355
person 0.4361 63 43 511 388
person 0.2904 16 17 187 292
person 0.0130 114 14 381 255
person 0.0057 453 0 496 92
person 0.0050 41 162 384 372
person 0.0032 10 6 180 149
person 0.0029 2 11 121 253
person 0.0027 484 9 499 92
person 0.0024 8 110 188 373
person 0.0014 47 281 383 373
person 0.0012 -1 8 57 251
person 0.0010 391 26 407 75
person 0.0010 115 332 312 373
tvmonitor 0.0012 0 126 42 245
tvmonitor 0.0011 0 2 60 86
