dog 0.9786 320 178 416 294
dog 0.8991 59 138 188 305
dog 0.1361 58 135 123 193
dog 0.0526 263 160 405 286
dog 0.0215 88 191 172 297
dog 0.0212 34 197 176 321
dog 0.0184 300 157 354 225
dog 0.0161 297 119 433 281
dog 0.0143 226 216 340 263
dog 0.0089 64 139 105 183
dog 0.0064 318 161 407 230
dog 0.0061 313 160 350 206
dog 0.0050 79 141 128 180
dog 0.0039 228 223 287 251
dog 0.0032 206 187 376 290
dog 0.0032 239 221 318 253
dog 0.0020 238 186 336 256
dog 0.0019 172 113 406 279
dog 0.0017 64 161 144 273
dog 0.0016 61 221 145 305
dog 0.0013 58 142 139 229
dog 0.0011 78 173 241 308
dog 0.0011 252 156 334 226
dog 0.0010 367 225 425 295
person 0.8689 154 -7 243 200
person 0.0056 451 -12 501 288
person 0.0024 172 81 231 200
person 0.0023 55 11 214 215
person 0.0021 42 132 98 199
person 0.0013 40 88 162 251
person 0.0010 158 15 326 212
person 0.0010 454 9 499 118
