chair 0.0081 2 155 261 384
chair 0.0013 468 197 500 352
dog 0.0039 7 141 183 352
person 0.8860 250 46 473 389
person 0.7520 38 56 300 377
person 0.0880 123 47 382 389
person 0.0341 1 232 121 373
person 0.0335 32 266 156 372
person 0.0274 0 284 59 372
person 0.0170 62 258 131 358
person 0.0114 199 163 459 366
person 0.0094 8 175 173 368
person 0.0072 31 240 228 374
person 0.0020 421 0 451 16
person 0.0015 319 168 409 263
person 0.0015 0 184 59 367
person 0.0015 -4 46 203 334
person 0.0015 179 340 235 375
person 0.0013 288 167 364 265
person 0.0011 432 0 458 15
person 0.0010 1 338 54 371
tvmonitor 0.0012 41 0 164 66
