bottle 0.0011 388 243 404 264
chair 0.0042 468 232 501 374
chair 0.0041 5 217 197 371
chair 0.0016 386 216 490 373
person 0.9517 10 111 201 372
person 0.8324 380 125 493 375
person 0.7443 251 124 351 379
person 0.7141 118 117 223 365
person 0.0293 441 122 497 374
person 0.0269 218 126 297 373
person 0.0083 467 86 499 231
person 0.0067 470 143 502 346
person 0.0041 134 121 208 251
person 0.0037 3 162 125 374
person 0.0036 231 172 278 316
person 0.0035 486 137 499 367
person 0.0034 116 133 153 173
person 0.0026 485 77 500 171
person 0.0021 18 93 159 242
person 0.0021 1 161 47 379
person 0.0018 150 164 275 378
person 0.0018 486 103 499 255
person 0.0017 138 177 205 304
person 0.0015 264 175 325 313
person 0.0014 448 54 502 271
person 0.0014 470 98 498 157
person 0.0014 293 124 429 377
person 0.0012 0 166 10 279
person 0.0011 104 119 165 188
person 0.0010 455 47 497 167
