boat 0.0022 54 72 143 119
boat 0.0012 80 56 494 253
bottle 0.0031 468 209 484 226
bus 0.0086 16 84 326 222
car 0.9243 339 16 495 75
car 0.0237 17 59 328 218
car 0.0037 488 32 499 83
chair 0.0021 127 80 160 114
chair 0.0011 133 69 154 108
person 0.1778 184 146 217 176
person 0.0275 159 146 197 175
person 0.0139 173 139 229 181
person 0.0065 143 137 209 181
person 0.0040 205 76 227 117
person 0.0031 26 71 45 83
person 0.0029 196 77 216 118
person 0.0028 147 157 170 176
person 0.0024 0 67 9 108
person 0.0024 0 73 12 88
person 0.0024 489 37 499 96
person 0.0023 228 146 271 176
person 0.0017 170 148 241 197
person 0.0017 187 147 214 165
person 0.0013 132 155 156 176
person 0.0012 183 157 228 187
person 0.0012 487 191 498 237
person 0.0011 214 132 283 187
person 0.0011 195 148 232 176
tvmonitor 0.0057 316 257 406 272
