bus 0.9976 65 57 382 435
bus 0.3594 369 197 453 445
bus 0.0946 0 147 56 419
bus 0.0781 355 28 454 401
bus 0.0466 30 197 294 439
bus 0.0310 1 212 49 355
bus 0.0305 0 213 93 420
bus 0.0205 233 36 424 393
bus 0.0065 57 228 459 467
bus 0.0052 7 69 175 426
bus 0.0037 391 35 455 325
bus 0.0035 5 41 94 383
bus 0.0023 288 112 442 457
bus 0.0019 396 234 454 399
bus 0.0014 3 256 40 315
bus 0.0013 12 227 69 341
bus 0.0012 10 260 75 392
bus 0.0012 1 122 49 302
car 0.4582 7 29 384 338
car 0.0018 0 324 14 406
car 0.0013 0 302 40 405
person 0.0103 393 227 456 344
person 0.0050 99 260 144 309
person 0.0022 71 263 114 309
person 0.0019 95 102 146 141
person 0.0016 93 81 148 125
person 0.0013 112 268 150 317
person 0.0013 199 76 252 122
person 0.0012 406 251 452 312
person 0.0012 136 259 181 309
person 0.0012 77 69 162 137
person 0.0011 86 248 158 323
person 0.0011 208 258 251 311
person 0.0010 441 266 453 356
