car 0.9985 109 103 450 233
car 0.0029 352 18 393 25
car 0.0025 0 128 8 243
car 0.0019 6 0 46 5
car 0.0019 337 17 377 25
car 0.0018 260 1 301 8
car 0.0013 275 1 317 11
car 0.0013 3 205 44 238
car 0.0013 323 11 424 25
car 0.0013 -1 174 33 252
car 0.0012 92 132 167 206
car 0.0010 301 1 338 12
person 0.5538 312 109 354 150
person 0.0715 298 104 345 146
person 0.0376 250 100 337 149
person 0.0157 271 115 329 147
person 0.0037 330 113 365 149
person 0.0021 247 115 310 146
person 0.0020 322 124 352 148
person 0.0019 204 99 305 146
person 0.0018 305 112 329 149
person 0.0015 321 108 345 131
person 0.0015 0 112 8 234
person 0.0012 316 126 357 156
