bottle 0.9653 169 288 209 373
bottle 0.9622 20 240 84 374
bottle 0.7685 416 236 449 324
bottle 0.1820 6 157 105 383
bottle 0.1808 396 232 438 314
bottle 0.0781 133 324 235 373
bottle 0.0772 410 251 464 338
bottle 0.0686 417 237 438 304
bottle 0.0448 4 282 44 380
bottle 0.0236 180 339 237 375
bottle 0.0198 172 282 202 344
bottle 0.0197 152 334 214 373
bottle 0.0189 178 304 219 362
bottle 0.0167 441 255 499 352
bottle 0.0150 415 259 437 321
bottle 0.0114 108 287 257 373
bottle 0.0077 400 236 419 302
bottle 0.0073 43 284 135 370
bottle 0.0065 28 267 80 334
bottle 0.0065 171 270 226 353
bottle 0.0062 196 349 241 374
bottle 0.0060 487 227 499 336
bottle 0.0053 55 249 120 356
bottle 0.0038 205 338 229 375
bottle 0.0036 432 245 466 289
bottle 0.0034 345 247 388 290
bottle 0.0033 33 251 75 305
bottle 0.0032 400 268 436 319
bottle 0.0031 435 251 457 309
bottle 0.0029 0 287 16 361
bottle 0.0027 15 228 156 376
bottle 0.0027 393 333 430 374
bottle 0.0027 329 234 398 304
bottle 0.0027 345 232 363 276
bottle 0.0026 450 273 497 319
bottle 0.0026 81 295 187 369
bottle 0.0026 61 222 121 317
bottle 0.0020 179 283 219 335
bottle 0.0019 396 229 431 279
bottle 0.0018 382 202 427 292
bottle 0.0017 176 272 198 325
bottle 0.0016 8 180 45 367
bottle 0.0015 384 217 406 286
bottle 0.0015 2 225 62 372
bottle 0.0015 387 195 492 364
bottle 0.0015 74 249 113 292
bottle 0.0014 413 233 444 279
bottle 0.0012 1 301 36 364
bottle 0.0011 454 247 493 290
bottle 0.0011 489 262 500 349
bottle 0.0011 29 244 67 288
bottle 0.0010 459 239 480 295
bottle 0.0010 432 224 507 385
car 0.0119 435 279 502 379
car 0.0017 345 138 408 169
chair 0.0017 219 259 261 299
diningtable 0.9100 48 295 524 373
diningtable 0.7102 228 265 501 361
diningtable 0.0335 370 259 458 348
diningtable 0.0206 -5 281 179 372
diningtable 0.0182 340 275 525 374
diningtable 0.0161 27 326 474 377
diningtable 0.0113 241 178 418 368
diningtable 0.0077 294 270 438 344
diningtable 0.0049 12 340 261 374
diningtable 0.0031 172 300 327 369
diningtable 0.0020 261 292 390 372
diningtable 0.0016 86 183 498 368
diningtable 0.0015 334 197 489 366
diningtable 0.0015 78 352 194 374
diningtable 0.0012 316 291 424 372
diningtable 0.0011 199 271 294 340
diningtable 0.0010 63 240 354 373
person 0.9593 265 142 400 300
person 0.8752 105 110 253 364
person 0.4177 0 130 115 369
person 0.0951 118 110 239 228
person 0.0263 486 197 500 279
person 0.0190 454 215 494 341
person 0.0140 470 142 499 293
person 0.0063 42 166 233 369
person 0.0055 282 186 379 289
person 0.0038 166 144 432 326
person 0.0034 3 158 62 376
person 0.0029 488 111 500 307
person 0.0023 440 187 504 367
person 0.0023 474 209 500 267
person 0.0023 19 118 160 326
person 0.0015 453 113 499 313
person 0.0015 393 126 499 307
