car 0.0020 425 65 447 75
person 0.8924 312 71 390 323
person 0.8135 135 50 240 356
person 0.7450 23 48 116 238
person 0.0430 80 27 119 120
person 0.0266 101 34 140 156
person 0.0128 13 36 45 117
person 0.0109 284 57 306 120
person 0.0079 231 47 267 127
person 0.0072 71 63 127 177
person 0.0071 309 56 329 117
person 0.0046 192 45 237 109
person 0.0040 53 61 232 349
person 0.0034 179 54 308 357
person 0.0031 73 25 107 71
person 0.0018 154 44 185 91
person 0.0017 30 44 99 151
person 0.0016 142 46 201 146
person 0.0015 321 39 477 325
person 0.0014 448 -5 501 308
person 0.0013 33 36 91 105
person 0.0012 83 67 103 134
person 0.0011 465 82 499 218
person 0.0011 107 27 138 66
