cow 0.9745 9 64 189 162
cow 0.0841 2 68 115 143
cow 0.0247 5 70 48 118
cow 0.0021 140 63 182 95
cow 0.0021 19 69 64 117
cow 0.0020 72 71 136 116
cow 0.0017 64 60 127 87
cow 0.0015 -14 64 71 185
cow 0.0014 60 73 109 114
cow 0.0010 -1 70 29 120
horse 0.0167 7 224 121 370
person 0.3865 274 127 305 170
person 0.0151 267 122 300 160
person 0.0101 23 230 103 324
person 0.0090 50 226 121 332
person 0.0064 207 119 300 195
person 0.0062 124 104 303 221
person 0.0061 22 217 150 352
person 0.0052 270 131 300 191
person 0.0012 2 227 48 322
person 0.0011 275 125 297 154
person 0.0010 298 140 341 178
person 0.0010 330 345 394 375
person 0.0010 65 225 106 270
person 0.0010 255 112 308 171
pottedplant 0.0012 323 223 487 375
pottedplant 0.0010 401 294 486 375
sheep 0.0613 19 225 157 367
sheep 0.0102 1 77 50 114
sheep 0.0056 44 236 294 360
sheep 0.0053 55 125 444 364
sheep 0.0034 197 87 240 123
sheep 0.0022 -2 71 55 181
