bottle 0.0225 407 90 425 126
bottle 0.0146 404 98 424 141
bottle 0.0133 426 96 447 120
bottle 0.0104 436 91 454 127
bottle 0.0085 427 100 446 138
bottle 0.0067 439 108 455 131
bottle 0.0059 453 331 498 374
bottle 0.0058 403 108 423 130
bottle 0.0051 0 308 11 372
bottle 0.0035 444 292 500 378
bottle 0.0032 413 96 452 125
bottle 0.0030 403 112 421 155
bottle 0.0027 409 102 454 136
bottle 0.0022 427 95 467 124
bottle 0.0021 458 109 478 129
bottle 0.0019 424 112 442 154
bottle 0.0019 460 96 478 144
bottle 0.0015 390 99 407 142
bottle 0.0013 426 102 469 137
bottle 0.0013 327 254 344 307
bottle 0.0012 423 124 441 145
bottle 0.0011 490 77 499 165
bottle 0.0011 388 336 439 372
bottle 0.0011 456 98 487 118
bottle 0.0010 412 362 455 375
bottle 0.0010 406 88 428 108
bottle 0.0010 441 108 458 160
bottle 0.0010 129 291 195 381
bottle 0.0010 454 314 492 365
diningtable 0.6654 75 295 501 377
diningtable 0.0374 -16 328 444 377
diningtable 0.0124 273 300 391 371
diningtable 0.0103 89 326 246 376
diningtable 0.0101 2 287 346 375
diningtable 0.0087 200 329 373 376
diningtable 0.0081 239 295 324 375
diningtable 0.0060 300 288 500 374
diningtable 0.0029 197 326 519 378
diningtable 0.0022 24 330 142 374
diningtable 0.0015 50 227 455 387
diningtable 0.0013 289 332 443 376
diningtable 0.0012 211 289 299 378
diningtable 0.0010 188 289 254 379
person 0.8970 322 106 506 367
person 0.7616 158 133 350 338
person 0.6136 3 80 194 358
person 0.0982 -1 115 28 197
person 0.0831 52 96 385 338
person 0.0466 2 110 31 163
person 0.0139 0 121 15 235
person 0.0120 0 112 44 369
person 0.0076 -1 115 29 312
person 0.0060 18 69 248 263
person 0.0050 212 143 297 222
person 0.0046 36 108 79 149
person 0.0040 0 96 18 151
person 0.0034 422 169 475 202
person 0.0029 79 111 99 158
person 0.0027 319 224 495 379
person 0.0027 28 120 68 151
person 0.0022 445 148 502 224
person 0.0021 0 120 20 148
person 0.0020 25 96 91 158
person 0.0018 9 122 33 176
person 0.0016 450 201 498 344
person 0.0015 0 109 19 136
person 0.0015 0 100 11 315
person 0.0014 405 157 485 220
person 0.0014 317 69 490 267
person 0.0014 30 134 80 173
person 0.0013 14 330 120 373
person 0.0013 0 134 24 165
person 0.0013 490 85 499 186
person 0.0013 16 120 96 188
person 0.0013 244 143 328 229
person 0.0011 440 130 499 361
person 0.0011 -1 149 26 206
pottedplant 0.0013 300 312 366 350
