bicycle 0.0011 453 233 490 265
bicycle 0.0010 463 238 480 262
car 0.0015 26 168 477 377
car 0.0011 41 213 143 376
diningtable 0.0010 33 236 546 362
person 0.9724 51 121 163 373
person 0.0289 121 134 165 171
person 0.0192 344 179 376 263
person 0.0179 0 200 9 299
person 0.0157 67 124 186 270
person 0.0154 457 183 490 259
person 0.0089 144 130 193 253
person 0.0063 108 129 174 182
person 0.0050 65 124 135 194
person 0.0045 138 126 156 152
person 0.0043 306 177 344 262
person 0.0039 129 138 160 162
person 0.0038 20 136 110 355
person 0.0035 155 162 198 268
person 0.0035 346 239 365 266
person 0.0033 103 133 175 242
person 0.0029 424 179 471 264
person 0.0027 385 230 401 265
person 0.0027 74 133 252 360
person 0.0027 1 180 35 301
person 0.0027 108 120 221 264
person 0.0023 0 159 9 260
person 0.0022 194 172 229 262
person 0.0020 75 132 123 176
person 0.0018 277 220 313 262
person 0.0017 461 179 480 242
person 0.0017 309 221 345 262
person 0.0016 62 126 132 253
person 0.0016 33 182 78 305
person 0.0014 382 179 423 263
person 0.0013 103 188 172 295
person 0.0010 2 213 30 270
