bottle 0.2952 231 195 265 282
bottle 0.0774 237 243 256 289
bottle 0.0409 240 196 262 255
bottle 0.0175 230 236 274 313
bottle 0.0141 236 250 269 300
bottle 0.0076 177 199 237 284
bottle 0.0038 228 361 260 375
bottle 0.0036 236 182 257 239
bottle 0.0018 236 359 274 375
bottle 0.0016 230 352 286 374
bottle 0.0014 186 219 227 270
bottle 0.0012 238 337 279 372
bus 0.0066 -27 -13 373 331
car 0.0584 13 0 479 317
car 0.0013 323 -1 413 22
chair 0.0093 56 -1 126 27
chair 0.0053 243 283 489 370
chair 0.0018 -12 223 208 368
chair 0.0012 357 270 506 373
motorbike 0.0010 97 -2 245 32
person 0.9937 47 139 217 368
person 0.9667 261 159 466 372
person 0.5060 4 117 103 363
person 0.2430 364 173 497 375
person 0.0561 91 151 164 228
person 0.0484 39 127 381 362
person 0.0176 331 149 465 302
person 0.0153 185 72 477 366
person 0.0094 -3 17 56 302
person 0.0063 14 112 92 206
person 0.0060 104 163 154 210
person 0.0049 425 186 503 368
person 0.0048 1 59 184 325
person 0.0046 247 296 328 372
person 0.0041 101 0 170 29
person 0.0039 27 -2 89 28
person 0.0037 -2 85 32 227
person 0.0037 447 191 499 302
person 0.0034 292 202 360 285
person 0.0028 362 168 445 262
person 0.0021 331 0 422 17
person 0.0017 115 -1 144 12
person 0.0016 126 0 216 28
person 0.0015 134 149 208 228
person 0.0012 12 147 85 282
person 0.0012 0 62 12 240
person 0.0011 125 0 154 16
person 0.0011 95 127 169 199
