boat 0.0035 93 11 176 80
boat 0.0022 107 30 163 66
boat 0.0011 96 58 176 80
bus 0.0016 3 184 114 242
bus 0.0010 10 192 85 227
car 0.9895 301 128 508 247
car 0.8193 8 80 243 242
car 0.0351 144 69 348 244
car 0.0208 255 211 309 234
car 0.0066 250 142 490 343
car 0.0034 352 119 506 363
car 0.0032 14 101 397 258
car 0.0020 173 54 469 208
car 0.0018 1 103 142 256
car 0.0018 470 185 499 232
car 0.0014 252 196 304 227
car 0.0011 461 138 500 238
person 0.0028 210 68 274 187
person 0.0017 203 65 287 132
