bus 0.0995 101 -9 322 440
car 0.0013 43 316 84 357
chair 0.0017 80 304 113 353
person 0.9384 154 175 223 462
person 0.5586 325 179 374 425
person 0.1369 34 213 60 257
person 0.0571 144 133 273 469
person 0.0296 30 208 64 291
person 0.0177 328 188 374 319
person 0.0152 21 218 66 355
person 0.0110 187 191 249 291
person 0.0061 337 196 370 242
person 0.0043 314 241 355 409
person 0.0034 201 188 235 241
person 0.0034 9 183 79 393
person 0.0032 240 -9 371 201
person 0.0030 202 209 237 273
person 0.0030 162 188 219 305
person 0.0024 368 203 375 352
person 0.0023 220 213 251 269
person 0.0018 22 297 54 340
person 0.0016 13 275 76 369
person 0.0015 367 184 374 292
person 0.0012 198 30 232 80
person 0.0012 13 87 123 411
person 0.0011 330 277 373 446
person 0.0011 213 202 260 285
pottedplant 0.5227 25 386 69 446
pottedplant 0.0068 0 357 33 454
pottedplant 0.0063 1 379 30 434
pottedplant 0.0034 1 358 12 391
pottedplant 0.0033 0 332 9 415
pottedplant 0.0032 1 375 11 406
pottedplant 0.0032 0 368 8 454
pottedplant 0.0024 39 391 80 439
pottedplant 0.0022 -3 302 24 421
pottedplant 0.0019 -2 336 23 387
pottedplant 0.0018 37 396 62 423
pottedplant 0.0014 0 337 11 373
pottedplant 0.0014 27 396 48 422
pottedplant 0.0012 29 371 97 448
pottedplant 0.0011 0 390 11 428
pottedplant 0.0010 9 379 30 402
train 0.1957 101 38 323 468
tvmonitor 0.0017 218 208 248 275
