bottle 0.0852 474 333 494 373
bottle 0.0357 455 334 495 375
bottle 0.0229 427 337 479 374
bottle 0.0068 97 204 169 282
bottle 0.0055 74 200 125 290
bottle 0.0041 63 231 125 315
bottle 0.0034 186 227 247 313
bottle 0.0032 104 232 157 311
bottle 0.0021 110 246 146 296
bottle 0.0020 104 223 150 269
bottle 0.0018 467 338 487 368
bottle 0.0016 80 241 98 295
bottle 0.0016 0 123 12 237
bottle 0.0015 458 357 489 375
bottle 0.0010 467 347 502 377
bottle 0.0010 195 246 240 292
chair 0.0255 -2 177 58 304
chair 0.0032 4 331 112 376
chair 0.0023 -3 168 107 374
chair 0.0016 122 198 213 284
diningtable 0.4718 139 275 519 377
diningtable 0.3202 43 244 375 369
diningtable 0.0408 9 242 177 368
diningtable 0.0177 57 179 285 372
diningtable 0.0065 -3 274 273 372
diningtable 0.0049 167 258 253 356
diningtable 0.0027 96 191 562 368
diningtable 0.0027 48 259 132 346
diningtable 0.0021 -4 274 130 374
diningtable 0.0018 178 317 547 379
diningtable 0.0017 318 287 554 375
diningtable 0.0013 9 322 414 378
person 0.9758 256 83 463 308
person 0.9684 81 110 245 302
person 0.3035 189 118 295 294
person 0.0799 -2 118 64 313
person 0.0595 213 121 271 255
person 0.0202 187 91 398 292
person 0.0173 460 203 498 345
person 0.0144 449 167 502 375
person 0.0078 2 97 45 222
person 0.0050 291 150 498 328
person 0.0040 489 161 499 342
person 0.0034 3 56 91 320
person 0.0018 2 6 55 262
person 0.0015 490 258 500 363
person 0.0013 390 184 499 361
person 0.0013 10 129 182 301
person 0.0013 0 119 11 296
person 0.0011 0 211 10 350
sofa 0.0016 149 134 335 345
