bottle 0.0477 83 372 96 450
bottle 0.0056 84 376 96 406
bottle 0.0017 83 398 97 433
bottle 0.0014 84 411 95 449
person 0.4825 231 280 273 392
person 0.2981 295 287 327 385
person 0.1196 329 334 369 466
person 0.0478 361 240 375 307
person 0.0460 148 232 181 319
person 0.0384 349 242 371 307
person 0.0131 319 243 348 311
person 0.0109 267 248 295 308
person 0.0086 315 329 363 421
person 0.0077 200 242 217 304
person 0.0073 340 243 357 305
person 0.0066 180 242 203 306
person 0.0056 297 242 322 308
person 0.0040 333 337 366 400
person 0.0032 156 259 181 323
person 0.0029 253 242 280 311
person 0.0028 85 266 122 305
person 0.0024 240 247 264 310
person 0.0023 338 372 372 500
person 0.0019 365 340 374 486
person 0.0018 323 357 356 434
person 0.0015 200 241 230 291
person 0.0015 363 334 371 451
person 0.0014 335 357 367 435
person 0.0013 141 233 170 293
person 0.0012 215 244 240 309
person 0.0011 285 246 323 341
