bottle 0.1320 218 252 249 328
bottle 0.0926 217 220 254 314
bottle 0.0602 0 195 22 330
bottle 0.0333 50 326 84 360
bottle 0.0113 156 262 199 333
bottle 0.0080 231 220 281 307
bottle 0.0049 0 225 16 317
bottle 0.0041 224 270 245 322
bottle 0.0025 0 241 23 302
bottle 0.0017 171 270 203 323
bottle 0.0013 141 277 211 350
bottle 0.0011 212 271 241 322
bottle 0.0011 168 270 188 328
bottle 0.0010 165 269 195 308
car 0.0031 0 100 39 132
car 0.0020 3 89 39 119
chair 0.0405 44 223 107 302
chair 0.0372 0 110 38 311
chair 0.0348 0 154 26 325
chair 0.0302 352 278 397 361
chair 0.0249 242 163 392 355
chair 0.0162 72 224 142 299
chair 0.0161 89 59 139 127
chair 0.0158 38 184 174 338
chair 0.0124 5 153 83 313
chair 0.0107 8 161 149 309
chair 0.0066 97 65 170 130
chair 0.0044 14 218 71 305
chair 0.0041 36 62 179 194
chair 0.0034 304 220 399 357
chair 0.0032 278 280 360 355
chair 0.0031 96 69 131 113
chair 0.0030 96 58 135 93
chair 0.0026 54 238 99 286
chair 0.0025 -1 105 37 210
chair 0.0020 84 242 131 284
chair 0.0020 34 72 105 128
chair 0.0016 101 224 170 296
chair 0.0016 106 60 152 89
chair 0.0016 3 228 153 351
chair 0.0014 351 169 396 357
chair 0.0013 96 51 161 102
diningtable 0.5155 33 282 419 359
diningtable 0.0244 41 316 411 366
diningtable 0.0054 181 283 281 345
diningtable 0.0038 90 228 371 359
diningtable 0.0035 150 281 233 347
diningtable 0.0013 15 277 204 356
person 0.9351 28 92 183 316
person 0.9134 216 56 371 355
person 0.0184 39 54 284 317
person 0.0052 294 39 397 326
person 0.0030 142 29 385 291
person 0.0024 258 53 378 217
person 0.0016 61 62 198 257
pottedplant 0.0025 0 1 41 94
pottedplant 0.0022 9 1 67 87
pottedplant 0.0013 21 0 59 30
tvmonitor 0.0097 0 18 39 111
tvmonitor 0.0018 12 27 76 109
tvmonitor 0.0012 2 45 34 91
