bus 0.9987 39 69 457 294
bus 0.0108 243 53 462 270
bus 0.0075 23 76 185 246
bus 0.0028 62 119 141 198
bus 0.0021 0 59 113 250
bus 0.0013 67 143 136 230
bus 0.0013 87 127 125 173
car 0.0379 1 166 44 191
car 0.0163 0 168 28 185
car 0.0089 3 153 45 185
car 0.0057 479 148 499 166
car 0.0056 455 145 497 172
car 0.0043 2 174 46 208
car 0.0035 464 153 487 169
car 0.0021 1 161 19 197
car 0.0018 7 161 39 180
car 0.0018 -2 150 48 218
car 0.0015 0 161 22 180
car 0.0012 10 164 34 194
car 0.0010 0 141 15 193
car 0.0010 24 149 65 184
car 0.0010 11 184 39 205
person 0.0218 484 152 499 170
person 0.0189 114 142 166 179
person 0.0158 110 166 149 200
person 0.0107 111 169 135 193
person 0.0105 340 143 358 186
person 0.0098 361 144 379 181
person 0.0096 98 127 175 192
person 0.0060 104 130 143 166
person 0.0053 122 130 164 169
person 0.0049 488 147 499 178
person 0.0041 191 163 232 204
person 0.0032 329 142 350 189
person 0.0031 96 152 170 216
person 0.0031 -9 4 116 71
person 0.0026 114 171 161 208
person 0.0025 108 146 146 189
person 0.0021 110 176 137 206
person 0.0019 142 137 192 179
person 0.0017 181 144 240 223
person 0.0015 445 146 457 181
person 0.0015 129 120 202 196
person 0.0015 341 144 379 180
person 0.0015 146 162 196 200
person 0.0015 123 169 156 194
person 0.0014 228 162 266 207
person 0.0013 181 162 212 202
person 0.0013 190 137 232 179
person 0.0013 270 138 309 182
person 0.0013 114 115 134 164
person 0.0012 382 150 404 179
person 0.0012 -1 -3 118 144
person 0.0012 229 135 265 180
person 0.0011 312 140 348 181
person 0.0011 203 172 242 211
person 0.0011 75 139 126 179
person 0.0010 490 149 500 208
person 0.0010 483 138 498 171
train 0.0037 149 119 503 293
