bottle 0.0076 1 221 34 384
bottle 0.0029 0 296 40 373
bottle 0.0016 0 152 29 278
bottle 0.0012 0 217 16 317
chair 0.0026 271 254 375 336
chair 0.0017 142 147 217 227
diningtable 0.0065 202 333 529 376
diningtable 0.0037 162 287 495 373
diningtable 0.0010 311 339 502 375
dog 0.8213 352 210 450 340
dog 0.1328 360 208 427 303
dog 0.0050 300 193 442 318
dog 0.0042 274 236 377 315
dog 0.0032 250 209 410 343
dog 0.0023 371 166 502 338
dog 0.0018 370 240 422 295
dog 0.0018 390 229 475 316
motorbike 0.0028 220 232 430 362
person 0.9233 30 5 223 314
person 0.1554 360 194 501 360
person 0.1194 23 108 262 374
person 0.0287 462 287 496 382
person 0.0233 44 105 453 380
person 0.0232 467 224 499 381
person 0.0194 94 54 318 322
person 0.0070 456 330 495 375
person 0.0069 71 29 265 239
person 0.0068 447 173 497 380
person 0.0056 119 229 455 371
person 0.0052 392 294 492 371
person 0.0029 0 -1 105 74
person 0.0026 235 161 424 344
person 0.0022 10 4 178 90
person 0.0018 487 242 499 374
person 0.0015 136 67 220 138
person 0.0012 470 314 501 369
person 0.0010 25 0 162 44
person 0.0010 67 279 357 371
pottedplant 0.1838 181 116 245 196
pottedplant 0.0942 175 92 243 171
pottedplant 0.0611 108 47 305 269
pottedplant 0.0337 189 134 240 177
pottedplant 0.0272 184 108 237 153
pottedplant 0.0217 170 141 236 226
pottedplant 0.0048 78 19 410 298
pottedplant 0.0030 176 161 231 203
pottedplant 0.0021 132 92 221 159
pottedplant 0.0018 211 91 267 173
pottedplant 0.0016 200 113 244 165
pottedplant 0.0015 169 68 237 140
pottedplant 0.0014 218 109 259 153
pottedplant 0.0012 179 82 228 123
pottedplant 0.0011 0 230 16 329
tvmonitor 0.0070 2 109 34 153
tvmonitor 0.0033 1 87 38 174
