bottle 0.0044 224 79 242 104
car 0.0028 108 82 311 291
chair 0.0057 151 188 203 285
motorbike 0.0022 107 108 307 318
person 0.8216 68 65 150 324
person 0.1432 136 82 213 293
person 0.0946 293 97 333 212
person 0.0469 164 73 196 113
person 0.0303 152 115 200 258
person 0.0282 469 6 499 131
person 0.0164 490 29 500 133
person 0.0140 301 105 331 160
person 0.0124 146 68 197 132
person 0.0073 191 85 210 109
person 0.0065 118 42 230 229
person 0.0065 485 4 501 62
person 0.0047 179 79 216 112
person 0.0047 312 114 330 184
person 0.0039 144 77 200 178
person 0.0038 299 123 333 184
person 0.0036 7 34 52 69
person 0.0031 0 91 17 158
person 0.0030 488 -1 500 97
person 0.0029 473 15 500 69
person 0.0026 68 72 132 186
person 0.0020 485 76 499 136
person 0.0020 194 92 211 114
person 0.0020 216 82 235 108
person 0.0019 448 38 466 58
person 0.0019 126 54 301 276
person 0.0016 269 93 327 170
person 0.0015 320 105 338 163
person 0.0012 144 88 184 128
person 0.0010 170 80 189 126
person 0.0010 233 84 345 245
train 0.3358 23 7 559 131
train 0.0325 -31 0 302 145
train 0.0305 148 -10 500 109
train 0.0066 275 21 523 108
train 0.0062 371 11 504 119
train 0.0043 -16 9 148 144
train 0.0041 20 12 401 197
train 0.0038 10 17 180 196
train 0.0015 55 43 202 230
train 0.0010 180 35 540 151
tvmonitor 0.0013 5 31 47 68
