bottle 0.0031 60 165 79 198
bottle 0.0022 97 162 114 200
bottle 0.0019 77 163 95 199
bottle 0.0013 114 162 131 199
bottle 0.0011 246 280 265 340
bus 0.0516 258 44 530 330
bus 0.0515 154 105 499 375
person 0.8717 129 111 272 371
person 0.0206 2 170 15 192
person 0.0159 1 162 11 198
person 0.0113 20 167 38 198
person 0.0052 0 161 10 254
person 0.0039 37 165 53 198
person 0.0023 1 179 14 200
person 0.0014 60 169 80 196
person 0.0012 487 167 499 246
train 0.4600 133 59 518 383
train 0.1053 126 98 283 356
train 0.0124 319 54 551 316
train 0.0065 0 98 271 341
train 0.0041 61 51 436 281
train 0.0020 -5 56 191 263
train 0.0012 46 152 145 212
train 0.0010 98 80 323 258
tvmonitor 0.0019 200 -3 302 18
