bus 0.9923 73 65 425 338
bus 0.1905 391 72 500 282
bus 0.1078 184 18 452 292
bus 0.0955 83 36 411 225
bus 0.0182 296 62 506 293
bus 0.0090 412 136 482 222
bus 0.0060 408 142 493 315
bus 0.0050 449 220 495 299
bus 0.0023 6 160 43 188
bus 0.0018 461 147 498 258
bus 0.0018 440 113 498 296
bus 0.0013 0 116 56 188
car 0.0146 417 224 490 302
car 0.0030 456 239 496 286
car 0.0019 475 186 497 206
car 0.0017 487 221 500 288
car 0.0016 421 240 476 288
car 0.0012 37 172 49 190
car 0.0010 74 77 117 111
person 0.2455 16 160 29 181
person 0.0989 0 164 14 184
person 0.0680 -1 155 10 190
person 0.0344 443 263 462 321
person 0.0247 468 163 498 203
person 0.0077 480 146 499 202
person 0.0063 218 113 283 184
person 0.0052 15 171 35 189
person 0.0044 425 245 477 317
person 0.0041 466 172 488 201
person 0.0040 0 162 9 231
person 0.0040 480 165 497 226
person 0.0037 461 139 500 223
person 0.0033 36 162 49 179
person 0.0028 227 126 276 168
person 0.0028 429 260 467 307
person 0.0018 422 162 465 202
person 0.0018 462 149 492 200
person 0.0013 239 136 281 177
person 0.0013 8 157 43 185
person 0.0012 487 183 499 270
person 0.0010 0 151 13 171
person 0.0010 356 146 391 196
tvmonitor 0.0020 450 71 497 111
tvmonitor 0.0018 442 57 499 130
