cat 0.4390 282 203 340 281
cat 0.0409 284 197 360 329
cat 0.0032 292 209 341 248
cat 0.0019 275 215 329 260
cat 0.0011 206 160 385 312
chair 0.9485 334 148 451 335
chair 0.6362 104 132 243 276
chair 0.0604 91 91 194 270
chair 0.0576 128 156 215 256
chair 0.0185 341 97 469 278
chair 0.0132 106 142 174 266
chair 0.0125 357 159 443 258
chair 0.0104 376 135 490 342
chair 0.0065 315 216 434 350
chair 0.0029 440 124 500 349
chair 0.0026 83 152 327 305
chair 0.0021 323 185 414 287
chair 0.0019 284 173 356 257
chair 0.0018 40 80 154 275
chair 0.0017 159 160 253 254
chair 0.0012 334 141 399 233
person 0.7379 106 24 257 280
person 0.0732 91 31 192 273
person 0.0648 186 38 298 270
person 0.0332 88 19 164 107
person 0.0276 60 6 140 249
person 0.0046 77 6 137 89
person 0.0042 216 69 261 185
person 0.0036 94 42 167 141
person 0.0030 255 6 395 247
person 0.0029 86 43 127 91
person 0.0024 77 31 132 154
person 0.0019 92 86 397 327
person 0.0018 251 104 398 321
person 0.0018 128 31 193 105
person 0.0010 84 21 125 69
