bottle 0.0010 317 144 328 295
dog 0.0040 299 198 328 373
dog 0.0027 289 155 329 492
dog 0.0012 251 150 330 495
person 0.9791 35 70 343 504
person 0.1770 0 146 118 361
person 0.1555 203 69 328 426
person 0.0568 6 163 68 268
person 0.0497 2 89 169 491
person 0.0404 3 147 78 493
person 0.0185 -23 66 254 369
person 0.0114 243 92 326 267
person 0.0062 291 105 329 469
person 0.0061 15 111 159 329
person 0.0041 50 221 278 486
person 0.0016 320 149 328 328
person 0.0014 100 53 328 316
person 0.0010 -1 138 47 445
tvmonitor 0.2139 70 191 115 232
tvmonitor 0.0149 302 141 327 280
tvmonitor 0.0051 84 193 127 242
tvmonitor 0.0049 304 176 327 240
tvmonitor 0.0030 102 195 136 241
tvmonitor 0.0011 65 218 124 255
