bicycle 0.0240 185 333 540 374
bicycle 0.0067 392 301 488 373
bicycle 0.0048 346 329 467 370
bicycle 0.0039 222 281 505 370
bicycle 0.0026 289 348 441 371
bicycle 0.0019 379 354 488 374
bicycle 0.0014 316 303 426 371
bottle 0.0329 378 308 428 373
bottle 0.0087 384 310 410 371
bottle 0.0057 378 336 438 371
bottle 0.0023 0 84 19 157
bottle 0.0013 396 311 419 366
chair 0.0099 221 180 416 376
chair 0.0049 0 233 43 373
diningtable 0.0188 170 345 489 373
diningtable 0.0049 254 352 402 372
diningtable 0.0023 218 356 358 374
person 0.9586 6 138 171 369
person 0.7317 327 97 485 375
person 0.5602 241 77 307 187
person 0.5551 139 69 225 296
person 0.5527 220 121 349 373
person 0.5298 308 91 420 345
person 0.4600 230 237 361 372
person 0.4539 0 50 178 275
person 0.3837 183 142 250 355
person 0.1993 247 129 320 236
person 0.0892 143 73 183 141
person 0.0888 141 74 195 182
person 0.0770 377 77 484 313
person 0.0620 171 78 235 185
person 0.0609 201 116 296 324
person 0.0582 144 92 217 218
person 0.0367 151 71 256 201
person 0.0299 48 58 214 380
person 0.0182 269 90 399 286
person 0.0141 234 226 496 375
person 0.0138 211 78 309 236
person 0.0131 112 158 238 376
person 0.0084 317 96 396 220
person 0.0083 212 134 281 240
person 0.0072 187 136 249 243
person 0.0067 299 106 367 204
person 0.0058 205 153 269 272
person 0.0044 238 71 292 152
person 0.0036 227 96 290 210
person 0.0028 45 49 215 220
person 0.0027 149 147 202 278
person 0.0022 0 38 51 333
person 0.0020 0 166 59 374
person 0.0020 269 284 361 368
person 0.0018 440 72 502 362
person 0.0018 0 42 28 167
person 0.0015 -5 70 27 238
person 0.0014 376 87 438 175
person 0.0011 257 66 397 207
person 0.0011 119 59 175 146
person 0.0011 153 195 201 349
person 0.0010 -1 196 40 349
pottedplant 0.0045 457 287 498 373
pottedplant 0.0030 467 235 501 377
tvmonitor 0.0027 -1 59 26 188
