bus 0.9993 93 43 403 318
bus 0.0287 225 95 412 318
bus 0.0211 1 190 31 232
bus 0.0133 1 166 36 246
bus 0.0066 0 179 18 228
bus 0.0056 77 90 289 313
bus 0.0039 268 154 443 314
bus 0.0032 353 112 466 317
bus 0.0028 20 197 74 229
bus 0.0021 19 170 84 244
bus 0.0015 29 95 168 271
bus 0.0012 243 19 464 347
bus 0.0011 392 31 495 330
bus 0.0011 163 175 411 328
bus 0.0010 50 50 234 271
car 0.0026 12 204 30 223
car 0.0014 0 216 15 235
person 0.6603 411 219 447 305
person 0.2381 398 215 435 304
person 0.1199 419 231 440 304
person 0.0624 401 239 421 300
person 0.0341 389 216 406 297
person 0.0240 251 192 270 236
person 0.0132 204 187 224 236
person 0.0067 361 213 378 234
person 0.0060 238 187 270 232
person 0.0053 419 218 442 272
person 0.0051 375 145 385 165
person 0.0041 258 192 293 235
person 0.0038 373 139 386 161
person 0.0035 365 158 453 313
person 0.0026 228 188 259 240
person 0.0023 0 194 9 317
person 0.0021 388 148 403 169
person 0.0018 388 209 424 271
person 0.0016 403 209 422 283
person 0.0015 388 214 401 239
person 0.0014 321 134 346 157
person 0.0013 438 219 457 293
person 0.0012 226 171 276 243
person 0.0012 346 136 363 159
person 0.0012 487 203 499 281
person 0.0012 312 127 356 160
person 0.0012 461 217 497 306
person 0.0011 353 210 391 257
person 0.0010 390 195 477 326
