bottle 0.0050 340 329 389 378
bottle 0.0017 435 222 466 275
bottle 0.0016 424 208 472 310
bottle 0.0011 446 209 465 261
bottle 0.0010 426 235 463 286
chair 0.0016 232 95 497 413
chair 0.0012 18 230 332 390
horse 0.0020 205 244 447 385
motorbike 0.0077 86 233 411 388
person 0.9402 245 13 476 322
person 0.4236 28 87 305 377
person 0.1243 0 4 105 212
person 0.0832 102 113 401 388
person 0.0442 34 0 144 207
person 0.0221 0 21 51 186
person 0.0195 390 241 488 390
person 0.0172 0 -10 56 336
person 0.0137 49 232 382 391
person 0.0136 64 -13 437 351
person 0.0080 329 315 398 388
person 0.0080 60 7 126 133
person 0.0071 159 5 336 149
person 0.0066 1 -10 195 347
person 0.0065 344 350 394 391
person 0.0045 18 21 86 124
person 0.0041 0 3 51 89
person 0.0038 368 7 501 325
person 0.0022 443 4 501 330
person 0.0021 260 238 466 390
person 0.0020 27 29 72 74
person 0.0018 0 90 45 234
person 0.0017 148 -7 428 225
person 0.0015 2 18 44 66
person 0.0015 282 308 377 387
person 0.0013 456 42 498 164
person 0.0013 456 244 498 393
person 0.0013 1 22 113 374
person 0.0012 31 46 75 93
person 0.0010 0 0 47 36
person 0.0010 215 17 290 127
