bicycle 0.0308 332 215 376 359
bicycle 0.0048 327 151 376 413
bicycle 0.0026 15 154 204 492
bicycle 0.0010 351 242 378 314
horse 0.0125 26 151 243 487
person 0.9827 59 77 325 432
person 0.1037 330 134 375 301
person 0.0145 66 234 365 482
person 0.0125 10 78 210 501
person 0.0085 167 111 368 393
person 0.0032 329 -32 377 307
person 0.0024 364 197 374 361
person 0.0022 214 248 384 480
person 0.0020 306 105 373 334
person 0.0011 366 116 374 324
person 0.0011 249 43 264 68
person 0.0010 245 50 291 80
person 0.0010 253 43 273 66
