bottle 0.0180 130 256 153 312
bottle 0.0168 199 184 216 225
bottle 0.0054 272 285 291 336
bottle 0.0027 120 225 163 324
bottle 0.0021 117 271 135 319
bottle 0.0017 35 154 55 205
bottle 0.0016 131 267 154 295
bottle 0.0016 190 175 218 221
bottle 0.0012 131 259 155 279
person 0.8066 161 101 284 328
person 0.5700 409 90 497 344
person 0.4623 28 97 142 316
person 0.4432 264 81 341 341
person 0.1778 1 114 48 252
person 0.1744 109 101 174 318
person 0.1403 307 67 417 368
person 0.0321 231 106 365 368
person 0.0278 118 103 231 327
person 0.0100 3 101 54 170
person 0.0084 15 106 72 210
person 0.0053 122 94 174 174
person 0.0053 277 81 364 261
person 0.0044 455 210 496 338
person 0.0041 -1 92 14 150
person 0.0038 0 112 14 245
person 0.0032 315 119 486 362
person 0.0026 0 106 17 170
person 0.0019 288 143 342 282
person 0.0017 440 253 460 314
person 0.0016 5 126 49 182
person 0.0015 0 87 36 129
person 0.0014 6 90 101 242
person 0.0011 464 254 498 336
person 0.0011 426 215 479 326
person 0.0010 0 96 14 123
person 0.0010 174 97 253 171
person 0.0010 488 203 499 332
