bottle 0.0025 353 320 391 332
bottle 0.0016 338 324 379 333
bottle 0.0015 307 325 361 333
bottle 0.0014 342 158 401 230
bottle 0.0010 338 315 404 332
bottle 0.0010 351 299 391 332
car 0.0032 286 98 381 120
car 0.0024 64 2 430 81
car 0.0020 269 96 389 140
car 0.0014 94 12 486 272
chair 0.0019 100 194 323 330
person 0.7252 128 87 360 335
person 0.5955 3 17 255 319
person 0.2846 375 104 500 335
person 0.0097 -2 32 139 350
person 0.0088 402 75 503 219
person 0.0058 322 70 501 264
person 0.0044 70 19 358 273
person 0.0043 425 74 487 161
person 0.0038 444 99 501 178
person 0.0035 487 69 499 122
person 0.0031 433 75 476 113
person 0.0021 -2 0 36 122
person 0.0020 264 99 469 338
person 0.0014 449 71 467 91
person 0.0010 4 140 180 332
