bottle 0.0051 132 99 150 144
bottle 0.0011 132 114 151 158
chair 0.0174 53 256 132 335
chair 0.0016 91 221 166 328
chair 0.0011 39 237 154 353
diningtable 0.0020 68 331 506 379
diningtable 0.0010 -13 279 436 377
person 0.9423 213 92 387 338
person 0.7725 70 29 280 347
person 0.1728 -1 138 42 340
person 0.0348 46 232 85 330
person 0.0294 451 129 499 354
person 0.0238 128 25 366 301
person 0.0237 54 226 133 330
person 0.0235 259 60 380 202
person 0.0185 60 117 119 201
person 0.0168 350 116 398 196
person 0.0093 384 112 423 205
person 0.0082 316 46 356 90
person 0.0065 3 132 36 235
person 0.0054 39 147 155 341
person 0.0047 405 123 426 181
person 0.0039 15 143 35 190
person 0.0037 386 75 500 360
person 0.0036 0 174 13 328
person 0.0035 11 140 98 341
person 0.0031 52 139 72 195
person 0.0028 75 99 107 142
person 0.0027 289 72 364 173
person 0.0026 118 110 157 152
person 0.0024 37 143 57 191
person 0.0021 113 98 130 143
person 0.0020 55 196 207 341
person 0.0018 336 86 391 182
person 0.0017 152 99 168 142
person 0.0017 354 124 386 178
person 0.0017 97 99 115 140
person 0.0017 73 114 108 159
person 0.0015 257 59 325 151
person 0.0014 350 126 370 175
person 0.0012 35 127 89 204
person 0.0012 29 187 86 306
person 0.0012 0 143 17 191
person 0.0011 402 144 423 214
person 0.0011 490 129 500 287
person 0.0011 281 365 305 374
person 0.0010 303 97 410 340
person 0.0010 53 256 75 333
pottedplant 0.1766 306 47 366 150
pottedplant 0.0566 313 40 364 109
pottedplant 0.0047 314 70 359 126
pottedplant 0.0027 328 52 371 95
pottedplant 0.0026 332 70 367 118
