bottle 0.0028 302 445 332 499
bottle 0.0010 300 382 334 498
diningtable 0.0037 -16 305 295 490
dog 0.0088 -7 159 289 484
person 0.9344 0 68 230 427
person 0.4158 111 74 321 509
person 0.2081 60 78 272 349
person 0.1712 197 63 334 377
person 0.0483 251 73 330 496
person 0.0196 297 77 331 494
person 0.0131 -2 335 31 476
person 0.0045 291 279 334 505
person 0.0040 326 157 333 399
person 0.0034 5 313 131 482
person 0.0033 312 197 333 458
person 0.0029 313 -1 333 188
person 0.0026 0 246 37 484
person 0.0024 309 90 331 331
person 0.0019 -10 238 239 488
person 0.0016 298 -13 332 289
person 0.0011 260 293 330 497
