bottle 0.0228 253 195 278 249
bottle 0.0042 257 203 273 261
bottle 0.0010 236 197 262 253
bus 0.9481 11 82 319 420
bus 0.2137 0 177 36 316
bus 0.1002 0 112 64 323
bus 0.0206 0 125 126 369
bus 0.0055 326 146 332 295
bus 0.0030 0 215 31 285
bus 0.0029 -10 89 197 345
bus 0.0019 301 197 328 244
bus 0.0019 307 185 321 255
bus 0.0018 15 166 170 438
bus 0.0017 249 197 286 289
bus 0.0013 300 217 329 259
bus 0.0012 274 189 316 304
bus 0.0012 256 85 330 410
bus 0.0011 279 222 308 269
car 0.0642 1 229 216 445
person 0.9579 52 245 120 459
person 0.0080 8 103 65 188
person 0.0073 173 196 216 242
person 0.0040 157 185 229 249
person 0.0026 326 93 332 272
person 0.0023 39 255 173 452
person 0.0020 149 196 181 244
person 0.0018 97 185 129 231
person 0.0016 163 208 208 245
person 0.0013 0 126 5 235
person 0.0012 195 189 236 239
person 0.0010 209 168 236 207
