bus 0.0027 154 52 498 379
car 0.0094 -1 0 59 24
car 0.0012 -2 0 30 11
car 0.0010 214 233 289 317
chair 0.0339 5 226 113 368
chair 0.0169 210 237 294 363
chair 0.0042 0 166 190 365
chair 0.0015 281 79 454 185
chair 0.0013 -1 213 55 372
chair 0.0011 0 273 181 365
person 0.8269 23 27 231 350
person 0.0436 1 31 43 284
person 0.0391 0 135 30 287
person 0.0347 2 55 126 377
person 0.0148 0 129 43 354
person 0.0051 81 152 245 370
person 0.0039 1 137 16 329
person 0.0021 0 55 11 271
person 0.0019 42 19 292 242
person 0.0013 16 49 192 224
person 0.0012 85 346 173 372
person 0.0010 6 32 116 234
tvmonitor 0.0024 307 116 435 178
tvmonitor 0.0022 129 13 280 132
tvmonitor 0.0016 275 91 455 212
