bottle 0.0829 331 238 353 293
bottle 0.0205 339 241 359 293
bottle 0.0055 318 236 361 294
bottle 0.0037 216 205 264 290
bottle 0.0032 215 206 233 272
bottle 0.0015 234 203 257 272
bottle 0.0011 195 246 213 283
chair 0.0026 0 231 99 372
chair 0.0015 0 279 60 375
chair 0.0015 6 274 192 374
chair 0.0010 205 332 363 374
chair 0.0010 46 224 211 367
diningtable 0.0040 161 281 492 367
person 0.9485 36 49 209 381
person 0.3892 441 152 498 347
person 0.0885 290 106 378 276
person 0.0541 307 121 365 249
person 0.0413 306 124 363 187
person 0.0094 1 62 104 323
person 0.0078 150 232 507 372
person 0.0066 -1 111 12 160
person 0.0062 233 102 429 383
person 0.0049 312 121 356 161
person 0.0048 40 13 207 211
person 0.0039 403 172 493 368
person 0.0039 463 135 500 248
person 0.0038 121 93 309 347
person 0.0031 316 131 491 358
person 0.0024 451 8 501 312
person 0.0023 134 184 368 368
person 0.0016 -1 33 28 166
person 0.0016 299 119 424 308
person 0.0012 388 43 500 336
pottedplant 0.1928 1 166 58 265
pottedplant 0.0346 0 113 60 315
pottedplant 0.0159 3 195 51 240
pottedplant 0.0066 -1 94 101 337
pottedplant 0.0040 184 195 247 289
pottedplant 0.0032 19 196 72 240
pottedplant 0.0023 15 136 78 243
pottedplant 0.0021 0 217 51 265
pottedplant 0.0018 0 174 14 265
pottedplant 0.0018 225 199 258 245
pottedplant 0.0016 202 197 246 243
pottedplant 0.0014 -3 195 31 245
pottedplant 0.0012 178 197 224 242
pottedplant 0.0011 14 189 74 294
