bicycle 0.9261 135 391 296 500
bicycle 0.1914 137 419 244 493
bicycle 0.0934 201 372 329 499
bicycle 0.0400 108 326 277 490
bicycle 0.0111 195 389 285 488
bicycle 0.0077 106 434 181 499
bicycle 0.0073 236 389 301 490
bicycle 0.0043 61 382 225 495
bicycle 0.0034 162 428 218 477
bicycle 0.0019 257 393 325 490
bicycle 0.0017 191 422 244 469
bicycle 0.0017 178 259 310 478
bicycle 0.0013 188 363 258 462
bicycle 0.0011 72 427 215 515
bicycle 0.0011 111 447 161 495
person 0.0069 208 360 271 465
person 0.0045 307 252 333 391
person 0.0014 324 258 333 372
pottedplant 0.0370 256 313 332 494
pottedplant 0.0218 49 307 232 499
pottedplant 0.0052 249 348 286 471
pottedplant 0.0048 301 332 331 480
pottedplant 0.0025 116 168 167 262
pottedplant 0.0019 213 256 322 479
pottedplant 0.0014 34 96 249 328
pottedplant 0.0013 297 396 332 490
pottedplant 0.0013 125 227 157 269
pottedplant 0.0012 125 192 158 245
pottedplant 0.0011 4 274 30 324
pottedplant 0.0010 303 419 331 473
