bottle 0.0011 482 329 498 377
chair 0.0018 28 166 245 370
chair 0.0013 41 215 386 377
person 0.6806 235 12 425 310
person 0.6174 62 42 430 393
person 0.1594 472 220 499 374
person 0.0554 483 201 499 330
person 0.0165 485 254 499 363
person 0.0131 195 103 458 374
person 0.0109 477 152 500 341
person 0.0053 454 178 501 366
person 0.0039 287 18 503 364
person 0.0026 387 163 496 370
person 0.0025 488 93 500 296
person 0.0022 23 121 255 370
person 0.0021 475 233 500 298
person 0.0021 -5 6 54 309
person 0.0015 457 30 499 345
person 0.0014 32 8 392 266
person 0.0011 471 265 500 336
