bicycle 0.0539 -17 151 434 479
bicycle 0.0023 13 225 270 476
bottle 0.0020 471 277 499 439
car 0.0037 181 2 256 40
car 0.0033 162 0 277 57
car 0.0014 68 0 276 46
car 0.0014 204 2 282 41
person 0.8714 95 -13 313 425
person 0.1190 83 23 492 472
person 0.0258 330 224 386 345
person 0.0189 199 20 277 100
person 0.0106 90 10 276 273
person 0.0044 338 249 377 317
person 0.0038 273 124 451 446
person 0.0031 341 281 381 351
person 0.0023 34 85 249 478
person 0.0019 331 236 351 311
person 0.0017 298 225 368 340
person 0.0014 252 193 325 297
train 0.0359 82 74 491 492
