boat 0.0014 407 27 490 235
bottle 0.0162 381 237 398 288
bottle 0.0026 367 240 382 289
bottle 0.0024 379 223 407 281
bottle 0.0015 368 256 384 282
bottle 0.0014 400 222 418 279
bottle 0.0012 383 235 399 267
bus 0.0012 438 52 499 154
car 0.0018 437 79 496 175
car 0.0016 446 102 497 142
chair 0.0095 78 279 118 325
chair 0.0032 70 285 103 330
chair 0.0010 410 15 492 195
chair 0.0010 59 238 134 318
person 0.9523 24 20 395 357
person 0.6047 374 166 498 377
person 0.2863 29 259 68 353
person 0.2855 282 190 386 372
person 0.2344 1 278 40 371
person 0.0808 117 0 527 321
person 0.0489 374 193 419 291
person 0.0268 11 159 330 374
person 0.0170 162 167 425 384
person 0.0153 303 200 375 291
person 0.0134 0 300 18 375
person 0.0124 488 164 500 224
person 0.0068 381 193 413 253
person 0.0068 487 172 499 273
person 0.0063 0 236 51 324
person 0.0051 430 140 499 360
person 0.0046 377 210 412 270
person 0.0046 0 255 17 308
person 0.0044 245 276 322 377
person 0.0039 117 22 377 260
person 0.0039 250 81 464 357
person 0.0036 0 260 17 359
person 0.0035 3 255 45 297
person 0.0030 31 258 69 303
person 0.0029 14 262 39 329
person 0.0026 321 203 379 339
person 0.0026 21 242 79 325
person 0.0025 324 173 396 267
person 0.0021 51 276 73 341
person 0.0020 404 28 495 287
person 0.0020 452 182 496 308
person 0.0018 317 212 360 262
person 0.0018 1 259 30 303
person 0.0017 238 270 407 372
person 0.0017 387 185 410 206
person 0.0017 34 259 55 281
person 0.0015 -9 236 59 379
person 0.0012 0 279 29 340
person 0.0012 383 188 407 234
person 0.0011 301 214 338 261
person 0.0011 487 169 499 196
person 0.0011 388 171 427 215
person 0.0011 320 202 355 245
person 0.0011 317 188 356 232
person 0.0010 21 305 43 371
