chair 0.0077 146 218 339 441
chair 0.0027 285 238 368 342
diningtable 0.0127 117 385 369 494
diningtable 0.0090 77 186 347 465
diningtable 0.0035 26 309 403 498
dog 0.0026 210 203 261 241
person 0.9716 -9 -30 322 449
person 0.4826 325 154 375 271
person 0.0758 30 161 339 484
person 0.0679 280 195 376 385
person 0.0631 0 64 208 512
person 0.0178 273 267 373 454
person 0.0117 111 11 369 412
person 0.0087 326 159 373 408
person 0.0067 176 74 369 270
person 0.0067 11 3 248 286
person 0.0040 336 151 373 213
person 0.0031 238 144 375 365
person 0.0028 341 197 372 369
person 0.0026 171 216 371 437
person 0.0020 361 141 372 224
person 0.0015 306 141 370 229
person 0.0011 276 320 375 417
