bicycle 0.0030 197 165 291 310
bottle 0.0030 190 203 208 221
bottle 0.0018 291 162 306 208
bottle 0.0014 293 186 305 205
bottle 0.0012 211 177 229 245
bottle 0.0010 291 175 305 198
car 0.0079 371 94 416 114
car 0.0048 377 92 409 109
car 0.0038 285 90 304 106
car 0.0030 301 99 326 112
car 0.0012 289 97 310 112
car 0.0011 302 94 325 106
car 0.0010 256 79 293 113
dog 0.1177 186 193 228 302
dog 0.0080 176 181 254 306
dog 0.0029 189 215 221 272
dog 0.0011 186 203 221 243
person 0.9697 211 74 301 304
person 0.0069 487 83 499 131
person 0.0045 223 125 286 252
person 0.0019 168 127 273 306
person 0.0017 485 98 499 121
person 0.0011 46 114 58 131
