chair 0.0049 17 243 313 478
chair 0.0024 254 303 334 498
chair 0.0023 302 326 334 486
person 0.7585 44 185 203 402
person 0.2374 202 199 329 452
person 0.1395 143 77 231 260
person 0.0606 250 181 332 394
person 0.0590 0 121 40 379
person 0.0512 270 205 324 304
person 0.0498 96 96 138 189
person 0.0496 36 186 288 461
person 0.0265 259 99 332 326
person 0.0260 305 83 333 191
person 0.0251 296 221 331 341
person 0.0221 322 86 333 159
person 0.0215 1 165 64 402
person 0.0179 267 94 327 179
person 0.0140 198 81 247 174
person 0.0105 141 81 204 187
person 0.0102 267 161 320 272
person 0.0078 240 96 306 181
person 0.0075 265 109 325 228
person 0.0073 -1 264 37 380
person 0.0067 323 86 333 123
person 0.0059 63 94 125 189
person 0.0054 307 82 331 134
person 0.0054 276 103 318 153
person 0.0052 305 121 332 301
person 0.0046 293 71 332 348
person 0.0039 32 88 146 253
person 0.0035 116 69 264 341
person 0.0035 0 226 39 503
person 0.0035 204 81 238 134
person 0.0035 0 92 26 262
person 0.0031 287 180 334 473
person 0.0030 276 220 314 272
person 0.0029 285 87 320 129
person 0.0028 46 81 228 338
person 0.0026 206 215 232 264
person 0.0024 241 163 305 265
person 0.0024 320 221 332 334
person 0.0023 166 124 326 389
person 0.0022 107 99 136 153
person 0.0022 185 80 300 264
person 0.0020 323 87 333 232
person 0.0020 6 186 126 387
person 0.0020 301 226 332 284
person 0.0019 238 210 307 295
person 0.0019 164 72 265 224
person 0.0019 252 106 292 154
person 0.0017 247 109 303 229
person 0.0016 3 188 57 322
person 0.0015 314 101 333 176
person 0.0014 208 75 266 144
person 0.0014 253 221 292 270
person 0.0014 297 93 328 151
person 0.0014 40 93 92 185
person 0.0014 -1 296 37 344
person 0.0014 0 61 77 292
person 0.0013 0 174 10 382
person 0.0013 107 95 168 185
person 0.0012 249 86 291 129
person 0.0012 217 83 255 132
person 0.0011 0 89 8 277
person 0.0011 229 235 307 340
person 0.0010 259 121 293 172
sofa 0.0460 36 239 348 488
