boat 0.0014 207 217 298 279
boat 0.0013 178 190 321 292
car 0.0069 213 255 299 283
car 0.0051 202 267 315 322
person 0.7532 355 181 407 301
person 0.6551 184 181 232 286
person 0.6428 79 185 133 301
person 0.5575 39 186 74 283
person 0.2549 420 193 449 280
person 0.2225 458 189 495 282
person 0.1238 141 187 173 283
person 0.0749 113 180 160 296
person 0.0295 298 242 331 272
person 0.0127 486 184 498 292
person 0.0062 0 206 10 270
person 0.0041 145 194 167 256
person 0.0032 484 174 498 245
person 0.0029 84 174 169 306
person 0.0028 148 214 167 289
person 0.0024 323 236 337 264
person 0.0020 209 258 228 295
person 0.0019 460 186 483 262
person 0.0018 291 244 311 268
person 0.0014 310 246 353 277
person 0.0013 60 192 80 257
person 0.0012 291 229 349 277
person 0.0012 192 213 214 288
person 0.0012 151 163 266 289
person 0.0012 190 249 225 284
person 0.0011 197 256 214 284
person 0.0011 273 252 294 272
person 0.0010 19 175 102 304
person 0.0010 160 248 198 287
person 0.0010 117 216 136 290
