bus 0.0016 10 139 141 295
chair 0.0040 151 207 185 266
chair 0.0014 70 355 353 505
person 0.6305 197 170 249 267
person 0.4887 104 261 282 494
person 0.3833 16 256 134 477
person 0.2156 161 206 196 260
person 0.1771 303 251 373 484
person 0.1588 0 197 50 305
person 0.0642 291 239 350 341
person 0.0471 329 246 375 411
person 0.0326 218 244 268 331
person 0.0286 2 217 72 439
person 0.0219 218 198 268 294
person 0.0213 1 249 44 407
person 0.0164 34 256 214 485
person 0.0153 287 174 312 220
person 0.0141 1 172 71 337
person 0.0132 276 174 316 270
person 0.0107 143 180 190 271
person 0.0097 170 212 208 264
person 0.0080 199 208 237 262
person 0.0076 273 193 325 303
person 0.0075 179 247 259 331
person 0.0059 228 213 264 272
person 0.0046 220 178 256 248
person 0.0043 2 212 42 273
person 0.0043 364 230 374 282
person 0.0037 155 203 184 269
person 0.0025 103 263 147 313
person 0.0025 1 200 39 238
person 0.0024 350 174 361 198
person 0.0022 94 254 155 328
person 0.0022 280 219 367 364
person 0.0019 326 317 376 482
person 0.0018 0 191 8 327
person 0.0018 0 259 7 450
person 0.0017 150 246 225 329
person 0.0014 218 166 252 205
person 0.0014 9 286 61 427
person 0.0013 180 146 296 291
person 0.0012 366 243 375 309
person 0.0011 0 186 9 254
person 0.0010 199 158 237 206
person 0.0010 194 208 221 268
