bus 0.0013 -1 97 39 180
car 0.0591 1 131 38 172
car 0.0085 347 118 405 153
car 0.0079 1 131 20 175
car 0.0039 484 187 499 205
car 0.0024 0 138 25 164
car 0.0016 15 133 74 168
car 0.0012 0 142 30 178
chair 0.0011 351 111 433 154
horse 0.1789 160 125 417 378
horse 0.0043 45 110 150 253
horse 0.0038 18 85 403 348
horse 0.0027 150 69 373 310
person 0.9996 244 41 353 259
person 0.0128 189 150 322 378
person 0.0047 295 110 351 260
person 0.0042 487 178 499 235
person 0.0010 325 121 466 372
person 0.0010 488 167 499 273
