car 0.0072 453 0 493 8
car 0.0014 473 1 497 13
chair 0.0048 -2 273 185 375
chair 0.0035 6 282 106 374
chair 0.0033 172 224 469 362
chair 0.0027 444 291 498 371
chair 0.0023 44 290 138 373
chair 0.0020 88 296 181 370
chair 0.0010 118 294 228 367
diningtable 0.0025 36 283 310 371
person 0.8322 151 186 424 348
person 0.3039 239 176 484 331
person 0.1711 387 148 495 339
person 0.0884 443 142 500 344
person 0.0667 1 120 47 374
person 0.0651 -2 139 119 355
person 0.0482 91 147 350 340
person 0.0274 455 205 497 334
person 0.0224 3 234 113 374
person 0.0150 215 2 263 38
person 0.0044 1 186 33 356
person 0.0042 205 -2 273 48
person 0.0027 39 239 387 364
person 0.0022 9 283 256 371
person 0.0017 487 194 499 339
person 0.0014 232 215 252 234
person 0.0013 217 19 269 52
person 0.0013 376 16 496 313
person 0.0011 211 212 231 234
person 0.0010 7 199 173 352
person 0.0010 197 0 244 36
person 0.0010 0 172 11 332
tvmonitor 0.4014 381 147 491 278
tvmonitor 0.2072 0 142 35 278
tvmonitor 0.1275 3 120 112 260
tvmonitor 0.1052 164 143 319 288
tvmonitor 0.0468 0 118 47 317
tvmonitor 0.0260 12 125 165 301
tvmonitor 0.0113 24 132 96 236
tvmonitor 0.0095 0 183 31 238
tvmonitor 0.0053 0 164 30 219
tvmonitor 0.0042 48 135 123 234
tvmonitor 0.0030 131 129 433 314
tvmonitor 0.0028 361 165 468 254
tvmonitor 0.0018 41 98 313 285
tvmonitor 0.0015 193 146 292 232
tvmonitor 0.0013 0 172 14 245
