car 0.2274 34 168 91 267
car 0.1596 4 171 54 254
car 0.0779 76 179 123 269
car 0.0190 59 200 101 246
car 0.0166 7 198 50 243
car 0.0117 42 182 85 243
car 0.0051 32 180 65 237
car 0.0036 0 186 12 254
car 0.0030 2 181 28 237
car 0.0029 96 190 127 256
car 0.0014 0 192 16 222
car 0.0013 488 102 500 174
chair 0.0724 334 229 404 315
chair 0.0375 99 196 148 276
chair 0.0221 372 221 424 317
chair 0.0178 106 231 144 272
chair 0.0084 406 197 493 341
chair 0.0043 119 228 158 275
chair 0.0026 291 217 341 322
chair 0.0014 139 231 179 275
chair 0.0012 341 247 392 298
chair 0.0011 242 189 351 341
chair 0.0010 96 233 167 293
person 0.9509 263 93 340 336
person 0.9292 206 99 280 332
person 0.6140 100 171 142 275
person 0.5164 147 177 196 294
person 0.4905 388 148 427 283
person 0.2577 182 113 255 319
person 0.1908 52 160 89 206
person 0.1137 34 159 64 203
person 0.0742 100 171 141 217
person 0.0584 3 158 55 234
person 0.0370 133 167 155 220
person 0.0284 181 141 226 296
person 0.0276 34 159 84 229
person 0.0253 0 176 13 242
person 0.0230 150 175 184 220
person 0.0185 95 187 116 260
person 0.0138 3 176 51 217
person 0.0101 72 166 109 213
person 0.0094 397 158 428 217
person 0.0076 43 176 63 239
person 0.0072 7 159 51 203
person 0.0071 153 183 190 244
person 0.0065 106 182 132 262
person 0.0058 276 115 331 257
person 0.0057 357 165 431 319
person 0.0052 105 160 147 235
person 0.0052 190 111 237 262
person 0.0044 133 165 156 191
person 0.0038 0 149 13 210
person 0.0038 205 120 224 145
person 0.0038 211 104 276 213
person 0.0038 392 180 430 242
person 0.0037 59 163 84 194
person 0.0037 92 184 113 207
person 0.0036 157 171 178 193
person 0.0031 62 172 97 209
person 0.0030 217 207 273 329
person 0.0028 154 179 180 202
person 0.0028 108 181 131 207
person 0.0027 38 148 79 188
person 0.0025 69 180 94 205
person 0.0023 109 167 132 191
person 0.0022 147 163 186 197
person 0.0022 173 179 191 200
person 0.0021 292 136 346 291
person 0.0020 130 184 149 263
person 0.0020 0 180 15 207
person 0.0019 95 174 115 213
person 0.0018 172 171 192 194
person 0.0018 40 176 63 205
person 0.0015 148 153 191 231
person 0.0015 458 186 480 203
person 0.0014 489 98 499 228
person 0.0013 153 206 193 273
person 0.0012 67 167 90 193
person 0.0011 193 113 224 157
person 0.0010 171 176 190 215
person 0.0010 2 121 47 209
person 0.0010 56 157 82 182
pottedplant 0.3807 338 163 400 266
pottedplant 0.1363 327 140 409 300
pottedplant 0.1010 335 146 391 232
pottedplant 0.0312 338 190 390 236
pottedplant 0.0276 341 164 385 212
pottedplant 0.0154 72 197 124 271
pottedplant 0.0058 340 144 380 180
pottedplant 0.0045 341 223 392 265
pottedplant 0.0019 332 127 386 197
pottedplant 0.0018 70 197 98 251
pottedplant 0.0014 343 143 375 161
pottedplant 0.0011 61 207 100 264
tvmonitor 0.0019 412 169 476 259
tvmonitor 0.0010 418 189 466 233
