bicycle 0.5351 259 295 371 365
bicycle 0.0057 283 307 353 352
bicycle 0.0054 263 309 326 354
bicycle 0.0032 253 282 462 371
bicycle 0.0013 319 292 401 366
bicycle 0.0013 221 301 297 368
boat 0.0032 152 163 276 210
boat 0.0012 126 173 215 201
car 0.0087 488 101 499 115
car 0.0040 422 99 445 112
car 0.0023 439 101 458 114
car 0.0020 420 88 439 102
car 0.0015 176 170 251 204
car 0.0011 405 86 421 99
chair 0.0021 149 173 174 188
chair 0.0017 129 167 194 193
chair 0.0013 1 238 46 368
person 0.0588 286 182 302 213
person 0.0063 461 99 475 115
person 0.0061 275 164 308 207
person 0.0043 4 222 111 380
person 0.0033 284 184 309 225
person 0.0029 64 239 117 362
person 0.0028 323 153 345 200
person 0.0016 287 187 306 254
person 0.0012 310 156 328 197
person 0.0010 131 97 151 155
pottedplant 0.2685 219 220 254 250
pottedplant 0.1036 214 225 240 246
pottedplant 0.0825 216 204 255 283
pottedplant 0.0645 203 223 241 261
pottedplant 0.0256 35 204 93 285
pottedplant 0.0160 218 200 257 241
pottedplant 0.0107 42 220 86 266
pottedplant 0.0076 198 201 244 235
pottedplant 0.0067 59 205 113 286
pottedplant 0.0063 5 205 112 348
pottedplant 0.0063 -1 197 47 290
pottedplant 0.0051 4 219 48 251
pottedplant 0.0049 233 237 254 258
pottedplant 0.0042 227 211 249 236
pottedplant 0.0034 232 220 276 254
pottedplant 0.0033 182 221 228 252
pottedplant 0.0030 65 218 108 265
pottedplant 0.0029 229 199 248 223
pottedplant 0.0029 175 292 235 317
pottedplant 0.0029 191 226 212 245
pottedplant 0.0027 181 231 227 270
pottedplant 0.0027 227 200 248 251
pottedplant 0.0027 211 186 264 252
pottedplant 0.0026 220 355 297 375
pottedplant 0.0026 183 225 245 315
pottedplant 0.0025 232 220 253 279
pottedplant 0.0024 -5 191 62 357
pottedplant 0.0023 213 238 237 257
pottedplant 0.0023 243 229 266 249
pottedplant 0.0022 244 240 263 261
pottedplant 0.0020 238 230 273 273
pottedplant 0.0019 173 352 256 375
pottedplant 0.0014 212 213 234 235
pottedplant 0.0013 3 230 49 269
pottedplant 0.0013 60 230 100 272
pottedplant 0.0011 197 283 240 315
pottedplant 0.0011 190 213 210 232
pottedplant 0.0011 191 254 236 296
pottedplant 0.0010 36 203 86 240
pottedplant 0.0010 184 203 225 242
pottedplant 0.0010 191 240 215 258
