bus 0.9988 2 9 418 308
bus 0.7953 158 60 489 372
bus 0.0945 2 58 35 196
bus 0.0617 -18 166 444 369
bus 0.0227 291 88 502 335
bus 0.0115 12 102 41 145
bus 0.0096 0 116 13 214
bus 0.0095 3 102 33 155
bus 0.0055 0 33 45 278
bus 0.0055 0 75 13 170
bus 0.0043 6 41 120 270
bus 0.0043 0 138 27 193
bus 0.0038 15 27 192 287
bus 0.0030 17 78 87 177
bus 0.0027 15 111 36 138
bus 0.0015 5 80 36 131
bus 0.0011 1 121 19 148
bus 0.0010 13 120 33 144
car 0.0047 -2 118 31 257
car 0.0031 0 128 12 232
car 0.0012 0 155 28 206
car 0.0011 5 42 119 329
car 0.0010 -1 153 17 179
chair 0.0128 0 230 54 374
person 0.3961 0 179 63 372
person 0.0179 1 173 46 319
person 0.0137 313 165 352 209
person 0.0113 188 197 218 242
person 0.0109 1 121 105 373
person 0.0100 180 210 200 264
person 0.0093 299 150 361 223
person 0.0079 268 164 314 206
person 0.0078 180 198 208 254
person 0.0075 255 147 326 223
person 0.0040 183 183 224 255
person 0.0032 488 199 500 269
person 0.0027 152 106 195 148
person 0.0024 303 162 335 204
person 0.0023 186 213 216 264
person 0.0023 149 236 172 257
person 0.0017 234 162 273 206
person 0.0015 179 229 208 267
person 0.0015 139 87 205 170
person 0.0013 191 107 230 150
person 0.0010 223 144 279 226
train 0.0097 341 94 523 330
