bottle 0.0010 331 289 381 331
chair 0.9716 193 84 308 237
chair 0.1342 166 51 330 185
chair 0.0714 3 30 181 202
chair 0.0462 81 82 274 251
chair 0.0302 206 87 296 153
chair 0.0288 246 81 326 151
chair 0.0190 121 15 303 171
chair 0.0107 141 99 219 175
chair 0.0105 144 144 353 284
chair 0.0056 380 196 496 331
chair 0.0047 -1 75 39 200
chair 0.0046 -3 31 53 244
chair 0.0037 245 54 337 131
chair 0.0034 449 257 499 331
chair 0.0034 12 200 112 335
chair 0.0033 206 177 291 251
chair 0.0033 162 79 260 158
chair 0.0029 176 24 251 105
chair 0.0028 213 56 289 128
chair 0.0027 176 58 248 122
chair 0.0024 109 102 150 139
chair 0.0023 138 119 215 212
chair 0.0022 191 65 236 96
chair 0.0022 258 94 317 139
chair 0.0022 98 74 170 156
chair 0.0022 396 262 487 334
chair 0.0019 247 176 313 259
chair 0.0018 227 70 273 108
chair 0.0017 403 304 479 333
chair 0.0017 107 114 149 152
chair 0.0017 220 98 280 137
chair 0.0013 356 290 459 331
chair 0.0012 462 173 499 312
chair 0.0011 375 301 441 332
chair 0.0010 440 191 503 334
diningtable 0.4234 69 260 506 329
diningtable 0.1164 4 209 495 341
diningtable 0.0060 42 165 382 326
diningtable 0.0053 152 290 495 332
diningtable 0.0051 36 245 317 334
diningtable 0.0026 264 269 390 331
person 0.9523 305 62 491 316
person 0.8254 3 54 164 325
person 0.0846 0 8 186 169
person 0.0470 35 2 219 125
person 0.0362 329 0 382 113
person 0.0252 276 -4 377 132
person 0.0243 153 12 344 172
person 0.0223 -5 3 121 129
person 0.0152 365 146 501 327
person 0.0057 143 4 283 122
person 0.0056 198 83 460 298
person 0.0043 0 100 55 331
person 0.0033 58 1 280 89
person 0.0030 -2 13 55 114
person 0.0030 4 1 98 78
person 0.0026 -1 -1 63 177
person 0.0025 305 7 368 114
person 0.0019 3 137 120 336
person 0.0017 36 5 158 72
person 0.0016 442 150 501 328
person 0.0015 163 -2 331 91
person 0.0013 -2 118 33 264
person 0.0012 33 123 309 308
person 0.0011 0 110 10 231
person 0.0010 170 0 256 79
person 0.0010 331 6 478 120
pottedplant 0.0461 226 -2 359 134
pottedplant 0.0019 246 20 341 108
pottedplant 0.0016 212 19 284 108
