bottle 0.0031 297 86 342 125
chair 0.0012 462 240 501 366
person 0.8422 6 49 168 385
person 0.7969 303 42 498 336
person 0.7689 165 107 316 367
person 0.4960 1 89 44 170
person 0.4101 416 80 453 128
person 0.2399 145 83 216 171
person 0.1194 28 81 62 131
person 0.1140 259 56 407 320
person 0.0920 -1 61 45 372
person 0.0802 263 117 315 196
person 0.0729 147 120 208 197
person 0.0725 149 141 202 229
person 0.0598 8 85 44 136
person 0.0593 451 50 496 147
person 0.0554 385 29 496 297
person 0.0357 272 130 310 182
person 0.0278 169 93 237 174
person 0.0277 0 92 12 207
person 0.0262 488 73 499 137
person 0.0256 1 85 35 285
person 0.0225 105 127 253 364
person 0.0213 412 84 471 161
person 0.0211 441 16 496 304
person 0.0170 188 84 374 295
person 0.0139 154 134 200 182
person 0.0138 16 85 76 166
person 0.0136 0 75 10 282
person 0.0133 114 53 237 202
person 0.0117 18 39 164 233
person 0.0116 419 97 459 142
person 0.0111 0 72 15 148
person 0.0104 303 84 353 123
person 0.0095 26 98 65 146
person 0.0094 1 103 30 164
person 0.0094 304 105 349 148
person 0.0092 0 84 29 136
person 0.0085 295 91 362 169
person 0.0084 294 102 355 218
person 0.0079 490 57 499 213
person 0.0076 456 70 494 126
person 0.0054 155 101 205 155
person 0.0054 17 95 41 122
person 0.0050 35 94 61 124
person 0.0049 42 85 79 129
person 0.0047 127 61 300 262
person 0.0044 375 62 448 132
person 0.0044 392 77 435 121
person 0.0043 419 58 462 105
person 0.0041 157 154 202 203
person 0.0040 411 47 471 117
person 0.0039 250 99 324 170
person 0.0037 487 41 499 119
person 0.0035 146 139 181 189
person 0.0034 423 85 470 125
person 0.0030 35 73 59 121
person 0.0028 0 78 16 106
person 0.0028 373 114 499 366
person 0.0028 458 52 497 104
person 0.0028 146 156 184 201
person 0.0027 13 109 40 133
person 0.0026 456 72 496 239
person 0.0025 203 107 290 196
person 0.0024 267 123 288 179
person 0.0024 292 76 367 133
person 0.0024 13 74 44 119
person 0.0023 285 123 306 180
person 0.0022 263 111 313 156
person 0.0022 363 39 442 115
person 0.0021 180 111 216 159
person 0.0020 0 51 13 111
person 0.0019 3 120 40 184
person 0.0018 0 73 26 116
person 0.0018 24 81 42 107
person 0.0014 444 103 495 138
person 0.0014 186 125 232 177
person 0.0013 151 79 203 127
person 0.0013 0 94 19 120
person 0.0013 53 94 73 124
person 0.0012 263 139 298 188
person 0.0011 317 95 357 145
person 0.0011 110 110 174 208
person 0.0011 296 114 336 153
person 0.0011 444 114 501 369
person 0.0011 269 114 289 160
person 0.0011 1 118 16 151
person 0.0010 144 119 184 160
person 0.0010 416 91 441 142
tvmonitor 0.0021 371 202 420 238
