bottle 0.8349 361 268 420 377
bottle 0.0920 237 226 275 319
bottle 0.0394 340 258 388 355
bottle 0.0201 344 249 449 372
bottle 0.0102 223 207 271 291
bottle 0.0054 170 36 188 88
bottle 0.0047 291 289 359 369
bottle 0.0047 190 25 206 77
bottle 0.0038 292 201 339 283
bottle 0.0036 282 222 322 271
bottle 0.0032 341 275 381 331
bottle 0.0027 206 21 224 81
bottle 0.0025 425 282 486 374
bottle 0.0021 305 258 358 353
bottle 0.0016 154 38 170 86
bottle 0.0016 235 243 287 344
bottle 0.0014 370 277 415 338
bottle 0.0013 439 247 501 365
bottle 0.0011 321 298 344 346
bottle 0.0011 351 300 394 357
bottle 0.0010 303 307 346 354
bottle 0.0010 100 40 117 89
chair 0.0039 438 292 498 372
chair 0.0034 124 172 197 263
diningtable 0.1690 -29 221 444 376
diningtable 0.0330 9 275 331 373
diningtable 0.0258 276 274 466 376
diningtable 0.0047 86 273 483 376
diningtable 0.0014 161 321 489 383
diningtable 0.0012 155 165 493 385
diningtable 0.0010 286 334 451 376
diningtable 0.0010 -2 322 346 375
person 0.9034 208 51 321 263
person 0.5734 0 105 98 371
person 0.3877 331 88 484 344
person 0.3579 18 122 180 304
person 0.1211 454 71 492 114
person 0.1171 323 98 414 282
person 0.0599 -1 -4 195 320
person 0.0491 392 91 495 296
person 0.0456 0 -13 64 329
person 0.0298 432 116 500 365
person 0.0183 168 26 187 70
person 0.0129 275 89 392 282
person 0.0090 467 67 500 121
person 0.0076 483 62 498 125
person 0.0072 2 125 50 302
person 0.0066 448 44 496 119
person 0.0063 45 134 271 292
person 0.0062 385 139 502 396
person 0.0059 21 129 82 244
person 0.0056 54 140 129 237
person 0.0051 97 167 189 259
person 0.0050 135 30 153 68
person 0.0049 302 112 355 260
person 0.0045 153 27 171 70
person 0.0042 -2 156 195 386
person 0.0035 429 71 478 111
person 0.0031 75 144 188 234
person 0.0025 457 71 497 183
person 0.0025 461 75 486 106
person 0.0023 416 64 490 128
person 0.0021 135 27 155 48
person 0.0020 449 135 497 296
person 0.0019 167 25 186 50
person 0.0018 100 29 116 71
person 0.0015 298 152 343 281
person 0.0013 491 114 499 361
person 0.0013 446 200 500 348
person 0.0011 57 122 121 197
person 0.0011 193 80 363 339
person 0.0010 1 81 47 235
