bicycle 0.0019 187 278 398 372
boat 0.0180 11 -1 102 22
boat 0.0040 -4 -1 68 15
boat 0.0031 230 208 370 375
boat 0.0027 23 0 69 10
boat 0.0021 0 -3 115 33
boat 0.0020 7 0 53 10
boat 0.0014 55 -2 122 23
boat 0.0010 167 219 329 372
bottle 0.2926 127 227 143 269
bottle 0.1240 157 231 172 272
bottle 0.0227 125 238 140 266
bottle 0.0038 128 241 144 287
bottle 0.0031 158 243 174 282
bottle 0.0020 152 226 179 277
bottle 0.0017 129 252 144 273
bottle 0.0015 155 229 170 253
bottle 0.0014 126 253 139 272
bottle 0.0011 119 228 153 272
car 0.1328 163 115 186 137
car 0.0827 172 118 236 145
car 0.0410 158 114 207 140
car 0.0059 159 110 251 154
car 0.0037 219 118 273 149
car 0.0018 183 113 218 134
car 0.0016 22 347 92 376
car 0.0015 226 82 276 111
car 0.0012 197 112 238 155
motorbike 0.0273 91 277 160 374
motorbike 0.0021 42 245 170 373
person 0.9939 245 152 359 377
person 0.8641 178 159 259 375
person 0.0207 71 277 137 376
person 0.0031 107 169 254 373
person 0.0020 -1 115 12 159
person 0.0015 0 158 9 256
person 0.0013 70 0 101 20
person 0.0013 77 5 98 27
tvmonitor 0.0011 319 89 485 285
