bottle 0.0043 468 139 500 245
bottle 0.0012 486 158 500 263
bottle 0.0012 469 168 500 215
bottle 0.0010 470 191 499 240
chair 0.0061 44 124 233 315
chair 0.0023 13 161 182 330
chair 0.0017 103 176 177 254
chair 0.0013 44 187 454 337
chair 0.0010 300 197 500 327
person 0.8552 105 -17 463 294
person 0.5936 50 154 299 333
person 0.5354 306 110 499 331
person 0.1033 197 134 465 336
person 0.0621 31 64 394 321
person 0.0202 59 4 374 226
person 0.0046 40 75 227 258
person 0.0032 373 -2 504 287
person 0.0015 -1 7 59 275
person 0.0014 0 -4 115 288
person 0.0011 443 64 502 320
person 0.0010 207 3 505 236
