aeroplane 0.9936 10 85 415 193
aeroplane 0.1211 111 108 524 197
aeroplane 0.0821 0 76 197 190
aeroplane 0.0410 46 51 529 178
aeroplane 0.0337 7 117 560 230
aeroplane 0.0147 -2 51 126 171
aeroplane 0.0075 296 118 510 190
aeroplane 0.0049 66 96 106 134
aeroplane 0.0039 14 79 107 136
aeroplane 0.0032 18 91 102 172
aeroplane 0.0026 50 93 138 166
aeroplane 0.0024 49 84 127 138
aeroplane 0.0018 470 210 501 239
aeroplane 0.0016 6 57 98 117
aeroplane 0.0012 0 34 67 185
aeroplane 0.0011 32 90 92 123
aeroplane 0.0010 341 131 477 182
bird 0.0043 476 222 501 241
bird 0.0022 476 214 500 235
bird 0.0010 482 210 499 253
car 0.0889 129 169 159 180
car 0.0222 150 170 175 179
car 0.0090 113 166 143 179
car 0.0077 97 163 155 180
car 0.0059 92 165 120 179
car 0.0056 118 165 163 180
car 0.0046 466 210 502 242
car 0.0032 78 162 133 179
car 0.0030 10 152 49 180
car 0.0022 69 164 93 180
car 0.0019 52 166 78 181
car 0.0016 130 176 156 187
car 0.0013 462 191 502 260
car 0.0012 38 165 62 181
car 0.0012 1 159 21 183
car 0.0010 0 159 39 188
person 0.0333 490 145 499 184
person 0.0096 486 165 498 183
person 0.0059 456 169 470 196
person 0.0055 1 154 17 187
person 0.0055 488 152 498 175
person 0.0054 446 169 464 196
person 0.0042 488 144 498 160
person 0.0040 244 177 261 197
person 0.0031 490 159 500 208
person 0.0031 193 151 208 173
person 0.0018 0 151 9 268
person 0.0016 56 103 77 123
person 0.0014 456 168 472 183
person 0.0014 207 165 227 176
person 0.0014 450 167 466 185
person 0.0013 50 95 87 131
person 0.0011 0 81 53 182
person 0.0011 489 111 499 168
person 0.0010 207 159 229 172
