person 0.7665 122 170 209 426
person 0.6795 195 181 258 404
person 0.4406 306 212 330 264
person 0.1914 61 198 131 353
person 0.1473 46 203 63 250
person 0.0117 109 211 146 351
person 0.0072 84 187 180 396
person 0.0040 50 196 80 244
person 0.0036 208 194 262 301
person 0.0021 52 199 103 299
person 0.0020 115 215 144 283
person 0.0018 58 213 89 265
person 0.0018 261 219 291 263
person 0.0016 216 197 257 240
person 0.0016 113 247 141 317
person 0.0014 214 183 242 231
person 0.0014 239 204 269 242
person 0.0012 37 195 67 252
person 0.0011 52 228 110 339
