chair 0.0031 341 149 394 224
chair 0.0018 375 142 437 228
person 0.5730 87 154 185 375
person 0.4377 310 213 429 376
person 0.3319 -1 157 101 374
person 0.2645 237 161 338 381
person 0.1279 211 121 282 308
person 0.0547 435 181 498 367
person 0.0286 0 88 56 179
person 0.0170 296 168 354 257
person 0.0169 384 4 501 311
person 0.0168 0 -8 58 211
person 0.0125 0 135 54 240
person 0.0094 277 73 319 179
person 0.0088 406 136 494 355
person 0.0073 40 137 159 371
person 0.0063 219 84 352 297
person 0.0060 -1 235 35 377
person 0.0056 436 42 499 335
person 0.0048 300 0 360 31
person 0.0039 216 117 280 206
person 0.0038 -1 -2 39 144
person 0.0036 329 -1 392 30
person 0.0030 271 110 324 206
person 0.0029 259 129 380 316
person 0.0029 0 100 63 340
person 0.0027 257 164 332 267
person 0.0022 326 172 390 252
person 0.0021 451 124 498 249
person 0.0021 0 123 13 236
person 0.0020 15 149 82 232
person 0.0018 289 106 440 335
person 0.0017 316 265 483 375
person 0.0016 332 8 483 247
person 0.0014 326 194 403 292
person 0.0014 0 164 9 371
person 0.0013 -3 74 102 303
person 0.0012 273 5 397 203
person 0.0011 48 10 135 87
person 0.0010 306 182 350 238
person 0.0010 294 127 355 200
person 0.0010 0 229 13 359
tvmonitor 0.0048 307 10 415 198
tvmonitor 0.0020 322 44 392 155
tvmonitor 0.0012 418 198 486 291
