bottle 0.0277 323 158 339 189
bottle 0.0085 321 157 351 190
bottle 0.0049 303 155 337 191
bottle 0.0043 312 172 333 193
bottle 0.0034 336 157 377 192
bottle 0.0024 313 163 333 187
bottle 0.0023 326 140 346 182
bottle 0.0015 305 175 325 216
bottle 0.0015 341 172 369 193
bottle 0.0014 304 187 325 207
horse 0.0517 217 57 337 215
horse 0.0166 69 98 359 293
horse 0.0067 149 58 410 277
horse 0.0011 292 94 383 174
person 0.9907 229 22 305 196
person 0.0122 224 27 288 113
person 0.0027 265 62 387 181
person 0.0024 243 75 318 194
person 0.0015 483 113 498 155
person 0.0010 283 86 377 160
