bottle 0.0157 210 180 230 229
bottle 0.0070 0 175 27 369
bottle 0.0048 88 142 126 184
bottle 0.0022 267 191 288 229
bottle 0.0017 98 137 119 190
bottle 0.0010 64 144 115 184
bottle 0.0010 92 141 121 164
chair 0.5742 319 171 479 375
chair 0.0642 134 166 197 221
chair 0.0210 188 160 242 227
chair 0.0193 374 215 497 378
chair 0.0059 137 168 183 202
chair 0.0042 185 176 234 246
chair 0.0023 167 225 482 378
chair 0.0016 357 221 451 323
chair 0.0015 444 175 498 372
chair 0.0014 326 277 488 369
chair 0.0013 34 233 220 370
diningtable 0.0198 81 188 419 366
person 0.9340 21 75 165 366
person 0.9004 298 110 454 368
person 0.7722 330 98 449 281
person 0.0459 35 85 208 245
person 0.0398 46 124 283 367
person 0.0165 455 145 499 230
person 0.0158 243 103 415 340
person 0.0149 9 79 132 248
person 0.0129 483 141 499 218
person 0.0092 1 70 42 366
person 0.0089 446 131 499 364
person 0.0073 0 139 10 336
person 0.0070 1 149 27 341
person 0.0043 459 159 495 208
person 0.0041 337 99 402 210
person 0.0029 352 102 443 208
person 0.0017 462 140 496 191
person 0.0013 0 99 30 274
person 0.0012 485 181 499 209
person 0.0011 372 96 496 342
pottedplant 0.0062 242 188 281 230
pottedplant 0.0033 230 149 281 230
pottedplant 0.0011 256 189 292 230
tvmonitor 0.0108 286 154 344 211
