bicycle 0.4865 360 247 425 397
bicycle 0.2578 342 183 437 394
bicycle 0.0208 351 215 408 374
bicycle 0.0012 372 300 413 369
cow 0.0749 126 241 157 301
cow 0.0686 78 261 121 320
cow 0.0374 157 233 198 288
cow 0.0304 204 203 231 242
cow 0.0149 25 257 78 315
cow 0.0102 153 250 191 296
cow 0.0070 200 209 219 239
cow 0.0069 219 235 267 288
cow 0.0034 43 259 87 324
cow 0.0027 219 194 262 236
cow 0.0024 17 265 53 321
cow 0.0024 247 198 268 227
cow 0.0022 226 201 251 229
cow 0.0012 227 193 253 220
horse 0.0275 21 257 86 328
person 0.9836 338 127 424 359
person 0.1245 203 206 224 241
person 0.0586 127 237 154 290
person 0.0338 289 189 307 215
person 0.0103 160 232 179 252
person 0.0100 338 126 411 241
person 0.0068 165 227 193 249
person 0.0063 93 261 116 328
person 0.0056 249 187 268 223
person 0.0037 167 232 192 295
person 0.0035 133 235 154 255
person 0.0024 159 233 178 292
person 0.0021 162 224 194 266
person 0.0016 201 199 234 235
person 0.0015 0 251 10 342
person 0.0013 70 259 114 326
person 0.0013 160 223 178 268
sheep 0.0328 161 234 195 294
sheep 0.0039 221 233 269 289
