bicycle 0.0063 0 85 113 356
bottle 0.0784 15 300 90 375
bottle 0.0079 27 312 78 363
bottle 0.0077 49 294 131 376
bottle 0.0044 20 257 92 361
bottle 0.0044 60 255 119 354
bottle 0.0036 0 288 12 363
bottle 0.0029 3 311 42 365
bottle 0.0023 0 218 109 382
bottle 0.0019 22 334 82 376
bottle 0.0015 0 248 47 367
bottle 0.0013 10 331 50 377
bottle 0.0012 68 312 119 358
car 0.0040 310 93 413 158
car 0.0034 348 122 475 195
car 0.0029 378 95 493 218
car 0.0021 362 88 457 164
car 0.0016 247 89 480 225
car 0.0014 327 82 488 185
car 0.0011 328 104 394 143
chair 0.0167 67 162 299 376
chair 0.0132 -2 166 108 378
chair 0.0101 25 38 248 286
chair 0.0023 36 281 321 374
chair 0.0018 371 81 433 140
chair 0.0013 378 79 497 189
chair 0.0011 -1 202 50 347
chair 0.0010 116 300 232 370
diningtable 0.2062 163 118 489 371
motorbike 0.0013 8 119 162 371
person 0.9023 82 83 329 352
person 0.2026 76 112 503 372
person 0.0174 29 56 252 327
person 0.0094 226 178 493 373
person 0.0089 2 298 50 377
person 0.0076 131 12 295 190
person 0.0066 487 118 500 180
person 0.0054 59 34 282 230
person 0.0042 324 103 485 332
person 0.0038 69 212 423 375
person 0.0036 71 34 415 288
person 0.0029 390 89 487 173
person 0.0028 376 145 497 351
person 0.0026 286 98 376 162
person 0.0026 462 85 500 182
person 0.0025 3 80 173 354
person 0.0021 397 178 486 257
person 0.0017 365 200 450 281
person 0.0016 380 87 423 131
person 0.0015 455 164 499 271
person 0.0015 318 80 409 138
person 0.0015 1 335 44 375
person 0.0011 0 326 18 380
person 0.0011 118 -6 308 98
person 0.0010 297 105 361 147
