bottle 0.0015 58 346 128 373
bottle 0.0013 298 198 344 242
bottle 0.0013 310 184 354 231
car 0.7297 5 -10 492 274
car 0.0376 378 35 504 225
car 0.0130 94 2 251 39
car 0.0100 314 12 482 306
car 0.0060 456 49 503 156
car 0.0055 8 0 409 160
car 0.0043 -9 0 199 88
car 0.0026 434 20 504 300
car 0.0016 83 0 246 21
car 0.0013 3 2 109 78
car 0.0013 411 58 490 148
car 0.0012 63 7 280 87
car 0.0010 370 7 510 140
motorbike 0.9843 68 26 503 349
motorbike 0.1813 4 23 351 409
motorbike 0.0668 252 54 480 378
motorbike 0.0044 28 165 469 368
motorbike 0.0013 18 266 398 379
person 0.0328 298 58 495 377
person 0.0020 486 20 500 81
person 0.0012 458 28 501 119
person 0.0012 433 60 500 371
pottedplant 0.0013 0 351 55 377
