bottle 0.0046 45 278 61 307
chair 0.0981 67 251 118 355
chair 0.0458 75 250 116 301
chair 0.0384 1 248 102 366
chair 0.0141 57 284 128 372
chair 0.0136 10 263 54 298
chair 0.0128 -1 289 59 369
chair 0.0127 85 243 125 289
chair 0.0090 74 268 116 326
chair 0.0077 33 243 144 372
chair 0.0071 25 263 66 303
chair 0.0061 245 213 400 373
chair 0.0053 48 272 88 315
chair 0.0041 67 268 101 319
chair 0.0035 1 275 45 320
chair 0.0031 28 276 81 318
chair 0.0026 0 309 47 356
chair 0.0021 0 262 16 327
chair 0.0021 -3 272 28 317
chair 0.0021 88 234 127 273
chair 0.0015 -4 261 32 300
chair 0.0012 0 281 20 305
chair 0.0011 41 268 62 298
chair 0.0010 0 288 14 360
diningtable 0.0454 5 286 104 371
diningtable 0.0025 49 284 90 330
diningtable 0.0023 45 300 89 346
diningtable 0.0019 5 290 52 331
diningtable 0.0015 18 303 75 345
person 0.9632 256 123 399 375
person 0.0012 224 196 269 229
pottedplant 0.8110 6 197 62 295
pottedplant 0.1483 12 222 79 311
pottedplant 0.0241 5 247 51 291
pottedplant 0.0238 5 229 53 271
pottedplant 0.0169 18 223 71 275
pottedplant 0.0105 24 244 74 295
pottedplant 0.0057 -1 122 58 317
pottedplant 0.0038 -3 231 32 275
pottedplant 0.0024 68 207 124 296
pottedplant 0.0023 3 240 24 264
pottedplant 0.0021 -3 238 68 369
pottedplant 0.0017 34 162 143 335
pottedplant 0.0017 3 223 18 282
pottedplant 0.0015 3 253 23 279
pottedplant 0.0012 5 198 50 247
pottedplant 0.0012 10 239 35 261
tvmonitor 0.0077 0 152 25 198
tvmonitor 0.0060 0 146 15 191
tvmonitor 0.0017 -1 135 35 229
