bottle 0.0035 419 212 431 231
car 0.0030 0 54 49 87
dog 0.0655 320 187 353 229
dog 0.0370 473 186 500 294
dog 0.0048 471 220 500 271
dog 0.0023 19 173 84 252
dog 0.0016 470 240 499 289
dog 0.0015 259 171 316 253
dog 0.0015 319 186 345 209
dog 0.0014 329 174 400 249
dog 0.0014 300 190 345 227
dog 0.0013 323 198 350 223
dog 0.0011 34 167 81 209
dog 0.0010 205 108 354 316
dog 0.0010 32 194 80 231
person 0.8506 179 57 317 321
person 0.6955 346 79 430 259
person 0.6471 1 69 53 270
person 0.5103 86 47 206 326
person 0.1821 234 58 326 274
person 0.1743 463 77 498 195
person 0.0606 9 69 87 262
person 0.0560 468 101 499 278
person 0.0462 421 66 454 161
person 0.0207 36 83 78 191
person 0.0145 3 68 49 167
person 0.0136 166 65 205 149
person 0.0130 300 72 345 200
person 0.0116 22 119 79 215
person 0.0090 342 125 401 252
person 0.0088 0 148 37 284
person 0.0070 46 56 163 275
person 0.0069 40 88 59 152
person 0.0057 290 79 356 254
person 0.0047 0 54 56 124
person 0.0045 174 47 263 247
person 0.0043 0 51 10 318
person 0.0041 481 189 499 285
person 0.0039 142 147 202 238
person 0.0039 346 82 362 156
person 0.0031 313 155 357 240
person 0.0029 489 82 499 311
person 0.0027 49 76 71 111
person 0.0025 126 56 214 240
person 0.0023 484 72 499 197
person 0.0022 60 97 83 148
person 0.0021 0 186 12 286
person 0.0020 22 81 41 102
person 0.0020 386 66 434 162
person 0.0020 42 86 73 144
person 0.0018 465 58 500 134
person 0.0018 0 76 13 191
person 0.0017 1 66 51 102
person 0.0017 438 66 458 147
person 0.0016 172 74 196 121
person 0.0016 454 65 474 127
person 0.0016 406 71 427 145
person 0.0013 349 67 399 163
person 0.0013 26 62 75 131
person 0.0013 178 69 236 157
person 0.0013 392 70 488 270
person 0.0011 28 146 63 196
person 0.0011 191 49 309 198
person 0.0011 157 72 204 205
person 0.0010 459 110 478 181
person 0.0010 302 70 334 120
person 0.0010 34 69 70 113
person 0.0010 325 71 347 121
person 0.0010 47 108 79 163
person 0.0010 151 72 172 120
person 0.0010 72 111 91 153
