bottle 0.0084 325 24 334 109
chair 0.0069 208 244 328 490
chair 0.0033 264 389 334 498
chair 0.0011 31 384 247 492
diningtable 0.0065 200 368 337 499
person 0.9307 5 43 274 459
person 0.3994 97 -18 332 442
person 0.2962 42 151 337 504
person 0.1620 30 53 204 304
person 0.0089 46 16 340 266
person 0.0082 301 0 334 116
person 0.0025 272 -2 331 107
person 0.0024 18 298 315 494
person 0.0022 -3 150 187 491
person 0.0015 -3 -24 85 298
person 0.0014 257 -3 337 191
person 0.0013 0 81 135 412
person 0.0011 3 5 71 95
person 0.0011 326 53 333 195
sofa 0.0091 -34 223 319 496
