chair 0.2005 105 199 219 431
chair 0.0065 104 313 201 410
chair 0.0058 84 298 231 430
chair 0.0017 70 271 312 453
chair 0.0014 41 231 170 421
chair 0.0013 114 278 193 384
diningtable 0.0044 18 367 358 502
person 0.9814 111 149 316 436
person 0.3903 112 185 221 413
person 0.0054 98 135 224 313
person 0.0046 119 166 196 268
person 0.0026 131 258 354 464
person 0.0015 324 106 349 166
person 0.0011 318 88 354 189
pottedplant 0.0207 19 203 34 231
pottedplant 0.0091 8 200 39 235
pottedplant 0.0089 20 106 51 150
pottedplant 0.0061 5 106 40 135
pottedplant 0.0059 23 103 41 131
pottedplant 0.0053 4 189 29 236
pottedplant 0.0051 2 105 32 150
pottedplant 0.0044 0 202 14 231
pottedplant 0.0024 -3 195 22 242
pottedplant 0.0021 18 194 44 240
pottedplant 0.0021 0 181 9 256
pottedplant 0.0016 3 107 18 132
pottedplant 0.0012 0 85 36 172
pottedplant 0.0011 1 81 32 129
pottedplant 0.0011 0 189 11 220
pottedplant 0.0011 2 160 32 260
pottedplant 0.0010 22 186 50 232
