bottle 0.0059 236 129 253 179
chair 0.0189 234 162 288 277
chair 0.0044 385 73 435 191
chair 0.0042 390 57 495 203
chair 0.0031 363 70 443 233
chair 0.0019 261 153 307 283
chair 0.0018 176 156 236 269
chair 0.0014 406 83 485 176
chair 0.0013 198 122 309 316
diningtable 0.0013 150 139 262 343
person 0.8911 157 33 267 286
person 0.1172 224 77 270 176
person 0.0790 344 74 387 232
person 0.0668 211 52 267 156
person 0.0355 184 34 288 226
person 0.0316 326 43 400 234
person 0.0272 267 65 304 190
person 0.0176 237 97 270 157
person 0.0153 3 -2 41 144
person 0.0149 86 63 270 361
person 0.0146 337 19 375 65
person 0.0136 174 46 257 155
person 0.0118 272 88 313 229
person 0.0095 220 45 255 96
person 0.0089 330 11 381 80
person 0.0078 280 26 381 242
person 0.0075 251 53 329 263
person 0.0074 225 72 263 123
person 0.0070 272 72 303 128
person 0.0049 134 29 237 235
person 0.0044 29 0 92 33
person 0.0040 337 28 384 118
person 0.0038 183 33 255 114
person 0.0028 344 48 383 156
person 0.0025 302 53 360 150
person 0.0022 0 -5 48 260
person 0.0020 337 3 381 40
person 0.0019 79 340 128 374
person 0.0018 2 49 34 209
person 0.0017 171 99 249 213
person 0.0016 346 45 382 98
person 0.0014 268 92 301 157
person 0.0014 63 22 200 295
person 0.0013 20 0 95 83
person 0.0012 62 0 121 34
person 0.0011 302 11 369 83
person 0.0010 29 341 77 374
pottedplant 0.0557 469 116 499 164
pottedplant 0.0096 481 121 499 172
pottedplant 0.0075 462 127 494 168
pottedplant 0.0055 477 120 500 147
pottedplant 0.0019 482 116 499 137
pottedplant 0.0011 485 90 499 160
pottedplant 0.0010 466 124 488 152
