chair 0.0026 460 286 499 374
dog 0.0145 61 3 441 261
horse 0.0014 337 226 470 377
person 0.6639 408 95 497 386
person 0.1389 443 145 498 386
person 0.1028 46 -23 457 337
person 0.0972 410 258 447 302
person 0.0906 416 229 460 315
person 0.0647 465 170 498 365
person 0.0448 411 245 463 354
person 0.0319 421 181 467 307
person 0.0237 402 250 433 291
person 0.0169 408 256 429 300
person 0.0166 285 329 383 376
person 0.0150 338 70 489 369
person 0.0138 483 232 499 358
person 0.0094 416 268 453 320
person 0.0077 430 -2 503 263
person 0.0066 322 340 392 376
person 0.0056 191 38 467 392
person 0.0042 177 343 238 375
person 0.0037 424 259 467 305
person 0.0032 -7 1 359 207
person 0.0028 263 352 336 376
person 0.0027 411 279 477 375
person 0.0026 417 108 481 210
person 0.0026 161 331 255 377
person 0.0025 484 133 499 344
person 0.0025 384 198 438 293
person 0.0022 440 7 500 131
person 0.0021 436 295 457 317
person 0.0021 417 256 441 281
person 0.0021 390 224 492 379
person 0.0020 284 337 348 372
person 0.0019 10 -12 263 328
person 0.0017 222 333 358 375
person 0.0016 455 115 495 320
person 0.0015 290 344 312 365
person 0.0014 412 234 453 276
person 0.0013 387 235 440 314
person 0.0013 283 359 318 375
person 0.0013 471 268 500 322
person 0.0013 483 305 499 373
person 0.0012 251 335 305 373
person 0.0012 425 290 468 324
person 0.0012 -6 -5 125 322
person 0.0012 403 -11 498 158
person 0.0011 289 352 387 375
person 0.0010 384 238 402 296
person 0.0010 325 353 423 374
person 0.0010 388 223 430 274
person 0.0010 263 362 296 375
person 0.0010 376 246 442 359
person 0.0010 383 242 400 265
