chair 0.0162 4 -4 182 140
chair 0.0020 326 116 407 200
chair 0.0019 65 0 282 136
person 0.8592 16 77 230 362
person 0.7076 250 116 407 310
person 0.1058 241 19 494 298
person 0.0634 387 19 497 294
person 0.0099 123 0 372 97
person 0.0062 80 123 425 361
person 0.0041 0 -1 127 139
person 0.0022 46 170 290 368
person 0.0020 -7 214 202 371
person 0.0018 320 12 498 200
person 0.0016 429 7 500 205
person 0.0015 370 109 438 208
person 0.0015 28 26 238 242
person 0.0014 159 -1 257 86
person 0.0011 132 5 305 202
person 0.0011 -9 24 139 358
sofa 0.0030 192 19 453 131
tvmonitor 0.0029 -7 -1 123 46
tvmonitor 0.0024 1 -3 129 108
tvmonitor 0.0010 51 0 140 27
tvmonitor 0.0010 14 1 98 32
