bicycle 0.0014 0 151 27 204
car 0.0048 0 140 30 190
chair 0.0382 58 60 119 142
chair 0.0114 69 81 113 126
chair 0.0047 20 65 107 137
chair 0.0028 31 10 157 189
chair 0.0014 -3 -3 119 149
chair 0.0012 36 84 90 125
dog 0.0020 0 155 28 207
person 0.9862 80 3 254 266
person 0.8622 272 116 404 369
person 0.0166 487 162 500 225
person 0.0152 20 16 173 249
person 0.0074 159 35 328 231
person 0.0048 0 136 30 230
person 0.0043 0 133 19 201
person 0.0030 490 106 500 227
person 0.0023 169 0 250 72
person 0.0022 70 90 342 332
person 0.0022 77 1 215 155
person 0.0020 477 135 502 242
person 0.0018 130 2 269 151
person 0.0016 40 170 90 258
person 0.0015 94 4 252 97
person 0.0013 358 157 378 207
person 0.0013 313 129 473 365
person 0.0012 294 182 368 305
person 0.0011 93 -4 173 80
person 0.0011 0 138 15 244
person 0.0010 489 122 500 319
pottedplant 0.0074 208 82 286 178
pottedplant 0.0038 211 60 277 145
pottedplant 0.0013 221 79 270 122
