bottle 0.0020 229 195 260 247
chair 0.0063 0 293 28 433
chair 0.0035 107 312 175 419
chair 0.0020 220 222 257 265
chair 0.0013 56 287 326 501
chair 0.0012 200 244 332 489
diningtable 0.5221 33 205 299 454
diningtable 0.0546 8 230 174 433
diningtable 0.0138 2 293 283 494
diningtable 0.0021 82 304 148 417
person 0.9336 -1 111 63 321
person 0.6908 179 116 236 240
person 0.0963 3 113 34 319
person 0.0314 -2 143 79 434
person 0.0289 147 123 285 461
person 0.0232 201 118 334 468
person 0.0093 1 202 26 378
person 0.0091 0 159 10 361
person 0.0078 9 227 126 429
person 0.0021 252 60 337 365
person 0.0019 0 119 34 164
person 0.0016 2 111 63 181
person 0.0011 25 244 107 326
person 0.0011 0 112 9 209
pottedplant 0.0280 83 112 199 239
pottedplant 0.0146 138 119 189 224
pottedplant 0.0079 89 125 148 222
pottedplant 0.0061 132 232 201 330
pottedplant 0.0022 148 114 188 157
pottedplant 0.0016 71 199 100 246
pottedplant 0.0015 175 150 227 249
pottedplant 0.0014 146 144 182 201
pottedplant 0.0013 141 100 194 182
pottedplant 0.0013 97 148 136 200
pottedplant 0.0011 161 211 225 283
pottedplant 0.0011 169 224 216 266
pottedplant 0.0010 108 157 173 247
tvmonitor 0.0018 245 198 283 247
tvmonitor 0.0014 238 188 292 256
