car 0.1745 7 60 163 262
car 0.0764 144 41 349 163
car 0.0282 3 29 41 67
car 0.0076 391 45 472 111
car 0.0074 0 11 20 32
car 0.0062 13 34 179 165
car 0.0046 376 40 457 186
car 0.0030 2 33 56 102
car 0.0029 0 38 22 63
car 0.0022 393 48 434 80
car 0.0017 400 52 427 76
car 0.0016 443 43 502 114
car 0.0014 405 47 454 84
car 0.0014 -2 17 32 62
car 0.0014 199 82 290 162
car 0.0014 305 48 396 146
car 0.0013 385 57 407 79
car 0.0013 3 22 112 80
car 0.0012 109 87 144 119
car 0.0011 0 2 27 35
car 0.0011 483 41 497 55
car 0.0011 35 16 59 31
car 0.0010 102 71 138 117
car 0.0010 418 46 486 83
dog 0.3219 111 161 329 316
dog 0.0035 23 173 341 365
dog 0.0024 411 156 476 221
dog 0.0017 425 168 469 211
person 0.8573 385 46 454 226
person 0.6983 175 55 216 151
person 0.3144 84 56 119 102
person 0.2407 38 52 76 97
person 0.0848 399 48 460 159
person 0.0380 71 54 134 126
person 0.0297 64 54 109 104
person 0.0210 452 63 496 144
person 0.0179 118 40 300 166
person 0.0115 23 51 90 130
person 0.0108 483 70 499 148
person 0.0086 104 54 159 133
person 0.0077 166 64 205 133
person 0.0063 203 55 280 145
person 0.0053 44 51 63 100
person 0.0040 195 145 365 287
person 0.0039 159 69 209 165
person 0.0035 176 41 233 123
person 0.0027 41 50 63 76
person 0.0027 49 63 88 114
person 0.0024 461 95 496 144
person 0.0022 148 40 208 124
person 0.0022 489 45 499 115
person 0.0021 109 69 153 117
person 0.0020 440 74 462 140
person 0.0016 106 52 147 103
person 0.0016 0 38 11 117
person 0.0016 208 43 289 113
person 0.0015 186 52 223 102
person 0.0012 460 79 479 137
person 0.0010 24 30 85 65
person 0.0010 92 60 123 91
person 0.0010 470 79 500 139
