bicycle 0.0923 34 200 308 333
bicycle 0.0021 453 295 494 334
bicycle 0.0017 7 167 188 328
boat 0.0117 47 174 295 322
boat 0.0018 349 157 460 281
boat 0.0012 302 147 424 299
boat 0.0012 76 155 419 338
boat 0.0011 10 46 266 337
boat 0.0010 375 180 446 261
bottle 0.0578 434 256 481 328
bottle 0.0022 441 276 472 324
bottle 0.0018 448 276 490 327
car 0.0011 486 241 498 335
chair 0.0226 21 308 89 333
chair 0.0050 8 259 97 332
chair 0.0031 1 315 65 334
chair 0.0022 2 253 48 333
chair 0.0011 20 321 68 334
motorbike 0.0835 439 256 495 331
motorbike 0.0058 370 94 499 143
motorbike 0.0053 392 200 496 338
motorbike 0.0044 419 231 478 321
motorbike 0.0019 325 194 474 339
motorbike 0.0012 359 64 508 158
person 0.8711 199 17 304 199
person 0.0234 310 193 410 336
person 0.0211 361 61 424 123
person 0.0152 312 181 357 299
person 0.0097 354 54 404 138
person 0.0089 406 213 426 255
person 0.0077 286 167 380 329
person 0.0074 61 305 124 331
person 0.0062 369 68 416 105
person 0.0051 405 211 425 234
person 0.0051 423 201 441 222
person 0.0036 401 184 465 262
person 0.0036 404 205 426 223
person 0.0025 355 188 366 211
person 0.0024 399 208 431 247
person 0.0023 349 81 459 142
person 0.0019 0 198 9 303
person 0.0019 260 70 322 163
person 0.0016 215 89 287 191
person 0.0015 380 149 483 291
person 0.0014 412 203 450 247
person 0.0014 45 294 140 333
person 0.0014 459 103 497 141
person 0.0013 477 102 495 144
person 0.0012 390 212 404 231
person 0.0012 317 190 352 244
person 0.0011 0 225 41 323
person 0.0011 210 15 290 118
person 0.0010 55 264 137 331
person 0.0010 422 204 441 246
pottedplant 0.0769 341 211 389 319
pottedplant 0.0183 338 221 378 263
pottedplant 0.0177 349 243 386 290
pottedplant 0.0164 331 203 380 285
pottedplant 0.0076 389 250 421 288
pottedplant 0.0055 392 221 428 259
pottedplant 0.0052 376 258 424 329
pottedplant 0.0047 357 227 394 272
pottedplant 0.0043 382 272 416 318
pottedplant 0.0039 381 227 426 312
pottedplant 0.0022 365 227 391 246
pottedplant 0.0017 333 255 405 330
pottedplant 0.0016 218 173 266 208
pottedplant 0.0014 224 155 271 189
pottedplant 0.0014 442 260 472 320
pottedplant 0.0013 239 169 283 202
pottedplant 0.0013 410 258 456 292
pottedplant 0.0011 385 261 439 288
pottedplant 0.0011 216 135 281 203
pottedplant 0.0010 428 254 468 293
