bicycle 0.8849 399 168 500 324
bicycle 0.0129 443 174 498 312
bicycle 0.0036 380 204 433 288
bicycle 0.0015 453 138 486 186
bottle 0.0100 197 274 214 294
bottle 0.0039 361 264 380 286
bottle 0.0024 118 281 139 309
bottle 0.0017 341 264 359 289
bottle 0.0017 107 277 140 315
bottle 0.0014 213 273 237 293
bottle 0.0014 122 258 139 309
bottle 0.0012 347 257 366 284
bottle 0.0011 221 264 259 296
bottle 0.0010 79 299 98 321
person 0.9425 231 90 292 294
person 0.8979 182 95 243 300
person 0.8728 111 104 177 315
person 0.7994 66 112 125 318
person 0.7683 332 105 398 287
person 0.6598 295 121 349 289
person 0.3911 5 149 43 238
person 0.1230 0 133 13 255
person 0.0695 487 124 500 181
person 0.0558 459 127 480 182
person 0.0399 442 124 461 184
person 0.0266 51 135 69 187
person 0.0152 257 110 325 301
person 0.0102 387 125 410 177
person 0.0078 417 122 433 178
person 0.0067 0 119 12 190
person 0.0065 403 124 425 175
person 0.0053 384 129 434 238
person 0.0038 0 176 12 296
person 0.0034 387 123 409 149
person 0.0025 357 100 435 284
person 0.0024 54 136 70 165
person 0.0019 428 130 463 180
person 0.0017 0 158 25 230
person 0.0014 486 134 499 164
