bicycle 0.8328 98 67 408 359
bicycle 0.3621 105 20 322 242
bicycle 0.0590 28 0 84 40
bicycle 0.0167 23 0 81 21
bicycle 0.0071 0 -2 49 26
bicycle 0.0065 45 0 83 15
bicycle 0.0055 35 0 69 15
bicycle 0.0041 16 0 95 63
bicycle 0.0038 174 25 380 184
bicycle 0.0022 156 9 483 317
bottle 0.0019 270 122 319 149
bottle 0.0012 222 204 259 242
bottle 0.0011 227 208 251 233
car 0.0013 297 0 428 45
car 0.0012 322 1 402 29
car 0.0010 387 0 443 34
chair 0.0488 2 0 42 45
chair 0.0032 1 0 20 45
chair 0.0020 300 166 501 378
person 0.0021 319 0 401 70
person 0.0018 368 2 447 30
person 0.0018 9 0 42 14
person 0.0012 59 -2 113 31
person 0.0011 232 32 280 70
person 0.0011 233 41 256 69
person 0.0011 12 -8 38 30
person 0.0010 402 0 463 28
person 0.0010 491 84 500 215
