car 0.6373 187 420 228 450
car 0.3334 171 414 213 447
car 0.2090 159 416 194 448
car 0.0333 145 417 179 466
car 0.0190 234 423 268 456
car 0.0167 158 405 197 436
car 0.0146 222 417 255 455
car 0.0092 258 409 276 429
car 0.0078 243 416 261 448
car 0.0077 228 408 250 428
car 0.0070 242 408 257 428
car 0.0068 198 419 245 456
car 0.0054 179 419 237 464
car 0.0042 128 454 178 497
car 0.0036 136 409 185 486
car 0.0033 163 412 219 462
car 0.0029 219 408 234 430
car 0.0027 158 404 179 425
car 0.0027 108 462 162 500
car 0.0027 189 430 223 459
car 0.0021 140 397 184 431
car 0.0014 229 430 251 460
car 0.0013 215 420 234 444
car 0.0012 96 447 174 501
car 0.0012 116 416 135 436
car 0.0010 118 418 152 471
chair 0.0013 0 305 102 505
person 0.8854 255 420 282 488
person 0.2192 297 402 321 463
person 0.0285 261 433 290 497
person 0.0160 265 408 290 453
person 0.0099 366 417 375 485
person 0.0097 269 411 287 443
person 0.0069 54 112 86 160
person 0.0063 364 443 374 499
person 0.0049 300 419 317 470
person 0.0041 283 414 296 443
person 0.0039 308 414 343 466
person 0.0035 268 418 286 485
person 0.0034 294 384 324 446
person 0.0033 256 412 280 442
person 0.0030 279 425 309 470
person 0.0025 280 407 308 455
person 0.0022 299 399 351 482
person 0.0021 289 364 330 463
person 0.0021 257 430 278 466
person 0.0020 281 449 323 495
person 0.0019 269 432 337 502
person 0.0018 257 446 277 491
person 0.0013 229 450 272 495
person 0.0012 243 413 259 451
person 0.0010 229 414 248 457
person 0.0010 313 452 366 491
person 0.0010 309 385 344 440
person 0.0010 297 441 366 504
pottedplant 0.0045 290 161 372 491
