chair 0.0118 5 60 85 230
chair 0.0113 339 153 377 268
chair 0.0033 342 177 375 242
chair 0.0032 344 182 375 310
chair 0.0028 276 130 374 360
chair 0.0026 293 199 369 289
chair 0.0022 331 119 376 226
chair 0.0016 290 155 371 257
chair 0.0010 125 124 180 170
diningtable 0.0113 -11 292 326 501
person 0.7853 252 114 359 247
person 0.5701 45 176 161 377
person 0.2044 18 162 235 361
person 0.0847 14 188 305 468
person 0.0325 191 104 373 305
person 0.0274 292 115 364 225
person 0.0212 117 174 370 481
person 0.0116 5 78 83 253
person 0.0071 48 115 377 384
person 0.0022 229 141 375 436
person 0.0016 75 108 292 259
person 0.0014 242 126 321 223
person 0.0010 303 110 358 166
person 0.0010 261 104 356 179
pottedplant 0.0128 287 61 368 134
pottedplant 0.0070 297 79 357 119
pottedplant 0.0042 297 12 366 111
pottedplant 0.0010 284 19 375 171
sofa 0.0408 44 151 277 264
sofa 0.0012 84 164 235 241
