bus 0.0473 337 344 389 372
bus 0.0373 371 346 432 371
bus 0.0343 101 356 187 375
bus 0.0201 357 355 431 375
bus 0.0142 324 353 385 375
bus 0.0135 117 340 171 370
bus 0.0121 387 342 440 365
bus 0.0090 101 339 148 369
bus 0.0086 403 345 432 359
bus 0.0079 107 360 137 373
bus 0.0079 410 348 479 371
bus 0.0076 156 340 205 371
bus 0.0075 487 333 499 370
bus 0.0072 450 341 497 367
bus 0.0068 139 339 188 372
bus 0.0062 138 358 222 375
bus 0.0058 325 333 401 375
bus 0.0057 396 363 431 375
bus 0.0053 342 360 372 374
bus 0.0052 313 340 364 369
bus 0.0052 122 363 166 374
bus 0.0050 440 354 502 374
bus 0.0050 284 354 352 376
bus 0.0044 111 346 132 365
bus 0.0044 377 362 414 374
bus 0.0042 388 356 472 376
bus 0.0035 457 344 487 361
bus 0.0035 386 323 437 358
bus 0.0034 145 363 186 374
bus 0.0032 358 335 448 375
bus 0.0029 290 340 345 369
bus 0.0028 101 322 144 359
bus 0.0026 132 346 159 363
bus 0.0024 320 362 356 374
bus 0.0024 356 362 391 374
bus 0.0024 471 335 500 370
bus 0.0023 380 346 406 361
bus 0.0023 325 346 350 362
bus 0.0022 66 346 123 373
bus 0.0022 344 346 370 367
bus 0.0021 453 363 491 374
bus 0.0019 335 320 381 363
bus 0.0019 160 362 200 374
bus 0.0019 370 321 415 359
bus 0.0018 419 339 485 367
bus 0.0017 414 363 445 374
bus 0.0017 87 336 126 371
bus 0.0017 74 356 137 376
bus 0.0017 97 333 116 373
bus 0.0016 152 345 174 367
bus 0.0016 308 344 330 361
bus 0.0014 358 346 384 362
bus 0.0014 346 333 369 372
bus 0.0014 414 345 437 361
bus 0.0013 113 350 131 381
bus 0.0013 98 346 117 366
bus 0.0012 166 347 195 367
bus 0.0011 436 364 470 375
bus 0.0010 135 335 157 372
bus 0.0010 177 337 223 371
bus 0.0010 284 331 382 376
bus 0.0010 125 320 164 359
bus 0.0010 347 348 367 380
person 0.0511 259 332 292 373
person 0.0101 96 362 121 374
person 0.0054 11 366 44 375
person 0.0043 268 340 288 369
person 0.0026 150 287 198 372
person 0.0023 264 359 291 373
person 0.0023 240 40 425 278
person 0.0021 279 363 311 374
person 0.0020 136 60 370 370
person 0.0019 302 363 334 374
person 0.0018 67 366 105 375
person 0.0016 184 363 218 375
person 0.0015 212 333 230 370
person 0.0014 253 352 298 375
person 0.0014 28 367 67 375
person 0.0013 244 363 273 375
person 0.0012 266 356 329 376
person 0.0011 47 367 87 375
person 0.0010 187 286 233 373
person 0.0010 270 338 321 368
