car 0.0058 96 123 122 139
car 0.0048 -1 113 36 221
car 0.0027 88 120 128 147
car 0.0022 17 101 100 180
car 0.0020 66 127 105 167
car 0.0020 -2 145 32 186
car 0.0020 51 102 128 174
car 0.0018 69 118 118 156
car 0.0017 4 144 44 177
car 0.0016 0 136 15 209
car 0.0013 34 121 56 143
car 0.0013 97 117 122 133
car 0.0012 0 112 11 182
car 0.0011 0 153 23 172
car 0.0011 2 117 31 162
car 0.0010 102 105 169 177
car 0.0010 28 116 63 147
car 0.0010 1 153 45 190
dog 0.0597 230 211 432 327
dog 0.0279 3 137 128 336
dog 0.0030 18 199 161 329
person 0.9153 184 43 306 345
person 0.7716 8 91 126 331
person 0.0150 360 124 395 209
person 0.0078 0 101 12 165
person 0.0060 363 124 392 170
person 0.0037 74 76 199 264
person 0.0029 114 111 172 221
person 0.0026 108 55 237 329
person 0.0020 2 82 54 302
person 0.0014 311 84 421 298
person 0.0012 346 130 395 248
person 0.0010 1 70 118 227
pottedplant 0.0014 0 223 42 315
sheep 0.0069 273 245 435 324
