bicycle 0.0014 94 304 405 397
boat 0.0026 46 304 377 398
car 0.0027 267 246 324 275
person 0.9413 101 115 142 215
person 0.5088 387 254 478 394
person 0.2450 263 297 296 338
person 0.0433 446 314 501 391
person 0.0315 397 255 459 337
person 0.0309 367 307 451 396
person 0.0225 176 306 196 348
person 0.0223 3 294 21 338
person 0.0222 8 299 37 348
person 0.0196 257 291 301 357
person 0.0146 343 326 406 392
person 0.0135 299 351 337 388
person 0.0107 82 335 118 377
person 0.0084 201 376 274 397
person 0.0062 4 292 19 312
person 0.0059 69 318 118 381
person 0.0052 398 259 435 306
person 0.0051 338 348 377 393
person 0.0051 259 328 303 371
person 0.0048 246 318 313 385
person 0.0038 451 278 498 376
person 0.0037 469 330 500 388
person 0.0037 450 352 499 392
person 0.0036 345 346 461 396
person 0.0035 393 345 500 395
person 0.0035 78 305 99 355
person 0.0034 179 369 257 397
person 0.0034 193 307 213 351
person 0.0030 452 311 490 351
person 0.0029 215 384 261 398
person 0.0028 161 306 194 347
person 0.0026 112 336 133 378
person 0.0025 227 336 284 372
person 0.0024 303 340 352 382
person 0.0023 367 358 436 394
person 0.0023 90 105 164 224
person 0.0023 80 300 111 349
person 0.0022 405 263 452 313
person 0.0021 460 300 498 346
person 0.0021 291 332 363 390
person 0.0021 153 305 174 349
person 0.0020 19 303 40 326
person 0.0019 241 302 278 342
person 0.0019 413 357 482 395
person 0.0017 485 284 499 341
person 0.0015 3 281 18 321
person 0.0015 205 365 287 395
person 0.0013 36 306 56 327
person 0.0013 105 116 143 172
person 0.0013 17 296 37 336
person 0.0013 378 328 429 379
person 0.0012 118 319 228 387
person 0.0012 97 137 127 195
person 0.0012 5 324 44 366
person 0.0012 34 327 81 369
person 0.0012 187 332 242 369
person 0.0011 205 324 302 386
person 0.0011 120 341 166 378
person 0.0010 267 278 305 309
person 0.0010 481 346 500 397
person 0.0010 376 307 414 350
person 0.0010 197 383 246 398
person 0.0010 372 334 409 385
