bus 0.5129 315 134 392 161
bus 0.2872 354 147 401 175
bus 0.0858 328 142 406 188
bus 0.0781 316 144 398 167
bus 0.0365 275 125 393 168
bus 0.0119 323 124 388 150
bus 0.0074 380 140 429 203
bus 0.0032 285 130 343 165
bus 0.0020 332 140 378 156
bus 0.0019 275 146 396 193
bus 0.0015 254 104 407 185
car 0.9263 218 158 278 181
car 0.9158 123 158 248 207
car 0.9059 276 163 406 228
car 0.7284 60 145 138 169
car 0.5404 -8 159 222 312
car 0.4975 39 143 156 179
car 0.3564 124 152 222 179
car 0.3495 355 152 403 188
car 0.3265 101 146 177 171
car 0.1755 3 135 53 157
car 0.1704 101 142 153 167
car 0.1272 -6 142 115 190
car 0.1248 160 170 242 204
car 0.1161 73 145 207 182
car 0.0994 476 170 498 193
car 0.0940 480 164 498 186
car 0.0800 175 153 249 176
car 0.0615 3 143 63 165
car 0.0609 26 136 71 160
car 0.0596 372 158 406 189
car 0.0589 179 145 225 174
car 0.0517 46 133 83 162
car 0.0453 74 137 140 164
car 0.0430 92 138 176 161
car 0.0393 14 144 97 171
car 0.0384 218 158 251 177
car 0.0369 457 168 491 200
car 0.0333 431 152 469 196
car 0.0332 204 149 243 175
car 0.0318 385 151 422 193
car 0.0300 386 162 407 185
car 0.0278 472 156 497 191
car 0.0267 412 167 452 201
car 0.0264 0 137 23 159
car 0.0255 -1 147 59 226
car 0.0253 392 165 424 202
car 0.0229 0 146 119 240
car 0.0220 1 127 23 141
car 0.0215 359 153 395 169
car 0.0213 215 152 262 171
car 0.0191 32 135 161 165
car 0.0184 174 129 221 163
car 0.0170 147 148 220 171
car 0.0161 322 157 394 185
car 0.0159 485 138 500 185
car 0.0130 22 152 254 231
car 0.0123 119 146 159 166
car 0.0118 134 134 222 160
car 0.0114 265 158 310 179
car 0.0113 463 171 483 198
car 0.0112 128 137 161 155
car 0.0106 32 131 57 144
car 0.0104 319 153 353 165
car 0.0101 66 146 108 162
car 0.0092 407 142 469 203
car 0.0089 64 159 217 211
car 0.0088 300 160 374 182
car 0.0084 303 154 328 168
car 0.0071 235 152 275 169
car 0.0070 150 135 176 155
car 0.0066 235 167 276 194
car 0.0064 112 152 181 182
car 0.0064 140 151 267 192
car 0.0061 107 137 142 156
car 0.0058 380 165 412 197
car 0.0057 5 135 188 205
car 0.0054 359 160 393 182
car 0.0051 18 131 41 143
car 0.0046 482 151 499 172
car 0.0046 294 151 371 175
car 0.0043 25 162 161 211
car 0.0043 86 146 129 164
car 0.0040 382 155 403 170
car 0.0039 439 163 465 183
car 0.0039 291 170 378 206
car 0.0039 418 174 444 195
car 0.0034 339 152 371 165
car 0.0032 136 148 182 163
car 0.0031 164 148 202 163
car 0.0030 111 130 245 164
car 0.0029 463 165 484 184
car 0.0028 464 182 484 207
car 0.0026 242 154 273 180
car 0.0025 288 144 337 173
car 0.0023 67 154 142 181
car 0.0023 40 143 96 164
car 0.0021 218 133 266 159
car 0.0020 16 130 98 165
car 0.0020 0 145 20 161
car 0.0020 397 173 422 196
car 0.0020 443 162 466 204
car 0.0019 -1 122 29 148
car 0.0015 112 140 139 170
car 0.0014 90 139 127 158
car 0.0014 1 119 16 149
car 0.0014 416 163 443 182
car 0.0012 165 139 197 157
car 0.0010 188 137 215 157
car 0.0010 482 174 497 212
car 0.0010 -2 141 34 170
car 0.0010 397 161 420 183
car 0.0010 181 161 221 176
car 0.0010 437 176 473 210
person 0.1036 292 143 312 176
person 0.0327 463 165 481 206
person 0.0197 266 160 288 177
person 0.0188 51 132 77 162
person 0.0127 210 148 232 176
person 0.0103 290 163 313 179
person 0.0092 187 149 217 170
person 0.0056 268 153 291 172
person 0.0042 297 163 326 180
person 0.0037 40 135 62 159
person 0.0033 252 148 297 177
person 0.0022 395 0 433 36
person 0.0019 242 149 273 178
person 0.0013 110 133 138 167
person 0.0013 302 142 322 175
person 0.0011 130 133 157 165
person 0.0010 55 128 79 145
