bus 0.9726 72 81 432 296
car 0.8025 15 173 89 194
car 0.3256 4 174 48 197
car 0.1035 0 175 30 195
car 0.0150 40 175 89 190
car 0.0094 82 170 99 192
car 0.0076 36 176 95 199
car 0.0052 419 171 443 187
car 0.0048 2 175 22 204
car 0.0038 90 170 106 190
car 0.0033 460 168 500 205
car 0.0024 421 171 463 201
car 0.0014 82 180 98 197
car 0.0013 92 180 108 200
car 0.0012 485 164 499 223
car 0.0010 65 166 99 197
car 0.0010 478 183 499 202
person 0.0605 232 135 271 174
person 0.0151 217 125 281 188
person 0.0084 266 134 306 172
person 0.0050 188 138 234 174
person 0.0036 236 128 255 179
person 0.0030 411 169 426 186
person 0.0026 305 150 325 173
person 0.0024 244 129 265 176
person 0.0020 485 152 500 209
person 0.0016 147 143 171 166
person 0.0013 0 189 8 313
