bottle 0.0034 245 345 332 373
bottle 0.0024 205 334 372 373
bottle 0.0019 290 331 338 372
bottle 0.0018 280 344 366 373
bottle 0.0017 205 344 297 372
bottle 0.0012 0 225 13 365
car 0.0085 0 216 126 374
car 0.0023 -1 123 43 246
car 0.0021 0 93 123 229
chair 0.2888 387 20 487 132
chair 0.0753 311 46 403 143
chair 0.0394 297 56 368 143
chair 0.0259 259 59 330 141
chair 0.0107 5 216 173 377
chair 0.0067 461 18 498 126
chair 0.0033 225 45 356 157
chair 0.0027 399 17 473 87
chair 0.0026 272 75 316 125
chair 0.0024 271 98 317 148
chair 0.0022 147 46 350 226
chair 0.0021 134 89 204 161
chair 0.0020 329 30 482 152
chair 0.0017 54 222 292 371
chair 0.0014 379 46 440 144
chair 0.0012 88 285 338 370
chair 0.0011 486 26 500 131
chair 0.0010 149 301 274 371
chair 0.0010 234 39 410 286
person 0.8928 151 56 349 374
person 0.0260 173 110 478 372
person 0.0201 12 65 159 367
person 0.0098 -2 82 124 295
person 0.0086 0 227 24 376
person 0.0073 1 108 49 380
person 0.0018 0 107 40 215
person 0.0014 0 249 14 367
person 0.0013 1 144 33 347
person 0.0013 0 113 11 219
person 0.0011 0 89 10 385
person 0.0010 481 15 499 80
tvmonitor 0.0011 28 92 85 122
