bicycle 0.0723 250 307 312 376
bicycle 0.0330 201 296 451 372
bicycle 0.0307 274 311 375 374
bicycle 0.0042 215 295 297 378
bicycle 0.0031 147 327 430 381
bicycle 0.0026 211 225 444 373
bicycle 0.0021 298 319 353 365
bicycle 0.0011 181 334 329 375
bottle 0.0795 304 330 326 372
bottle 0.0441 302 332 345 375
bottle 0.0137 379 253 419 297
bottle 0.0085 319 331 336 370
bottle 0.0080 390 252 409 306
bottle 0.0052 375 235 431 315
bottle 0.0048 259 331 313 374
bottle 0.0024 304 327 323 352
bottle 0.0022 184 363 209 375
bottle 0.0020 301 356 329 375
bottle 0.0019 218 362 254 375
bottle 0.0018 397 250 419 306
bottle 0.0012 0 328 17 375
chair 0.0567 310 311 419 369
chair 0.0187 324 339 409 372
chair 0.0121 330 320 399 358
chair 0.0050 280 289 449 372
chair 0.0039 352 302 451 372
chair 0.0033 405 289 492 372
chair 0.0028 320 331 477 374
chair 0.0018 311 357 438 375
chair 0.0018 352 342 445 372
chair 0.0011 327 232 412 317
person 0.9401 -1 166 179 377
person 0.9163 392 163 501 381
person 0.8978 117 189 246 369
person 0.2506 167 102 241 265
person 0.1116 361 60 435 251
person 0.0851 105 186 162 253
person 0.0559 368 83 434 178
person 0.0421 0 184 32 367
person 0.0348 377 165 424 246
person 0.0301 0 205 12 293
person 0.0197 163 103 212 222
person 0.0177 152 105 259 329
person 0.0175 337 155 482 349
person 0.0148 0 187 9 344
person 0.0110 143 185 207 256
person 0.0095 123 74 244 257
person 0.0077 25 158 159 286
person 0.0077 276 197 453 354
person 0.0067 313 145 359 221
person 0.0048 296 30 450 284
person 0.0042 97 180 394 372
person 0.0032 150 198 193 242
person 0.0031 0 193 14 261
person 0.0030 62 168 142 263
person 0.0030 144 195 223 296
person 0.0024 114 212 154 260
person 0.0021 0 238 12 380
person 0.0021 160 205 240 339
person 0.0018 -1 218 28 267
person 0.0016 338 142 393 233
person 0.0014 261 312 298 369
person 0.0013 68 146 196 293
person 0.0011 111 187 143 239
person 0.0011 -2 150 53 355
person 0.0011 378 84 420 128
person 0.0010 159 82 332 289
tvmonitor 0.0062 388 138 501 304
tvmonitor 0.0061 404 168 491 251
tvmonitor 0.0041 465 134 501 244
tvmonitor 0.0016 449 159 500 259
