bottle 0.6211 249 225 268 284
bottle 0.4609 55 243 79 300
bottle 0.0657 367 104 380 118
bottle 0.0186 344 103 358 119
bottle 0.0121 76 301 94 342
bottle 0.0116 213 248 229 287
bottle 0.0082 55 237 75 277
bottle 0.0066 386 103 403 118
bottle 0.0063 262 221 281 284
bottle 0.0059 243 216 280 285
bottle 0.0053 179 233 194 270
bottle 0.0047 405 103 422 120
bottle 0.0036 0 224 10 337
bottle 0.0036 234 230 253 277
bottle 0.0031 213 226 232 281
bottle 0.0030 248 249 267 282
bottle 0.0028 248 224 268 252
bottle 0.0027 370 211 388 263
bottle 0.0023 366 108 383 125
bottle 0.0021 210 142 222 159
bottle 0.0021 199 116 216 135
bottle 0.0020 206 115 224 154
bottle 0.0019 232 230 285 305
bottle 0.0018 195 137 211 159
bottle 0.0016 199 126 215 146
bottle 0.0016 371 200 389 245
bottle 0.0016 231 217 252 261
bottle 0.0016 131 130 154 146
bottle 0.0016 204 115 227 135
bottle 0.0014 250 214 315 287
bottle 0.0013 36 250 82 347
bottle 0.0012 229 143 251 156
bottle 0.0012 290 224 311 279
bottle 0.0011 400 126 423 147
bottle 0.0010 129 299 149 325
bottle 0.0010 259 224 299 277
bottle 0.0010 223 290 266 320
bottle 0.0010 404 108 423 130
chair 0.0488 137 271 439 373
chair 0.0097 136 346 212 373
chair 0.0081 256 150 329 226
chair 0.0063 51 204 150 281
chair 0.0055 5 352 96 375
chair 0.0048 29 165 95 255
chair 0.0032 139 332 270 376
chair 0.0031 121 149 223 224
chair 0.0030 11 198 47 247
chair 0.0025 381 220 496 367
chair 0.0020 112 138 238 195
chair 0.0020 266 162 309 207
chair 0.0020 211 149 292 219
chair 0.0020 2 175 42 254
chair 0.0019 143 359 216 375
chair 0.0017 455 280 500 375
chair 0.0015 161 346 249 372
chair 0.0014 -8 341 111 373
chair 0.0013 199 111 238 143
chair 0.0012 192 121 234 152
chair 0.0012 -1 349 58 375
chair 0.0011 205 331 370 377
chair 0.0010 261 293 389 367
chair 0.0010 224 145 271 185
diningtable 0.3889 73 225 425 375
diningtable 0.0512 127 140 288 234
diningtable 0.0330 10 274 248 371
diningtable 0.0039 -3 179 265 382
diningtable 0.0024 150 139 271 195
diningtable 0.0017 -1 232 123 379
diningtable 0.0015 171 141 253 177
person 0.9276 375 115 493 380
person 0.8127 43 151 172 279
person 0.6770 268 136 383 283
person 0.5054 131 225 439 372
person 0.1019 44 153 152 228
person 0.0197 349 109 484 274
person 0.0151 241 146 402 336
person 0.0133 436 112 496 380
person 0.0112 488 154 500 321
person 0.0082 485 133 500 194
person 0.0057 371 144 436 233
person 0.0051 327 147 395 231
person 0.0045 380 27 431 63
person 0.0040 30 154 103 229
person 0.0034 230 182 486 374
person 0.0020 317 222 504 371
person 0.0019 467 138 502 290
person 0.0018 289 228 370 304
person 0.0017 259 8 308 139
person 0.0013 462 114 499 155
pottedplant 0.0045 334 114 372 159
pottedplant 0.0019 325 116 359 159
pottedplant 0.0014 328 105 403 164
pottedplant 0.0013 341 122 364 149
pottedplant 0.0013 332 122 352 150
pottedplant 0.0010 290 127 374 200
sofa 0.1841 35 160 176 314
sofa 0.0123 55 146 279 274
sofa 0.0087 -35 155 371 332
sofa 0.0021 12 182 195 371
tvmonitor 0.0175 363 16 457 83
tvmonitor 0.0150 365 13 502 127
tvmonitor 0.0010 468 131 501 179
