bottle 0.0100 354 35 476 289
bottle 0.0011 448 348 501 376
chair 0.0082 73 327 267 373
chair 0.0051 226 178 418 324
chair 0.0030 1 162 106 371
chair 0.0023 271 208 362 290
chair 0.0016 27 289 262 368
chair 0.0014 223 217 437 377
chair 0.0011 329 170 490 374
chair 0.0010 256 27 483 348
person 0.5647 20 46 246 338
person 0.0959 -1 42 120 388
person 0.0497 37 156 301 386
person 0.0073 163 199 346 354
person 0.0049 238 198 408 350
person 0.0023 46 292 295 370
person 0.0019 24 226 256 369
person 0.0018 -6 4 65 369
person 0.0014 423 197 464 245
tvmonitor 0.7538 52 123 223 310
tvmonitor 0.0664 375 48 492 274
tvmonitor 0.0087 396 106 471 206
tvmonitor 0.0043 409 198 472 285
tvmonitor 0.0031 336 123 486 368
tvmonitor 0.0023 115 165 207 269
tvmonitor 0.0018 419 216 461 261
tvmonitor 0.0016 405 129 473 247
