car 0.0090 0 56 33 106
car 0.0022 0 52 19 77
person 0.9350 94 53 171 272
person 0.8865 230 24 322 288
person 0.1693 79 54 119 159
person 0.0914 453 14 500 249
person 0.0873 454 24 499 132
person 0.0491 378 69 442 135
person 0.0314 106 45 223 275
person 0.0191 311 61 492 313
person 0.0083 153 40 275 281
person 0.0076 467 75 500 237
person 0.0070 55 47 72 86
person 0.0060 373 37 443 114
person 0.0054 0 115 9 219
person 0.0051 326 40 392 109
person 0.0045 0 53 20 107
person 0.0045 487 16 499 258
person 0.0043 383 33 495 288
person 0.0042 259 41 400 283
person 0.0038 15 57 37 105
person 0.0037 405 26 453 119
person 0.0030 299 35 433 238
person 0.0030 485 42 499 145
person 0.0028 399 59 454 140
person 0.0025 0 56 32 204
person 0.0021 190 43 215 86
person 0.0020 74 54 89 82
person 0.0018 463 24 496 69
person 0.0017 72 55 134 210
person 0.0016 0 75 114 296
person 0.0015 0 46 16 89
person 0.0014 348 42 367 65
person 0.0013 95 55 114 79
person 0.0013 309 39 363 112
person 0.0012 100 53 167 155
person 0.0012 391 34 433 72
person 0.0011 168 42 184 86
person 0.0010 458 12 499 89
person 0.0010 389 94 434 143
person 0.0010 0 102 10 311
