bottle 0.0010 445 188 465 235
bus 0.0319 101 -8 398 331
bus 0.0020 376 34 502 289
bus 0.0017 146 67 504 369
car 0.0024 459 221 493 267
car 0.0012 417 120 481 159
chair 0.0025 460 312 495 366
person 0.9490 80 244 123 379
person 0.8475 340 243 404 373
person 0.7184 408 248 448 373
person 0.0474 381 247 435 371
person 0.0093 488 243 499 317
person 0.0090 111 37 382 340
person 0.0090 490 259 499 362
person 0.0055 399 257 416 302
person 0.0052 456 296 494 374
person 0.0052 255 236 416 376
person 0.0047 384 253 400 275
person 0.0038 319 332 424 375
person 0.0038 399 267 416 350
person 0.0037 0 290 13 354
person 0.0029 401 254 418 283
person 0.0028 483 210 500 265
person 0.0026 335 347 406 376
person 0.0023 2 310 34 359
person 0.0022 407 323 481 378
person 0.0022 49 231 195 379
person 0.0022 486 308 499 373
person 0.0020 366 343 434 376
person 0.0013 5 290 101 368
person 0.0012 388 255 408 302
person 0.0010 80 290 116 363
person 0.0010 454 333 494 376
tvmonitor 0.0066 66 59 367 369
tvmonitor 0.0018 419 133 479 162
