bicycle 0.0023 470 202 498 332
bicycle 0.0014 485 229 499 322
car 0.0031 469 163 499 204
chair 0.0021 395 264 491 334
chair 0.0015 463 248 499 338
person 0.8646 195 134 243 237
person 0.0444 234 112 252 161
person 0.0415 468 130 500 205
person 0.0114 293 80 348 163
person 0.0089 136 75 157 120
person 0.0056 169 79 188 119
person 0.0050 213 140 258 232
person 0.0035 477 117 496 185
person 0.0035 478 149 498 217
person 0.0028 222 99 254 179
person 0.0027 233 128 252 190
person 0.0025 232 108 249 142
person 0.0025 309 96 329 144
person 0.0020 235 119 252 143
person 0.0019 146 84 167 127
person 0.0019 100 90 119 124
person 0.0018 193 97 250 188
person 0.0017 191 76 210 119
person 0.0016 466 143 488 201
person 0.0013 209 86 226 132
person 0.0013 230 155 248 215
person 0.0012 321 95 341 149
person 0.0012 112 88 130 125
person 0.0011 489 125 499 322
person 0.0011 185 113 291 257
person 0.0011 326 104 346 165
person 0.0010 487 80 500 164
person 0.0010 303 92 342 141
pottedplant 0.0315 419 190 474 292
pottedplant 0.0300 338 172 377 204
pottedplant 0.0270 400 157 496 328
pottedplant 0.0251 466 169 498 318
pottedplant 0.0212 385 173 426 205
pottedplant 0.0071 450 119 497 322
pottedplant 0.0049 403 156 468 218
pottedplant 0.0047 384 196 421 233
pottedplant 0.0046 411 170 457 205
pottedplant 0.0041 418 197 459 239
pottedplant 0.0040 332 164 385 212
pottedplant 0.0036 377 163 437 213
pottedplant 0.0026 381 179 431 248
pottedplant 0.0024 459 166 495 201
pottedplant 0.0017 421 219 462 266
pottedplant 0.0012 489 147 499 327
tvmonitor 0.0026 464 42 498 141
tvmonitor 0.0015 485 53 500 118
