bottle 0.0036 420 231 486 370
bottle 0.0028 451 287 500 374
bottle 0.0021 243 336 282 375
bottle 0.0014 439 314 458 365
bottle 0.0010 487 251 500 367
chair 0.0016 9 272 177 372
diningtable 0.0088 180 234 477 380
person 0.3389 132 152 283 326
person 0.1451 65 179 134 256
person 0.0787 431 186 501 376
person 0.0382 56 157 199 290
person 0.0215 402 94 498 343
person 0.0194 43 161 315 379
person 0.0154 418 200 492 297
person 0.0050 43 179 95 261
person 0.0042 28 172 166 375
person 0.0031 489 198 500 362
person 0.0029 91 125 391 317
person 0.0029 441 26 502 350
person 0.0025 448 150 497 287
person 0.0025 70 172 174 262
person 0.0023 287 344 353 377
person 0.0020 82 223 412 379
person 0.0020 416 171 485 270
person 0.0019 70 185 119 232
person 0.0014 51 190 87 242
person 0.0014 257 343 322 376
person 0.0013 490 170 500 307
person 0.0013 159 165 262 270
person 0.0012 275 331 368 376
person 0.0011 2 236 119 372
sofa 0.0025 13 225 338 376
