person 0.9359 -13 14 245 407
person 0.2560 167 172 276 486
person 0.0348 0 89 147 489
person 0.0182 203 137 273 374
person 0.0177 248 149 275 266
person 0.0151 208 284 271 501
person 0.0109 3 143 269 504
person 0.0106 248 301 273 504
person 0.0052 1 124 66 460
person 0.0048 247 265 274 388
person 0.0045 265 143 273 249
person 0.0042 249 152 273 208
person 0.0037 240 125 273 382
person 0.0032 126 68 278 438
person 0.0031 268 119 273 358
person 0.0026 0 109 22 237
person 0.0023 216 268 270 383
person 0.0020 262 164 273 195
person 0.0017 0 75 30 426
person 0.0016 256 164 274 228
person 0.0015 28 20 283 263
person 0.0013 247 314 275 356
person 0.0012 137 306 260 488
person 0.0010 237 155 261 204
person 0.0010 88 228 270 490
person 0.0010 216 155 270 256
