bicycle 0.0032 0 476 36 499
bicycle 0.0032 12 472 55 500
horse 0.0277 71 224 196 414
motorbike 0.0532 290 207 337 302
motorbike 0.0026 265 183 335 317
motorbike 0.0024 296 256 336 305
motorbike 0.0023 276 238 333 311
motorbike 0.0023 1 471 33 501
motorbike 0.0019 298 230 334 291
person 0.9884 73 135 161 338
person 0.0220 12 480 32 499
person 0.0220 85 133 146 233
person 0.0185 20 480 35 497
person 0.0032 171 197 210 288
person 0.0030 326 193 334 289
person 0.0024 282 226 322 284
person 0.0010 326 240 335 315
