bicycle 0.1286 448 246 500 365
bicycle 0.0241 376 228 501 369
bicycle 0.0054 341 270 479 369
bicycle 0.0033 399 289 495 372
bicycle 0.0014 307 265 411 373
bicycle 0.0012 455 277 499 330
bicycle 0.0011 456 334 496 373
bicycle 0.0011 457 305 497 362
person 0.4957 358 220 458 370
person 0.3961 166 233 240 377
person 0.3013 311 228 406 371
person 0.1002 459 184 498 305
person 0.0691 4 218 41 327
person 0.0529 81 203 125 299
person 0.0329 139 208 193 334
person 0.0157 105 202 147 297
person 0.0136 261 207 303 291
person 0.0130 30 216 73 322
person 0.0065 0 222 14 339
person 0.0048 487 189 499 342
person 0.0048 6 203 37 244
person 0.0043 38 202 53 222
person 0.0038 112 201 144 245
person 0.0025 308 271 377 377
person 0.0022 18 207 38 246
person 0.0022 -1 208 14 246
person 0.0019 390 196 494 369
person 0.0018 7 216 41 266
person 0.0013 255 188 273 207
person 0.0012 151 231 208 365
person 0.0011 488 243 500 376
person 0.0010 34 205 55 248
person 0.0010 53 198 140 342
