horse 0.3467 17 73 249 500
horse 0.0779 126 103 370 477
horse 0.0080 25 38 238 321
horse 0.0059 222 186 377 469
horse 0.0042 4 49 79 366
horse 0.0031 -8 35 157 462
horse 0.0016 4 228 311 481
person 0.9658 148 28 249 343
person 0.0346 6 60 78 281
person 0.0217 127 45 370 463
person 0.0051 282 188 384 473
person 0.0050 358 222 379 434
person 0.0047 0 209 10 345
person 0.0037 0 86 32 248
person 0.0035 0 73 82 429
person 0.0018 222 78 380 426
person 0.0016 342 186 379 468
person 0.0016 1 205 29 368
person 0.0016 7 190 71 305
person 0.0011 122 8 298 294
