chair 0.0013 356 277 511 378
chair 0.0010 99 293 181 373
diningtable 0.0021 244 336 485 374
diningtable 0.0012 247 282 490 374
person 0.5948 0 151 117 353
person 0.5327 194 58 317 318
person 0.4733 328 115 494 369
person 0.4724 204 119 441 377
person 0.2644 28 167 160 378
person 0.0749 2 159 60 380
person 0.0564 81 228 177 373
person 0.0086 431 106 500 374
person 0.0048 -3 7 55 308
person 0.0044 236 49 408 331
person 0.0024 -4 -2 117 319
person 0.0024 387 39 500 293
person 0.0024 199 32 359 243
person 0.0019 20 204 80 338
person 0.0017 -1 131 44 250
person 0.0015 116 36 320 396
person 0.0011 61 184 127 308
person 0.0011 361 222 503 372
person 0.0011 365 337 517 376
