bus 0.0012 330 56 487 152
car 0.9295 216 120 295 328
car 0.8114 192 113 358 331
car 0.6224 254 104 341 139
car 0.3161 333 114 499 259
car 0.1856 63 126 293 303
car 0.1688 3 131 102 302
car 0.0594 259 100 324 125
car 0.0445 367 125 500 185
car 0.0292 368 104 498 162
car 0.0267 306 105 358 139
car 0.0107 372 115 448 150
car 0.0104 -4 117 184 314
car 0.0098 330 109 395 140
car 0.0048 367 135 454 167
car 0.0043 303 101 425 149
car 0.0040 244 102 282 138
car 0.0037 290 99 354 126
car 0.0033 390 114 483 147
car 0.0033 241 116 489 298
car 0.0024 271 111 359 152
car 0.0020 251 110 303 157
car 0.0019 340 77 486 183
car 0.0018 160 79 338 256
car 0.0017 11 35 258 287
car 0.0016 259 103 301 122
car 0.0015 379 136 493 232
car 0.0012 222 103 295 165
car 0.0011 273 104 316 121
car 0.0010 245 130 313 237
car 0.0010 248 109 273 133
car 0.0010 346 74 478 137
car 0.0010 244 113 327 194
person 0.6408 217 132 297 333
person 0.0109 223 112 285 208
person 0.0024 3 37 106 292
