aeroplane 0.0363 231 70 366 263
aeroplane 0.0304 109 45 474 226
bicycle 0.1342 0 163 29 332
bicycle 0.0027 1 209 27 281
car 0.0675 409 162 469 194
car 0.0060 241 71 397 260
car 0.0049 323 153 398 208
car 0.0019 489 156 500 204
car 0.0011 462 164 496 199
chair 0.0035 40 136 81 183
cow 0.0227 0 136 26 304
cow 0.0092 -1 109 41 326
cow 0.0015 0 185 24 251
horse 0.0550 156 171 418 377
horse 0.0151 57 137 223 354
horse 0.0082 65 130 356 375
horse 0.0036 41 113 167 325
horse 0.0021 308 175 404 372
horse 0.0014 7 152 106 329
motorbike 0.0395 1 191 31 344
person 0.9874 261 85 345 341
person 0.0390 222 114 372 369
person 0.0187 0 107 49 211
person 0.0145 267 93 330 224
person 0.0143 1 113 34 259
person 0.0123 -5 47 55 277
person 0.0065 0 150 16 295
person 0.0026 0 102 10 230
person 0.0019 23 127 44 147
person 0.0018 263 138 334 284
person 0.0012 20 123 44 176
person 0.0012 308 147 399 357
person 0.0012 282 123 352 252
