car 0.0056 444 0 505 19
car 0.0028 387 0 499 15
car 0.0016 448 0 496 10
car 0.0012 475 0 501 16
dog 0.0508 -2 251 69 331
dog 0.0048 299 86 335 109
motorbike 0.0909 202 250 268 320
motorbike 0.0033 213 269 264 312
motorbike 0.0024 264 137 299 179
motorbike 0.0017 201 263 241 309
person 0.9572 201 228 267 309
person 0.4813 262 110 307 172
person 0.2700 207 151 236 192
person 0.0943 276 113 306 158
person 0.0688 2 254 83 332
person 0.0086 291 298 518 331
person 0.0072 276 101 310 137
person 0.0056 214 230 262 266
person 0.0053 260 138 300 177
person 0.0043 267 93 319 155
person 0.0029 274 118 294 155
person 0.0025 434 0 466 9
person 0.0021 306 255 502 330
person 0.0020 212 161 231 199
person 0.0014 15 0 83 31
person 0.0013 367 176 431 250
person 0.0011 408 0 452 8
sheep 0.0013 -1 213 102 333
