bicycle 0.0824 4 48 344 375
car 0.1232 -21 3 440 263
car 0.0089 18 0 484 150
car 0.0058 295 -7 504 148
car 0.0048 -53 213 473 375
car 0.0020 375 -1 491 17
car 0.0017 -1 -6 58 213
car 0.0011 -2 68 44 197
car 0.0010 427 0 510 21
chair 0.0012 171 -1 260 26
motorbike 0.6540 138 0 517 374
motorbike 0.5110 8 -2 337 375
motorbike 0.0372 -1 120 493 358
motorbike 0.0069 249 -5 490 94
motorbike 0.0045 375 3 502 373
motorbike 0.0037 2 0 199 265
motorbike 0.0024 134 -20 439 57
motorbike 0.0010 0 -16 120 331
person 0.0019 196 -4 378 37
person 0.0010 308 2 432 74
person 0.0010 238 -2 339 23
