bicycle 0.0023 95 375 336 498
chair 0.0048 56 304 318 489
dog 0.0011 41 382 277 495
person 0.9277 68 157 306 493
person 0.2968 167 58 223 200
person 0.2787 0 55 47 193
person 0.2329 296 166 374 348
person 0.0678 159 51 264 284
person 0.0305 153 134 331 445
person 0.0219 47 159 218 437
person 0.0095 139 73 298 356
person 0.0086 231 179 386 389
person 0.0082 306 170 374 260
person 0.0041 160 104 221 234
person 0.0039 147 160 221 257
person 0.0037 129 161 196 245
person 0.0022 93 167 161 239
person 0.0021 61 87 260 343
person 0.0016 0 79 9 213
person 0.0016 331 165 376 329
person 0.0011 152 272 223 376
