bicycle 0.0141 44 382 326 495
bicycle 0.0016 1 435 322 504
motorbike 0.0119 49 304 324 492
person 0.9845 51 66 376 514
person 0.2639 6 39 265 463
person 0.0194 67 214 305 495
person 0.0194 276 -4 379 200
person 0.0140 287 0 328 49
person 0.0072 279 1 336 30
person 0.0056 258 0 349 52
person 0.0039 234 0 326 28
person 0.0039 212 2 287 31
person 0.0039 296 2 363 39
person 0.0032 339 8 374 187
person 0.0026 219 73 374 502
person 0.0020 212 1 331 45
person 0.0015 -3 144 28 279
person 0.0013 178 0 209 12
person 0.0012 161 0 199 13
person 0.0011 300 -2 318 54
person 0.0010 289 0 325 19
person 0.0010 333 2 375 42
person 0.0010 20 226 60 269
