bottle 0.0012 301 289 332 334
chair 0.0027 2 27 115 236
chair 0.0020 4 221 107 374
chair 0.0020 0 241 40 374
chair 0.0015 2 49 53 153
chair 0.0013 16 253 84 363
motorbike 0.0012 441 186 501 364
person 0.9549 174 112 316 377
person 0.8577 306 161 450 379
person 0.7049 48 115 196 377
person 0.0047 38 53 226 274
person 0.0043 3 179 102 370
person 0.0026 0 193 46 351
person 0.0026 377 177 503 373
person 0.0026 0 188 10 372
person 0.0022 237 40 496 225
person 0.0020 453 203 500 349
person 0.0013 2 15 53 135
person 0.0013 107 48 388 283
person 0.0012 488 127 499 259
person 0.0011 202 69 460 303
person 0.0011 461 122 500 256
person 0.0010 1 16 115 189
person 0.0010 393 106 494 329
person 0.0010 0 146 40 293
pottedplant 0.0017 11 198 80 293
sofa 0.0027 252 80 482 295
