bottle 0.0051 205 65 233 120
bus 0.0041 5 82 260 500
chair 0.0252 243 176 370 404
chair 0.0024 257 282 355 373
chair 0.0015 258 237 354 339
chair 0.0010 202 88 360 414
person 0.8883 114 17 261 412
person 0.3060 54 61 278 515
person 0.0253 342 172 378 266
person 0.0146 285 132 378 372
person 0.0089 353 187 378 248
person 0.0072 121 156 298 479
person 0.0045 302 193 372 302
person 0.0044 342 112 378 239
person 0.0041 363 192 377 285
person 0.0035 364 164 378 248
person 0.0025 349 208 378 275
person 0.0022 3 101 31 159
person 0.0022 0 107 35 242
person 0.0022 1 76 34 191
person 0.0016 342 210 378 362
person 0.0015 0 92 13 157
person 0.0010 -1 46 43 375
person 0.0010 329 30 381 313
tvmonitor 0.0145 30 103 67 150
tvmonitor 0.0046 31 97 94 165
tvmonitor 0.0035 41 104 87 150
