bottle 0.0153 370 338 423 373
bottle 0.0029 361 298 441 374
bottle 0.0019 16 112 33 135
car 0.3575 295 121 380 179
car 0.0121 322 129 382 172
car 0.0060 307 121 363 161
car 0.0024 243 81 427 240
person 0.7132 347 176 471 371
person 0.5244 36 212 131 374
person 0.2919 155 211 264 375
person 0.1726 441 296 501 373
person 0.0957 456 207 501 338
person 0.0605 124 218 214 368
person 0.0492 267 196 314 356
person 0.0387 0 207 31 340
person 0.0346 0 230 15 353
person 0.0198 379 215 500 372
person 0.0180 438 220 505 373
person 0.0120 467 215 500 262
person 0.0074 190 188 295 373
person 0.0061 481 196 499 251
person 0.0051 336 175 385 257
person 0.0038 306 178 345 263
person 0.0037 133 212 189 287
person 0.0034 139 140 287 361
person 0.0033 139 34 352 346
person 0.0029 458 198 493 246
person 0.0025 305 123 326 181
person 0.0021 486 184 499 238
person 0.0020 486 229 499 331
person 0.0019 317 155 427 351
person 0.0018 420 201 479 342
person 0.0017 331 152 394 231
person 0.0017 341 196 386 349
person 0.0015 0 215 47 379
person 0.0014 489 252 500 364
person 0.0011 344 168 391 213
person 0.0010 223 205 280 341
person 0.0010 165 168 185 216
train 0.0016 67 5 271 143
