bottle 0.0013 0 5 18 53
bottle 0.0011 367 201 387 253
bottle 0.0010 0 41 14 119
car 0.0038 305 -11 500 235
chair 0.0685 137 187 197 287
chair 0.0486 112 159 227 315
chair 0.0197 112 166 174 259
chair 0.0187 114 139 317 321
chair 0.0140 105 146 174 222
chair 0.0104 82 130 194 294
chair 0.0063 59 196 211 318
chair 0.0039 16 81 177 294
chair 0.0038 55 146 140 224
chair 0.0033 137 135 193 231
chair 0.0022 149 144 190 182
chair 0.0021 115 162 163 202
chair 0.0018 121 191 163 231
chair 0.0018 113 144 162 183
chair 0.0014 102 85 244 295
chair 0.0011 123 209 165 254
chair 0.0010 106 213 179 306
person 0.9706 171 113 402 320
person 0.2048 156 98 287 316
person 0.0658 251 126 472 300
person 0.0048 462 120 500 194
person 0.0026 184 236 455 321
person 0.0025 68 96 203 283
tvmonitor 0.1167 385 165 499 300
tvmonitor 0.0546 0 112 39 215
tvmonitor 0.0442 457 169 501 299
tvmonitor 0.0312 339 153 407 221
tvmonitor 0.0297 399 169 476 259
tvmonitor 0.0230 336 147 480 276
tvmonitor 0.0177 341 174 402 243
tvmonitor 0.0049 370 168 449 252
tvmonitor 0.0042 23 141 83 224
tvmonitor 0.0041 280 112 454 265
tvmonitor 0.0032 348 189 393 229
tvmonitor 0.0028 -1 138 35 185
tvmonitor 0.0028 -3 92 50 271
tvmonitor 0.0027 345 167 396 208
tvmonitor 0.0025 0 162 36 207
tvmonitor 0.0016 337 167 376 217
tvmonitor 0.0011 0 129 17 205
tvmonitor 0.0011 246 38 329 91
tvmonitor 0.0010 6 52 97 269
