bottle 0.0097 198 135 214 168
bottle 0.0089 208 137 227 181
bottle 0.0038 219 59 235 111
bottle 0.0032 173 134 191 163
bottle 0.0026 156 141 173 157
bottle 0.0016 197 140 213 159
bottle 0.0014 218 51 254 117
bottle 0.0013 195 139 232 175
bottle 0.0010 160 137 199 161
car 0.0017 153 84 207 109
chair 0.0116 2 119 191 225
chair 0.0112 190 132 237 181
chair 0.0032 -4 180 207 237
chair 0.0032 212 133 272 181
chair 0.0026 21 101 400 207
diningtable 0.4307 23 176 475 239
diningtable 0.0098 31 124 468 229
diningtable 0.0084 -10 180 285 237
diningtable 0.0032 226 152 498 236
diningtable 0.0012 -16 206 435 240
person 0.1362 299 -1 500 164
person 0.0475 0 62 120 182
person 0.0256 2 86 57 225
person 0.0179 -1 89 41 149
person 0.0125 10 89 167 221
person 0.0115 181 11 470 224
person 0.0090 -2 91 33 117
person 0.0087 311 45 498 228
person 0.0062 10 91 100 148
person 0.0057 6 11 173 188
person 0.0048 449 -8 500 206
person 0.0033 382 0 502 27
person 0.0023 -1 99 36 129
person 0.0020 18 95 41 113
person 0.0016 400 0 483 18
person 0.0013 49 9 370 225
person 0.0011 363 0 440 17
person 0.0011 0 85 14 140
person 0.0010 0 79 19 118
person 0.0010 365 0 507 60
