horse 0.1284 5 160 270 376
horse 0.0056 74 223 268 370
person 0.8295 14 3 248 316
person 0.1152 302 26 416 172
person 0.0485 53 160 289 377
person 0.0482 380 135 498 358
person 0.0409 474 174 499 320
person 0.0389 485 216 499 319
person 0.0354 487 180 499 294
person 0.0332 317 29 399 127
person 0.0329 143 18 433 176
person 0.0278 41 -12 459 333
person 0.0181 235 37 426 221
person 0.0039 344 91 472 342
person 0.0029 469 129 502 248
person 0.0024 468 220 498 384
person 0.0018 406 203 482 293
person 0.0018 474 189 501 246
person 0.0018 254 59 476 322
person 0.0017 487 138 499 254
person 0.0016 474 210 499 278
person 0.0016 341 142 407 223
person 0.0014 453 136 501 358
person 0.0014 321 91 414 170
person 0.0012 417 116 455 151
train 0.0041 167 69 490 359
