bus 0.0018 0 182 10 318
car 0.0017 41 -4 448 105
chair 0.0090 83 236 495 397
chair 0.0078 3 179 125 391
chair 0.0045 180 300 477 392
chair 0.0021 0 183 53 390
chair 0.0016 5 292 177 390
chair 0.0013 -1 311 48 394
person 0.9260 72 86 258 381
person 0.8743 225 58 444 388
person 0.0556 9 109 190 400
person 0.0195 315 58 461 343
person 0.0090 490 201 499 328
person 0.0044 472 225 498 415
person 0.0031 448 177 497 397
person 0.0019 250 38 466 256
person 0.0015 122 110 383 401
person 0.0014 10 84 120 321
person 0.0013 487 212 499 409
person 0.0013 0 188 9 340
person 0.0012 280 173 454 388
person 0.0010 388 151 496 375
tvmonitor 0.0017 6 -3 409 103
