bottle 0.0014 363 166 381 221
bottle 0.0010 352 165 367 224
car 0.0090 43 342 220 375
car 0.0058 71 352 194 376
car 0.0030 -5 334 119 376
car 0.0020 -9 353 103 374
car 0.0015 2 340 93 368
car 0.0012 38 348 158 373
chair 0.0029 170 351 263 376
chair 0.0025 145 337 285 374
chair 0.0020 197 349 295 374
chair 0.0020 73 283 276 376
chair 0.0019 233 350 352 374
chair 0.0017 317 349 419 375
chair 0.0015 161 293 259 374
diningtable 0.0016 74 340 269 375
diningtable 0.0010 113 352 230 376
person 0.9547 410 90 491 341
person 0.8763 33 96 103 338
person 0.8599 233 86 332 345
person 0.7412 151 113 218 313
person 0.1909 229 275 367 373
person 0.1543 450 269 497 381
person 0.0473 33 106 90 216
person 0.0289 89 105 170 328
person 0.0180 443 106 497 369
person 0.0129 214 114 302 364
person 0.0129 42 110 80 158
person 0.0116 387 277 496 376
person 0.0108 260 80 364 296
person 0.0105 411 99 480 212
person 0.0065 158 113 250 362
person 0.0065 350 92 475 342
person 0.0049 284 258 361 352
person 0.0044 174 133 229 295
person 0.0037 42 206 91 337
person 0.0032 37 140 89 286
person 0.0028 255 279 470 372
person 0.0026 244 91 317 174
person 0.0023 192 335 396 372
person 0.0018 420 145 479 279
person 0.0018 449 339 496 378
person 0.0018 466 194 501 357
person 0.0017 35 103 73 147
person 0.0012 68 92 121 168
person 0.0011 397 328 497 376
person 0.0010 205 288 281 372
person 0.0010 69 119 123 258
pottedplant 0.0100 338 263 407 336
pottedplant 0.0016 90 82 125 134
pottedplant 0.0013 361 257 429 341
pottedplant 0.0010 76 70 130 141
