bottle 0.0020 119 266 174 348
person 0.5176 30 221 213 351
person 0.3708 2 -23 196 320
person 0.0532 21 52 310 351
person 0.0249 225 121 286 340
person 0.0186 104 43 232 208
person 0.0175 4 113 153 344
person 0.0136 248 100 288 307
person 0.0094 250 125 289 220
person 0.0094 163 82 207 163
person 0.0051 131 117 287 338
person 0.0037 3 1 151 196
person 0.0036 0 117 22 234
person 0.0033 70 257 257 349
person 0.0024 226 54 288 247
person 0.0024 45 3 245 243
person 0.0022 0 72 28 332
person 0.0017 0 118 5 247
person 0.0016 263 0 289 72
person 0.0012 0 56 67 296
person 0.0012 170 83 203 116
person 0.0012 234 118 284 190
person 0.0010 -1 2 116 85
person 0.0010 160 77 211 127
person 0.0010 16 252 143 351
