chair 0.0059 250 261 334 478
chair 0.0020 1 307 63 406
person 0.8731 119 114 251 485
person 0.5713 29 73 141 430
person 0.2910 183 93 304 488
person 0.0385 131 102 189 186
person 0.0335 196 91 291 254
person 0.0291 90 95 198 423
person 0.0212 15 82 216 496
person 0.0076 38 79 139 208
person 0.0074 205 86 273 178
person 0.0056 256 116 332 464
person 0.0048 0 59 79 443
person 0.0048 226 249 310 482
person 0.0044 113 89 210 261
person 0.0042 144 78 291 365
person 0.0033 92 59 196 217
person 0.0024 111 58 272 216
person 0.0024 119 109 177 217
person 0.0019 164 133 225 212
person 0.0012 203 81 321 351
person 0.0012 74 83 144 177
person 0.0011 157 97 228 180
person 0.0011 56 66 127 145
person 0.0011 33 79 184 283
person 0.0010 303 140 331 291
