bottle 0.0056 367 162 395 211
bottle 0.0027 375 166 407 210
person 0.9549 284 47 393 281
person 0.8891 -1 32 181 355
person 0.6614 206 69 244 159
person 0.5053 154 72 189 145
person 0.1478 106 49 141 131
person 0.1069 267 58 332 265
person 0.0728 274 63 318 214
person 0.0302 105 47 136 92
person 0.0300 309 47 395 200
person 0.0262 281 60 314 100
person 0.0093 137 55 158 109
person 0.0083 133 73 153 122
person 0.0068 132 52 162 92
person 0.0060 84 47 132 127
person 0.0055 169 77 193 141
person 0.0045 158 92 181 146
person 0.0041 150 64 171 129
person 0.0034 110 47 131 72
person 0.0029 311 52 357 87
person 0.0028 111 71 156 140
person 0.0027 111 78 132 133
person 0.0027 138 58 159 83
person 0.0022 224 75 243 141
person 0.0021 322 51 383 125
person 0.0018 144 55 175 91
person 0.0016 333 51 377 86
person 0.0015 285 67 310 91
person 0.0015 283 66 308 121
person 0.0014 118 85 151 130
person 0.0013 152 60 173 83
person 0.0012 97 49 114 90
person 0.0011 304 45 366 96
person 0.0011 0 54 10 137
person 0.0010 299 61 367 168
