bicycle 0.3803 33 229 81 314
bicycle 0.0012 12 214 98 330
bird 0.0092 393 182 429 230
bird 0.0020 386 179 424 214
bird 0.0016 124 42 149 66
bird 0.0015 160 33 200 73
bird 0.0015 401 183 429 209
bird 0.0011 114 36 168 64
boat 0.0051 368 135 429 163
boat 0.0030 366 117 430 153
bottle 0.0025 122 255 168 291
car 0.0054 165 272 313 316
person 0.9163 271 206 323 297
person 0.6132 215 199 264 281
person 0.0244 32 216 77 296
person 0.0127 38 225 73 275
person 0.0126 223 197 259 250
person 0.0077 190 203 247 276
person 0.0052 221 221 256 276
person 0.0031 185 194 304 298
person 0.0017 194 200 236 244
person 0.0017 387 187 425 230
person 0.0017 229 211 252 267
person 0.0016 250 209 331 320
person 0.0010 175 208 198 264
person 0.0010 30 222 73 250
pottedplant 0.0027 162 203 197 245
pottedplant 0.0026 169 208 201 264
