bottle 0.0060 366 127 383 163
bottle 0.0033 343 111 355 136
bottle 0.0024 365 127 381 145
bottle 0.0020 341 112 355 156
car 0.0010 1 129 46 161
chair 0.0035 294 115 370 163
chair 0.0011 288 87 366 151
person 0.9741 158 60 348 280
person 0.0119 256 138 316 243
person 0.0054 248 123 327 207
person 0.0052 241 63 390 273
person 0.0050 146 130 305 287
person 0.0019 213 126 290 204
person 0.0014 210 73 356 172
person 0.0011 18 319 46 333
pottedplant 0.0066 298 120 344 149
pottedplant 0.0035 307 123 334 144
pottedplant 0.0027 306 124 360 157
pottedplant 0.0023 448 72 498 155
