bottle 0.4526 236 98 253 144
bottle 0.3435 244 101 262 144
bottle 0.2006 270 113 288 156
bottle 0.0375 262 105 293 146
bottle 0.0342 237 76 252 117
bottle 0.0318 274 114 316 158
bottle 0.0302 271 87 287 133
bottle 0.0301 226 93 278 163
bottle 0.0289 232 109 249 155
bottle 0.0251 247 74 264 117
bottle 0.0240 239 89 268 133
bottle 0.0240 251 111 269 153
bottle 0.0217 287 112 307 159
bottle 0.0205 233 86 258 133
bottle 0.0198 272 110 289 136
bottle 0.0175 217 100 232 145
bottle 0.0159 246 83 262 107
bottle 0.0149 245 94 261 120
bottle 0.0135 226 109 259 154
bottle 0.0131 271 97 287 120
bottle 0.0119 231 121 248 146
bottle 0.0105 253 100 320 166
bottle 0.0090 216 86 233 131
bottle 0.0075 260 90 294 131
bottle 0.0074 251 54 268 109
bottle 0.0072 216 111 232 133
bottle 0.0064 213 124 231 145
bottle 0.0059 216 96 233 116
bottle 0.0059 240 78 272 115
bottle 0.0058 214 114 230 155
bottle 0.0058 270 83 287 107
bottle 0.0049 285 113 306 134
bottle 0.0047 287 109 343 140
bottle 0.0045 270 54 286 108
bottle 0.0043 234 54 251 110
bottle 0.0043 205 103 242 142
bottle 0.0041 230 73 274 141
bottle 0.0041 175 98 189 148
bottle 0.0039 215 72 231 118
bottle 0.0033 252 69 268 91
bottle 0.0031 308 118 328 160
bottle 0.0031 214 85 233 105
bottle 0.0029 258 75 295 116
bottle 0.0025 204 90 243 126
bottle 0.0023 159 96 173 150
bottle 0.0021 307 126 329 146
bottle 0.0021 174 112 189 134
bottle 0.0021 270 68 286 91
bottle 0.0020 202 116 241 152
bottle 0.0020 175 125 190 148
bottle 0.0020 234 71 250 91
bottle 0.0020 307 104 326 144
bottle 0.0018 305 114 328 134
bottle 0.0014 171 52 187 108
bottle 0.0014 242 60 275 103
bottle 0.0013 229 122 247 178
bottle 0.0013 229 138 248 159
bottle 0.0013 252 54 268 74
bottle 0.0012 261 125 298 169
bottle 0.0012 398 85 418 125
bottle 0.0011 271 92 321 128
bottle 0.0011 287 85 306 134
bottle 0.0010 202 78 243 112
bottle 0.0010 158 111 173 134
chair 0.2713 209 143 425 383
chair 0.0190 324 165 485 368
chair 0.0143 297 123 365 195
chair 0.0138 292 118 343 159
chair 0.0072 304 129 341 172
chair 0.0059 287 106 368 170
chair 0.0040 140 219 374 372
chair 0.0031 488 186 500 285
chair 0.0015 451 204 496 342
chair 0.0011 0 291 47 371
motorbike 0.0012 14 -6 260 274
person 0.9193 215 113 421 384
person 0.5276 318 64 497 367
person 0.5232 22 168 159 373
person 0.5155 146 138 267 361
person 0.1133 167 142 228 234
person 0.0644 298 84 444 285
person 0.0341 118 140 246 293
person 0.0245 64 150 191 287
person 0.0245 163 109 356 336
person 0.0197 381 168 496 367
person 0.0142 390 66 497 305
person 0.0136 97 157 172 267
person 0.0103 312 112 410 202
person 0.0093 142 59 426 271
person 0.0065 320 55 491 214
person 0.0062 146 152 219 267
person 0.0026 42 218 225 373
person 0.0025 173 205 239 332
person 0.0023 32 19 385 308
person 0.0021 15 98 187 294
person 0.0020 51 165 150 261
person 0.0020 438 78 500 349
person 0.0016 402 165 486 265
person 0.0016 51 235 119 370
person 0.0015 457 158 498 274
person 0.0011 244 118 333 194
person 0.0010 66 151 144 232
pottedplant 0.2459 402 68 500 196
pottedplant 0.1084 442 89 498 210
pottedplant 0.0015 452 120 498 244
pottedplant 0.0014 456 48 500 162
pottedplant 0.0010 437 18 499 193
sofa 0.1786 158 126 365 375
sofa 0.0096 251 161 476 371
train 0.0032 3 0 421 263
