bicycle 0.0014 158 161 492 377
bottle 0.0011 90 3 179 80
car 0.0027 233 1 352 44
car 0.0023 184 -1 306 43
car 0.0010 253 3 341 71
chair 0.0012 102 220 470 374
person 0.8853 124 42 442 392
person 0.1394 223 15 504 358
person 0.1306 2 32 340 404
person 0.0142 379 176 498 368
person 0.0142 56 -1 448 267
person 0.0125 301 117 498 372
person 0.0034 2 3 116 254
person 0.0030 196 0 451 210
person 0.0025 5 31 194 348
person 0.0024 -2 4 56 309
person 0.0023 376 0 409 16
person 0.0017 257 0 395 45
person 0.0016 327 0 383 25
person 0.0015 206 -1 284 30
person 0.0014 282 1 372 33
person 0.0013 338 0 366 22
person 0.0012 362 0 392 18
person 0.0012 373 -2 500 319
person 0.0011 341 0 408 23
person 0.0011 392 0 434 14
person 0.0010 236 0 323 19
tvmonitor 0.0010 2 2 117 200
