bottle 0.7902 217 -2 304 209
bottle 0.5828 316 138 431 346
bottle 0.5011 341 151 411 277
bottle 0.2521 442 82 500 356
bottle 0.0503 362 135 417 236
bottle 0.0408 187 41 321 327
bottle 0.0136 225 70 438 364
bottle 0.0135 354 176 432 299
bottle 0.0114 224 3 295 90
bottle 0.0087 331 91 454 295
bottle 0.0048 297 164 362 267
bottle 0.0042 229 86 289 228
bottle 0.0041 145 -12 288 211
bottle 0.0039 396 119 501 371
bottle 0.0034 448 79 497 238
bottle 0.0033 280 210 354 338
bottle 0.0030 244 5 307 129
bottle 0.0025 451 237 501 365
bottle 0.0021 370 154 412 213
bottle 0.0013 247 -4 407 263
bottle 0.0010 259 18 300 68
car 0.0140 393 -1 491 17
car 0.0130 446 0 495 9
car 0.0124 389 0 440 7
car 0.0094 239 -1 333 18
car 0.0076 403 0 461 8
car 0.0071 421 0 480 8
car 0.0058 373 0 415 8
car 0.0051 350 0 397 9
car 0.0050 199 0 308 21
car 0.0043 316 -1 409 17
car 0.0033 333 0 377 9
car 0.0032 368 0 462 10
car 0.0026 271 -1 381 16
car 0.0022 275 0 326 10
car 0.0020 477 0 500 12
car 0.0014 170 0 336 33
car 0.0014 159 0 265 21
car 0.0014 312 0 360 9
car 0.0010 447 -1 504 22
diningtable 0.2848 238 179 405 375
diningtable 0.1450 27 176 475 376
diningtable 0.1153 323 165 474 379
diningtable 0.0247 106 49 401 380
diningtable 0.0234 115 272 462 377
diningtable 0.0126 42 93 298 341
diningtable 0.0038 386 158 503 384
diningtable 0.0038 8 114 186 319
diningtable 0.0019 0 136 120 358
person 0.3898 -9 0 207 252
person 0.0246 442 30 500 297
person 0.0035 190 0 313 97
person 0.0026 3 23 116 291
person 0.0020 -1 13 58 303
person 0.0015 -1 124 49 253
pottedplant 0.4306 117 62 237 260
pottedplant 0.2093 142 108 221 199
pottedplant 0.0412 169 128 228 237
pottedplant 0.0235 18 30 249 283
pottedplant 0.0023 145 128 214 179
pottedplant 0.0020 174 162 236 262
pottedplant 0.0015 177 159 225 210
