bicycle 0.0023 281 217 370 276
boat 0.0017 123 0 463 318
bottle 0.0022 364 217 384 263
bottle 0.0019 340 215 360 260
bottle 0.0015 160 218 177 264
bottle 0.0014 333 228 391 265
bottle 0.0013 319 217 404 275
bus 0.0088 43 -5 386 325
bus 0.0052 342 74 475 299
bus 0.0012 364 146 441 236
chair 0.0119 403 288 500 372
chair 0.0011 302 273 509 376
diningtable 0.0029 188 191 469 360
person 0.8580 2 22 183 354
person 0.2732 420 70 476 134
person 0.1385 387 62 493 260
person 0.0697 424 73 463 115
person 0.0682 50 85 289 348
person 0.0351 413 75 480 175
person 0.0151 -2 163 265 377
person 0.0047 338 55 479 218
person 0.0035 438 67 498 135
person 0.0027 8 23 123 255
person 0.0024 86 127 167 198
person 0.0023 15 258 81 357
person 0.0021 441 80 498 173
person 0.0020 2 167 121 371
person 0.0018 104 143 153 182
person 0.0018 431 54 504 317
person 0.0015 445 79 495 120
person 0.0013 363 67 462 138
person 0.0013 1 243 53 364
person 0.0012 424 78 448 110
person 0.0012 6 290 93 372
person 0.0010 24 53 97 146
person 0.0010 1 51 61 376
pottedplant 0.0016 22 31 96 121
tvmonitor 0.0043 178 172 242 262
