bottle 0.0536 216 253 261 347
bottle 0.0087 222 269 255 329
bottle 0.0066 194 257 247 350
bottle 0.0035 257 342 312 377
bottle 0.0025 223 256 262 308
bottle 0.0016 107 229 385 371
bottle 0.0011 232 248 252 293
car 0.0024 409 316 453 357
car 0.0023 397 316 435 359
car 0.0022 487 280 499 337
car 0.0013 389 300 471 368
car 0.0011 486 312 499 361
car 0.0010 330 228 492 375
chair 0.0022 0 61 133 368
chair 0.0017 47 228 234 372
chair 0.0011 185 335 315 376
chair 0.0011 82 277 257 369
chair 0.0010 244 335 326 375
diningtable 0.0012 142 161 503 380
person 0.8810 12 3 338 367
person 0.7184 109 46 467 390
person 0.1070 40 16 452 250
person 0.0747 0 29 212 296
person 0.0061 23 14 244 196
person 0.0036 301 114 499 376
person 0.0029 4 101 179 379
person 0.0025 67 171 431 373
person 0.0018 75 55 121 95
person 0.0017 487 294 500 354
person 0.0015 398 316 418 357
person 0.0014 65 230 276 375
person 0.0014 422 315 445 356
person 0.0013 213 32 506 290
person 0.0013 436 307 456 348
person 0.0013 60 42 135 107
person 0.0010 488 330 499 375
person 0.0010 464 208 500 339
tvmonitor 0.0025 458 190 502 296
tvmonitor 0.0018 452 216 501 259
