bottle 0.0023 305 135 327 157
chair 0.0434 4 39 104 110
chair 0.0207 2 38 47 119
chair 0.0048 22 55 90 101
chair 0.0037 0 0 53 102
chair 0.0020 0 60 47 336
chair 0.0020 132 1 200 49
chair 0.0020 32 38 150 108
chair 0.0017 0 94 35 239
chair 0.0015 0 57 39 144
chair 0.0010 176 2 243 33
diningtable 0.0011 -1 244 424 395
person 0.8623 273 51 447 287
person 0.8524 11 13 260 379
person 0.3382 197 65 385 281
person 0.1159 343 123 460 341
person 0.0215 215 82 438 370
person 0.0185 70 54 350 336
person 0.0089 141 2 192 42
person 0.0061 126 6 204 81
person 0.0039 366 65 498 340
person 0.0025 105 10 177 85
person 0.0015 29 12 235 218
person 0.0014 215 34 452 194
person 0.0014 258 126 329 261
person 0.0012 18 2 85 29
person 0.0012 112 4 172 39
person 0.0011 157 14 273 81
person 0.0010 1 74 20 122
sheep 0.3495 452 17 490 53
sheep 0.1526 445 23 498 125
sheep 0.1296 332 17 385 46
sheep 0.1010 416 20 493 54
sheep 0.0833 449 5 495 82
sheep 0.0827 254 13 398 67
sheep 0.0806 392 13 503 144
sheep 0.0789 469 10 502 58
sheep 0.0777 401 9 494 71
sheep 0.0764 145 145 436 369
sheep 0.0606 325 14 478 66
sheep 0.0377 254 0 321 31
sheep 0.0345 315 3 494 44
sheep 0.0320 252 5 395 43
sheep 0.0290 281 6 368 35
sheep 0.0272 224 9 430 88
sheep 0.0265 329 7 398 38
sheep 0.0263 357 22 470 54
sheep 0.0234 420 32 488 70
sheep 0.0226 221 23 285 80
sheep 0.0192 483 5 500 33
sheep 0.0172 404 6 501 40
sheep 0.0172 471 27 502 76
sheep 0.0169 259 21 472 138
sheep 0.0136 353 4 454 32
sheep 0.0129 446 43 496 92
sheep 0.0122 282 22 371 55
sheep 0.0077 259 206 458 371
sheep 0.0072 454 4 499 42
sheep 0.0065 369 35 458 69
sheep 0.0061 485 8 499 59
sheep 0.0054 413 48 490 90
sheep 0.0049 250 23 322 59
sheep 0.0049 120 233 459 392
sheep 0.0044 234 33 331 106
sheep 0.0040 196 19 377 130
sheep 0.0038 230 22 279 60
sheep 0.0037 215 27 296 110
sheep 0.0036 481 19 500 49
sheep 0.0034 380 50 452 85
sheep 0.0032 385 0 519 19
sheep 0.0031 271 34 362 70
sheep 0.0030 488 21 500 80
sheep 0.0029 233 2 295 36
sheep 0.0028 311 40 486 191
sheep 0.0027 438 62 500 104
sheep 0.0025 329 33 414 68
sheep 0.0024 347 33 466 108
sheep 0.0021 222 -17 434 51
sheep 0.0021 484 37 500 65
sheep 0.0016 397 62 468 98
sheep 0.0013 259 33 390 106
sheep 0.0013 188 21 255 55
sheep 0.0012 182 5 256 37
sheep 0.0011 484 52 500 81
sheep 0.0011 481 3 501 22
sheep 0.0010 352 20 383 45
sheep 0.0010 203 0 302 47
