boat 0.0027 60 32 115 62
boat 0.0015 -1 1 45 32
boat 0.0011 63 18 112 45
bus 0.0013 57 32 112 65
car 0.3893 362 51 451 82
car 0.1545 58 45 106 63
car 0.1196 175 52 245 73
car 0.1143 402 55 468 83
car 0.1092 34 46 91 62
car 0.1067 132 51 163 66
car 0.0977 343 54 404 81
car 0.0791 37 46 67 61
car 0.0787 161 48 211 70
car 0.0672 456 49 496 79
car 0.0660 13 45 43 59
car 0.0636 2 35 51 56
car 0.0567 0 42 20 55
car 0.0453 109 49 135 63
car 0.0421 97 48 123 63
car 0.0225 480 57 500 79
car 0.0207 486 40 500 79
car 0.0198 431 54 478 81
car 0.0198 149 52 176 68
car 0.0130 82 45 127 64
car 0.0101 314 53 356 78
car 0.0081 137 50 187 69
car 0.0078 482 48 500 69
car 0.0073 23 36 86 59
car 0.0071 471 40 499 80
car 0.0058 203 57 238 73
car 0.0045 454 57 483 76
car 0.0045 458 54 478 69
car 0.0044 32 43 64 56
car 0.0044 126 7 378 69
car 0.0036 178 50 215 67
car 0.0032 444 54 468 69
car 0.0026 443 58 469 77
car 0.0025 162 46 262 76
car 0.0021 -4 37 33 58
car 0.0020 167 57 204 71
car 0.0019 358 58 390 77
car 0.0019 218 50 273 78
car 0.0018 179 57 221 72
car 0.0015 74 43 96 66
car 0.0012 191 6 315 65
motorbike 0.7232 137 88 374 288
motorbike 0.0022 93 97 275 283
person 0.9745 178 24 331 259
person 0.0222 450 6 497 76
person 0.0069 361 2 378 14
person 0.0063 318 0 353 10
person 0.0059 347 1 371 12
person 0.0059 282 0 306 15
person 0.0059 462 2 486 16
person 0.0055 190 9 205 27
person 0.0047 487 18 499 74
person 0.0045 253 0 323 28
person 0.0043 262 1 289 18
person 0.0040 137 39 313 196
person 0.0039 306 0 334 12
person 0.0035 208 1 231 15
person 0.0029 318 14 331 29
person 0.0021 228 3 249 16
person 0.0021 212 8 228 22
person 0.0019 318 19 338 67
person 0.0016 187 13 204 46
person 0.0016 288 2 361 27
person 0.0014 248 2 276 16
person 0.0014 362 6 378 23
person 0.0011 214 2 290 29
person 0.0011 351 8 365 26
person 0.0010 318 18 332 41
person 0.0010 193 3 214 16
person 0.0010 226 6 343 66
train 0.0033 195 4 447 75
