bottle 0.0014 57 352 107 379
chair 0.0032 339 248 393 358
chair 0.0018 355 236 403 372
dog 0.0053 2 220 38 326
dog 0.0035 6 239 76 310
dog 0.0026 8 264 62 295
dog 0.0020 2 251 35 298
dog 0.0011 1 228 97 375
person 0.9813 39 51 365 386
person 0.0229 1 59 94 377
person 0.0194 0 13 43 305
person 0.0156 -5 47 226 389
person 0.0040 1 187 34 307
person 0.0037 1 109 30 269
person 0.0030 42 21 419 253
person 0.0029 0 172 143 374
person 0.0028 258 11 389 75
person 0.0025 0 60 37 199
person 0.0021 0 168 48 377
person 0.0019 359 0 404 83
person 0.0017 6 33 141 288
person 0.0011 68 219 392 376
person 0.0010 0 60 8 274
