diningtable 0.0018 339 205 478 359
diningtable 0.0012 254 173 483 349
person 0.7361 113 55 229 209
person 0.5514 10 61 118 230
person 0.4764 251 22 354 220
person 0.1969 357 28 466 221
person 0.1211 350 58 461 358
person 0.0712 93 46 252 363
person 0.0610 230 61 362 355
person 0.0180 1 212 28 365
person 0.0115 21 56 152 356
person 0.0106 0 205 10 360
person 0.0059 0 266 16 356
person 0.0054 113 53 380 363
person 0.0052 6 106 105 361
person 0.0043 0 105 50 366
person 0.0036 172 75 231 177
person 0.0021 0 118 36 237
person 0.0019 15 129 103 220
person 0.0016 0 109 11 264
person 0.0015 114 80 175 209
person 0.0013 467 119 501 241
person 0.0012 488 164 499 313
person 0.0010 52 92 121 200
person 0.0010 374 0 420 35
person 0.0010 0 43 63 215
