bottle 0.0031 486 211 499 282
bottle 0.0015 117 90 133 140
bottle 0.0012 0 186 33 315
chair 0.0170 391 87 498 312
chair 0.0038 289 187 442 310
chair 0.0011 132 188 300 309
diningtable 0.0039 126 92 303 312
diningtable 0.0039 290 159 444 300
diningtable 0.0038 323 95 492 313
diningtable 0.0025 247 102 418 308
diningtable 0.0016 160 187 414 310
person 0.8671 5 32 113 328
person 0.7140 390 12 496 302
person 0.4090 129 45 295 318
person 0.3695 66 27 185 291
person 0.2376 274 1 376 257
person 0.1111 73 37 174 190
person 0.0474 1 41 58 323
person 0.0415 439 35 497 321
person 0.0188 184 10 392 301
person 0.0182 237 19 352 195
person 0.0119 78 16 270 249
person 0.0068 294 41 434 320
person 0.0060 0 65 10 283
person 0.0055 85 184 179 309
person 0.0054 6 39 93 194
person 0.0052 485 32 499 99
person 0.0034 489 27 499 151
person 0.0033 0 134 95 308
person 0.0027 9 47 89 117
person 0.0026 358 21 471 199
person 0.0024 55 290 131 313
person 0.0019 71 43 139 120
person 0.0016 148 6 352 214
person 0.0016 458 54 497 208
person 0.0016 416 -2 468 24
person 0.0016 491 18 500 256
person 0.0015 -4 109 32 250
person 0.0015 40 280 150 313
person 0.0013 457 -1 499 77
person 0.0012 415 16 481 104
person 0.0012 62 28 131 92
person 0.0011 485 7 499 77
person 0.0011 287 19 423 197
person 0.0010 461 25 500 140
