car 0.0195 357 28 384 42
car 0.0091 365 45 385 60
car 0.0086 128 74 189 106
car 0.0079 316 30 349 44
car 0.0020 423 32 446 41
car 0.0016 402 32 421 41
car 0.0014 380 33 407 42
car 0.0014 437 33 461 44
car 0.0012 344 32 373 43
car 0.0012 341 55 382 83
car 0.0010 309 30 334 43
horse 0.1417 15 82 75 177
horse 0.1253 95 123 407 362
horse 0.0366 64 79 139 171
horse 0.0066 83 121 286 324
horse 0.0017 453 35 498 113
horse 0.0015 417 39 475 111
person 0.9885 184 65 260 234
person 0.6100 79 59 129 131
person 0.1159 13 97 57 175
person 0.1045 86 57 123 104
person 0.0964 33 66 88 135
person 0.0235 232 73 276 184
person 0.0226 34 69 70 116
person 0.0217 489 65 500 119
person 0.0197 350 50 392 85
person 0.0144 362 51 384 74
person 0.0141 345 55 407 111
person 0.0132 45 71 83 118
person 0.0119 385 67 407 120
person 0.0109 7 87 21 122
person 0.0058 398 83 415 125
person 0.0054 448 69 468 120
person 0.0045 259 90 282 136
person 0.0045 1 97 14 176
person 0.0044 242 78 282 129
person 0.0043 368 63 414 124
person 0.0033 252 92 276 141
person 0.0031 0 111 10 188
person 0.0028 70 81 103 132
person 0.0026 346 63 367 119
person 0.0023 341 57 378 103
person 0.0020 359 53 382 103
person 0.0019 344 58 374 78
person 0.0014 341 115 387 208
person 0.0013 18 106 39 167
person 0.0011 40 66 62 101
person 0.0010 58 73 82 135
person 0.0010 193 124 248 239
