bottle 0.0013 172 268 194 326
chair 0.0014 360 170 506 368
person 0.8933 3 113 196 374
person 0.8002 148 126 415 368
person 0.1230 334 53 493 371
person 0.0876 87 43 482 348
person 0.0591 466 83 500 239
person 0.0475 382 72 494 256
person 0.0279 103 105 328 340
person 0.0110 484 101 499 255
person 0.0109 244 52 478 271
person 0.0091 453 69 498 302
person 0.0089 470 127 500 300
person 0.0076 454 77 498 184
person 0.0061 108 94 150 127
person 0.0045 1 227 35 376
person 0.0028 35 104 226 283
person 0.0022 411 81 490 170
person 0.0016 444 73 499 141
person 0.0015 167 273 197 322
person 0.0015 147 256 200 344
person 0.0013 67 112 135 204
person 0.0013 217 171 515 367
person 0.0011 15 63 316 259
person 0.0011 486 86 499 188
person 0.0010 0 127 50 366
