bicycle 0.0032 7 1 35 58
bicycle 0.0014 -1 0 20 63
person 0.9754 133 150 279 487
person 0.9270 0 136 123 457
person 0.2062 169 117 210 203
person 0.0636 195 120 251 207
person 0.0596 361 170 374 218
person 0.0550 214 125 264 214
person 0.0120 204 119 237 174
person 0.0103 150 135 274 301
person 0.0095 347 174 361 215
person 0.0060 351 164 376 210
person 0.0048 252 136 295 222
person 0.0042 304 185 324 220
person 0.0040 0 175 49 475
person 0.0038 222 121 256 173
person 0.0034 0 -2 10 65
person 0.0018 268 177 295 225
person 0.0014 173 159 260 254
person 0.0011 0 1 31 50
person 0.0010 14 1 33 23
