car 0.0143 1 290 37 331
car 0.0015 365 273 513 377
car 0.0012 394 262 491 339
chair 0.0033 223 173 355 322
chair 0.0033 338 200 475 342
chair 0.0020 306 173 426 321
chair 0.0016 320 276 491 375
chair 0.0012 332 223 393 312
chair 0.0011 243 191 407 347
person 0.9682 83 36 185 282
person 0.5349 257 3 385 318
person 0.0452 243 10 352 198
person 0.0110 276 99 450 335
person 0.0109 226 93 359 339
person 0.0069 334 199 393 304
person 0.0045 246 4 478 260
person 0.0034 0 86 8 216
person 0.0033 329 -1 389 34
person 0.0029 310 -4 406 44
person 0.0019 220 -4 428 102
person 0.0015 454 23 492 69
person 0.0014 4 33 115 289
person 0.0014 448 7 494 89
person 0.0014 487 -1 499 75
tvmonitor 0.0282 296 -7 502 157
