bottle 0.0040 61 239 111 365
bottle 0.0014 410 262 456 301
bottle 0.0014 407 274 454 313
bottle 0.0011 50 240 91 366
car 0.0090 270 208 320 237
dog 0.0477 59 162 219 376
person 0.9402 56 121 292 376
person 0.2477 375 130 496 368
person 0.0351 399 114 495 273
person 0.0346 153 126 323 369
person 0.0297 369 187 426 257
person 0.0150 374 198 415 247
person 0.0129 351 215 463 373
person 0.0105 62 214 106 333
person 0.0093 347 233 398 373
person 0.0051 437 124 498 372
person 0.0036 487 186 499 262
person 0.0034 322 185 433 370
person 0.0028 398 254 466 357
person 0.0024 50 151 163 348
person 0.0024 353 200 404 282
person 0.0019 461 182 498 362
person 0.0015 372 212 417 264
person 0.0014 367 248 446 360
person 0.0014 358 216 396 264
person 0.0012 381 207 404 260
person 0.0012 391 199 425 250
person 0.0012 489 131 499 257
person 0.0010 400 210 420 261
person 0.0010 89 93 328 293
