car 0.0227 179 225 470 384
car 0.0205 118 270 380 376
car 0.0061 59 21 522 297
car 0.0021 202 43 452 228
car 0.0014 390 241 498 366
car 0.0011 377 192 430 228
chair 0.0024 396 293 494 374
chair 0.0015 401 343 475 374
chair 0.0013 441 289 502 374
person 0.9302 191 172 292 321
person 0.7722 -4 166 183 380
person 0.0896 399 84 499 296
person 0.0326 46 175 288 371
person 0.0147 13 6 181 313
person 0.0141 -8 173 80 381
person 0.0126 259 240 475 375
person 0.0093 102 228 172 324
person 0.0083 197 187 362 363
person 0.0080 187 171 261 274
person 0.0080 5 -7 337 328
person 0.0080 417 161 484 267
person 0.0064 446 156 497 277
person 0.0038 441 42 498 283
person 0.0029 27 108 226 333
person 0.0025 255 229 325 315
person 0.0019 135 225 204 321
person 0.0015 313 288 422 372
person 0.0014 314 101 495 329
person 0.0013 489 110 499 221
person 0.0013 462 87 499 233
person 0.0012 134 131 427 317
person 0.0010 321 260 406 349
