bottle 0.3253 398 207 439 343
bottle 0.0947 346 105 398 169
bottle 0.0189 382 198 450 365
bottle 0.0178 364 108 386 161
bottle 0.0101 356 108 392 145
bottle 0.0094 344 112 378 160
bottle 0.0073 176 339 227 374
bottle 0.0045 386 282 441 372
bottle 0.0039 360 112 449 202
bottle 0.0034 357 100 440 168
bottle 0.0034 489 238 500 353
bottle 0.0027 401 224 435 282
bottle 0.0027 456 244 494 363
bottle 0.0017 338 128 399 240
bottle 0.0017 163 348 250 374
bottle 0.0016 366 109 388 132
bottle 0.0012 348 102 369 147
bottle 0.0011 369 110 421 154
bottle 0.0011 406 227 462 369
bottle 0.0010 156 336 214 373
bottle 0.0010 135 355 230 375
bottle 0.0010 188 336 213 375
bottle 0.0010 175 356 310 375
bottle 0.0010 181 360 224 375
chair 0.0490 36 224 316 372
chair 0.0048 10 155 180 381
chair 0.0040 45 278 230 369
chair 0.0037 128 293 208 377
chair 0.0022 99 288 182 374
chair 0.0010 130 261 214 350
diningtable 0.0139 68 224 349 370
diningtable 0.0030 196 282 529 372
diningtable 0.0022 331 276 489 373
diningtable 0.0016 343 330 479 375
diningtable 0.0014 176 324 551 381
diningtable 0.0013 262 224 468 373
person 0.7866 5 51 338 330
person 0.7504 365 102 500 272
person 0.4531 213 98 425 332
person 0.0973 205 35 351 284
person 0.0764 437 86 498 341
person 0.0278 26 166 325 373
person 0.0197 354 126 475 362
person 0.0076 453 104 498 264
person 0.0065 7 27 196 304
person 0.0061 492 124 500 350
person 0.0048 169 163 408 374
person 0.0040 460 152 497 335
person 0.0030 274 71 468 256
person 0.0025 1 51 127 381
person 0.0021 242 52 313 143
person 0.0019 489 99 500 259
person 0.0016 451 86 500 178
person 0.0014 0 102 41 209
person 0.0012 369 130 451 237
person 0.0010 -2 55 51 376
