boat 0.0482 77 113 264 241
boat 0.0068 67 78 397 233
boat 0.0066 46 92 164 217
boat 0.0056 89 83 197 196
boat 0.0024 19 1 192 150
boat 0.0018 29 23 253 209
boat 0.0016 49 178 277 245
boat 0.0014 137 148 208 202
boat 0.0010 155 155 236 205
car 0.0022 0 112 27 205
car 0.0017 268 183 307 201
person 0.5773 140 99 176 181
person 0.3318 128 117 162 185
person 0.2361 89 103 118 173
person 0.0988 78 120 125 186
person 0.0548 102 110 119 151
person 0.0273 135 114 160 160
person 0.0249 16 103 74 203
person 0.0238 100 106 123 138
person 0.0235 141 125 159 177
person 0.0162 25 104 54 132
person 0.0138 101 82 222 195
person 0.0135 146 129 164 175
person 0.0117 64 124 78 156
person 0.0116 148 92 173 129
person 0.0073 12 87 143 225
person 0.0072 145 111 174 159
person 0.0068 60 121 73 138
person 0.0042 121 142 139 180
person 0.0038 145 133 181 176
person 0.0038 153 91 169 110
person 0.0034 90 98 124 146
person 0.0032 35 103 50 122
person 0.0029 89 109 119 136
person 0.0027 31 107 50 127
person 0.0027 123 92 166 147
person 0.0027 0 103 11 179
person 0.0026 128 101 159 137
person 0.0026 66 129 80 172
person 0.0023 18 99 65 139
person 0.0022 59 107 103 168
person 0.0021 68 117 96 153
person 0.0019 102 118 119 185
person 0.0016 114 105 144 134
person 0.0016 133 94 165 128
person 0.0015 165 90 181 130
person 0.0015 41 106 55 133
person 0.0015 23 111 56 144
person 0.0015 85 126 116 158
person 0.0015 152 100 170 138
person 0.0012 92 111 109 149
person 0.0012 74 115 91 146
person 0.0011 90 112 108 132
person 0.0011 153 95 169 119
person 0.0011 103 116 119 138
person 0.0010 161 135 189 171
