bicycle 0.3749 377 30 453 107
bicycle 0.0664 387 8 478 115
bicycle 0.0411 13 11 106 110
bicycle 0.0136 26 -10 148 112
bicycle 0.0095 270 3 470 117
bicycle 0.0045 43 4 215 116
bicycle 0.0021 445 0 505 100
bicycle 0.0018 337 0 468 85
bicycle 0.0017 385 50 437 103
car 0.0034 463 21 500 60
dog 0.0061 18 42 93 110
dog 0.0048 33 56 79 99
dog 0.0044 210 49 275 92
dog 0.0039 73 78 107 95
dog 0.0032 67 73 111 99
dog 0.0017 31 40 146 113
horse 0.0036 387 40 471 110
person 0.4566 190 31 292 108
person 0.1430 175 10 258 112
person 0.0723 30 1 68 40
person 0.0603 5 2 40 40
person 0.0429 210 56 276 99
person 0.0225 61 1 114 41
person 0.0181 11 -7 110 110
person 0.0148 100 -11 253 114
person 0.0137 111 0 164 29
person 0.0136 178 1 224 31
person 0.0123 188 4 222 60
person 0.0102 175 -10 313 114
person 0.0068 67 0 122 11
person 0.0067 156 0 209 30
person 0.0054 281 -9 461 110
person 0.0050 229 0 280 30
person 0.0044 70 0 101 4
person 0.0043 343 0 391 11
person 0.0039 0 0 14 41
person 0.0033 52 0 82 4
person 0.0032 34 0 83 12
person 0.0031 16 0 95 43
person 0.0030 463 12 501 55
person 0.0029 485 8 499 41
person 0.0027 332 4 397 43
person 0.0027 174 8 192 31
person 0.0025 87 0 120 5
person 0.0022 380 0 426 11
person 0.0020 304 0 330 5
person 0.0020 43 1 143 32
person 0.0018 418 0 437 13
person 0.0017 266 20 283 39
person 0.0017 -7 -6 65 108
person 0.0016 487 2 500 20
person 0.0016 56 0 116 7
person 0.0015 108 0 140 4
person 0.0015 224 0 275 11
person 0.0015 109 0 160 11
person 0.0014 36 0 56 12
person 0.0014 359 2 377 18
person 0.0013 55 0 77 12
person 0.0013 35 0 63 5
person 0.0013 0 0 17 22
person 0.0013 37 5 71 23
person 0.0012 40 0 94 7
person 0.0012 319 0 343 5
person 0.0011 344 0 367 5
person 0.0011 408 0 426 14
person 0.0010 285 0 314 4
person 0.0010 3 4 35 24
person 0.0010 252 0 319 31
person 0.0010 193 4 213 35
