car 0.9963 -15 90 443 290
car 0.0169 332 96 467 226
car 0.0121 -3 0 126 258
car 0.0095 175 93 455 243
car 0.0093 46 75 460 200
car 0.0075 7 108 200 280
car 0.0055 276 83 443 194
car 0.0045 365 113 440 207
car 0.0037 65 135 508 336
car 0.0026 363 92 435 172
car 0.0021 155 95 256 145
car 0.0018 179 97 325 148
car 0.0014 312 96 412 161
car 0.0014 412 122 460 210
car 0.0014 -13 -12 281 282
car 0.0013 384 40 496 220
car 0.0012 157 100 204 133
car 0.0010 168 101 240 135
person 0.0083 487 149 499 212
person 0.0067 417 143 460 225
person 0.0029 467 49 501 208
person 0.0025 456 144 498 223
person 0.0025 487 77 500 198
person 0.0017 448 20 500 234
person 0.0016 425 144 446 216
person 0.0013 155 100 202 137
person 0.0011 470 5 500 143
person 0.0011 15 1 103 23
