car 0.3560 118 112 230 215
car 0.0914 464 121 499 211
car 0.0288 109 87 298 248
car 0.0083 0 122 44 155
car 0.0060 56 99 233 233
car 0.0037 -2 103 51 176
car 0.0026 469 132 500 185
car 0.0014 -2 114 42 218
chair 0.0045 -2 189 112 336
chair 0.0019 0 192 48 340
motorbike 0.0167 106 191 322 337
motorbike 0.0099 24 192 166 337
motorbike 0.0011 126 242 453 331
person 0.9390 3 77 139 316
person 0.7949 159 9 414 325
person 0.1287 407 123 429 168
person 0.0872 379 125 400 167
person 0.0784 205 19 383 226
person 0.0678 191 152 378 335
person 0.0522 416 122 448 169
person 0.0413 453 108 498 328
person 0.0395 106 110 326 323
person 0.0208 15 101 235 332
person 0.0181 390 118 422 168
person 0.0164 437 128 463 171
person 0.0162 342 218 405 327
person 0.0152 482 118 500 199
person 0.0103 -1 106 64 331
person 0.0096 457 124 477 169
person 0.0088 460 98 499 195
person 0.0085 24 61 145 184
person 0.0066 109 55 300 239
person 0.0065 364 125 383 168
person 0.0060 109 100 241 279
person 0.0047 355 119 392 164
person 0.0039 482 102 499 170
person 0.0032 278 99 437 337
person 0.0031 453 56 501 176
person 0.0027 238 198 329 279
person 0.0026 54 69 125 158
person 0.0019 408 92 425 130
person 0.0016 0 99 8 272
person 0.0016 14 97 100 182
person 0.0016 214 9 361 130
person 0.0014 464 121 496 170
person 0.0013 211 129 292 207
person 0.0013 -5 136 41 247
person 0.0011 361 255 418 326
person 0.0010 251 30 470 251
person 0.0010 0 108 9 184
sofa 0.1276 129 109 369 323
