bottle 0.2758 8 400 63 506
bottle 0.0410 -1 392 35 502
bottle 0.0093 -1 415 28 484
bottle 0.0092 16 416 57 485
bottle 0.0079 -6 371 90 512
bottle 0.0068 168 251 264 326
bottle 0.0063 1 451 37 496
bottle 0.0057 -4 328 30 481
bottle 0.0047 192 263 242 307
bottle 0.0012 -3 375 25 433
bottle 0.0012 192 229 243 272
bottle 0.0011 216 263 272 306
bottle 0.0011 164 266 214 309
car 0.0025 0 148 14 171
car 0.0018 49 123 91 165
diningtable 0.0011 -24 384 348 494
diningtable 0.0010 -5 309 378 486
horse 0.0060 303 276 374 383
motorbike 0.0017 -22 369 165 507
person 0.9383 75 68 288 428
person 0.0602 351 337 375 475
person 0.0195 345 42 374 91
person 0.0192 -5 155 326 472
person 0.0130 344 302 374 438
person 0.0058 360 337 374 452
person 0.0056 55 253 375 463
person 0.0048 -2 63 91 437
person 0.0048 332 264 374 395
person 0.0026 348 336 374 401
person 0.0025 -1 52 43 447
person 0.0021 136 116 401 457
person 0.0019 0 32 25 177
person 0.0015 53 68 372 301
person 0.0012 143 246 233 329
person 0.0010 290 264 375 464
person 0.0010 365 246 375 424
pottedplant 0.0026 282 74 375 351
