car 0.4676 40 158 328 342
car 0.0185 -2 110 323 454
car 0.0079 51 306 256 479
motorbike 0.0303 -17 151 332 493
person 0.8927 224 158 323 321
person 0.3448 1 226 30 326
person 0.1980 313 176 367 316
person 0.0388 0 226 17 297
person 0.0283 261 236 340 315
person 0.0117 284 230 328 275
person 0.0082 341 224 376 327
person 0.0054 43 251 60 314
person 0.0048 282 223 313 268
person 0.0043 207 203 346 345
person 0.0039 55 264 69 320
person 0.0039 361 232 375 324
person 0.0034 0 220 23 274
person 0.0033 364 179 375 302
person 0.0033 217 161 290 280
person 0.0028 43 261 61 291
person 0.0025 82 245 96 314
person 0.0023 41 277 58 315
person 0.0019 315 246 353 311
person 0.0018 278 247 327 309
person 0.0014 0 267 15 324
person 0.0013 299 227 320 261
person 0.0013 50 249 72 316
person 0.0013 84 265 99 320
person 0.0012 43 236 86 323
person 0.0010 309 231 339 285
person 0.0010 74 245 88 315
pottedplant 0.1148 2 241 28 320
pottedplant 0.0245 22 238 72 320
pottedplant 0.0016 8 269 27 321
