chair 0.0242 81 359 297 504
chair 0.0067 249 311 331 491
chair 0.0027 256 394 331 488
chair 0.0011 16 277 72 356
chair 0.0011 8 371 118 501
chair 0.0010 175 3 311 185
chair 0.0010 302 331 332 476
chair 0.0010 151 382 228 495
diningtable 0.0691 62 356 271 506
diningtable 0.0039 3 370 178 500
diningtable 0.0020 -24 250 305 490
person 0.9694 83 181 147 370
person 0.0407 212 256 261 342
person 0.0109 120 199 166 352
person 0.0087 252 260 330 472
person 0.0048 213 222 326 437
person 0.0040 304 256 332 400
person 0.0039 238 268 303 374
person 0.0029 261 270 327 384
person 0.0028 324 249 333 344
person 0.0027 0 239 82 487
person 0.0024 64 172 324 482
person 0.0024 134 72 300 355
person 0.0021 197 268 253 360
person 0.0020 219 263 251 327
person 0.0018 207 261 240 325
person 0.0016 92 143 242 367
person 0.0014 168 235 224 332
person 0.0012 149 177 292 401
person 0.0012 139 194 184 319
person 0.0012 252 264 288 318
person 0.0010 76 206 119 370
train 0.0027 6 79 273 362
tvmonitor 0.0024 23 279 65 325
tvmonitor 0.0018 15 266 73 335
