bottle 0.0219 212 268 279 340
bottle 0.0028 219 283 273 327
bottle 0.0012 0 332 15 375
bottle 0.0010 6 363 44 375
bottle 0.0010 0 358 25 375
car 0.0023 301 285 352 328
chair 0.9070 61 229 182 369
chair 0.1090 64 273 264 372
chair 0.0152 107 192 231 362
chair 0.0046 373 181 502 364
chair 0.0044 134 254 211 357
chair 0.0038 296 271 356 340
chair 0.0037 -2 340 45 373
chair 0.0033 -2 293 51 375
chair 0.0029 118 135 163 171
chair 0.0026 111 234 308 366
chair 0.0016 0 303 13 375
chair 0.0015 116 284 217 375
person 0.9324 33 186 180 373
person 0.1210 288 168 317 258
person 0.0087 376 132 499 364
person 0.0082 166 176 209 266
person 0.0050 449 120 499 373
person 0.0045 174 181 220 304
person 0.0045 147 193 273 355
person 0.0023 470 158 500 334
person 0.0021 486 163 499 247
person 0.0016 123 168 227 337
person 0.0014 7 183 118 369
person 0.0011 293 138 335 173
person 0.0011 477 132 502 244
person 0.0010 300 185 319 261
person 0.0010 322 7 487 314
pottedplant 0.0593 4 126 58 193
pottedplant 0.0122 13 120 51 156
pottedplant 0.0105 11 132 53 174
pottedplant 0.0093 3 91 52 181
pottedplant 0.0075 24 138 64 182
pottedplant 0.0060 23 126 45 151
pottedplant 0.0023 22 136 44 159
pottedplant 0.0018 0 102 11 170
pottedplant 0.0011 -2 143 34 189
pottedplant 0.0011 0 135 13 197
pottedplant 0.0011 22 102 41 148
pottedplant 0.0010 21 113 43 136
tvmonitor 0.3953 2 187 43 297
tvmonitor 0.0105 1 212 40 271
tvmonitor 0.0034 451 330 500 374
tvmonitor 0.0024 5 133 55 239
tvmonitor 0.0020 0 196 31 252
tvmonitor 0.0013 22 171 74 264
