person 0.9953 186 49 345 233
person 0.8025 375 90 461 226
person 0.6676 155 89 219 238
person 0.6493 49 72 112 252
person 0.1722 311 126 359 250
person 0.0791 163 68 253 232
person 0.0317 172 320 245 335
person 0.0065 193 323 236 333
person 0.0060 56 73 108 164
person 0.0056 209 119 355 254
person 0.0040 164 83 213 160
person 0.0034 142 36 284 208
person 0.0031 452 127 495 210
person 0.0022 138 317 220 333
person 0.0017 202 318 292 335
person 0.0015 -1 36 55 249
person 0.0014 67 84 201 249
person 0.0012 328 125 381 208
person 0.0010 2 161 40 228
