aeroplane 0.0177 25 56 395 229
aeroplane 0.0016 116 101 451 247
motorbike 0.5341 226 170 331 303
motorbike 0.0088 181 188 224 228
motorbike 0.0031 232 185 291 298
motorbike 0.0014 284 215 322 256
person 0.9690 235 145 312 295
person 0.4478 184 168 224 214
person 0.0969 233 158 294 238
person 0.0130 228 181 244 199
person 0.0097 171 172 205 213
person 0.0085 187 160 226 190
person 0.0072 239 169 283 214
person 0.0060 188 149 333 252
person 0.0034 189 168 213 196
person 0.0029 165 163 213 223
person 0.0027 226 178 244 217
person 0.0019 255 151 292 191
person 0.0015 254 163 296 205
person 0.0014 197 178 232 221
person 0.0014 237 187 279 236
person 0.0012 176 152 236 202
person 0.0010 235 152 282 185
