cow 0.0017 65 56 81 70
cow 0.0012 70 56 88 71
dog 0.0103 305 342 331 479
dog 0.0020 308 375 330 443
dog 0.0012 271 360 323 453
dog 0.0011 278 385 313 428
horse 0.1099 51 182 108 297
horse 0.0224 115 215 215 419
horse 0.0063 305 373 331 495
horse 0.0060 52 223 112 331
person 0.9991 105 147 214 306
person 0.9916 50 184 98 272
person 0.0884 131 173 198 318
person 0.0127 30 167 113 273
person 0.0097 54 181 93 230
person 0.0057 114 172 175 311
person 0.0025 49 205 71 273
person 0.0012 305 277 331 458
person 0.0011 296 235 334 486
