bottle 0.0012 323 223 341 281
bottle 0.0012 241 362 280 375
bottle 0.0011 259 363 289 375
bottle 0.0010 323 240 341 265
car 0.0118 0 146 21 158
car 0.0061 22 156 47 171
car 0.0052 480 141 500 159
car 0.0035 106 146 145 157
car 0.0031 14 147 35 159
car 0.0019 30 159 53 172
dog 0.0405 211 350 288 376
dog 0.0180 129 331 285 374
dog 0.0150 185 339 315 375
dog 0.0052 242 352 331 375
dog 0.0031 180 351 267 375
dog 0.0018 134 337 223 373
dog 0.0010 225 357 260 375
person 0.8396 179 124 274 370
person 0.7693 322 97 404 377
person 0.6714 251 101 339 374
person 0.0041 138 152 154 166
person 0.0037 135 147 156 165
person 0.0025 465 140 478 159
person 0.0017 484 131 500 171
person 0.0012 481 151 499 176
