bottle 0.0060 74 214 146 228
bottle 0.0049 134 206 176 228
bottle 0.0046 136 156 185 211
bottle 0.0037 36 221 147 229
bottle 0.0035 40 208 180 228
bottle 0.0028 61 137 261 228
bottle 0.0027 45 216 127 228
bottle 0.0023 103 203 212 228
bottle 0.0021 129 184 185 225
bottle 0.0021 107 216 175 228
bottle 0.0012 91 223 123 229
diningtable 0.0010 10 209 162 227
person 0.6008 151 67 321 229
person 0.0902 -8 21 278 244
person 0.0480 170 19 300 174
person 0.0066 71 3 302 191
person 0.0064 205 28 301 134
person 0.0059 238 28 320 237
person 0.0040 36 101 284 229
person 0.0027 0 13 28 217
person 0.0024 0 36 18 124
person 0.0024 135 164 328 230
person 0.0019 12 39 163 225
person 0.0019 0 55 8 130
person 0.0018 285 22 321 205
person 0.0016 137 14 284 111
person 0.0015 300 111 320 190
person 0.0015 0 61 19 164
person 0.0013 -1 6 73 188
tvmonitor 0.0212 85 46 137 107
tvmonitor 0.0156 46 24 172 165
tvmonitor 0.0114 66 33 150 126
tvmonitor 0.0073 64 64 116 126
tvmonitor 0.0012 9 50 112 216
