bottle 0.0023 118 234 133 271
chair 0.0251 5 242 185 376
chair 0.0110 155 230 423 372
chair 0.0017 381 226 415 272
chair 0.0010 26 235 315 374
person 0.3114 162 96 360 283
person 0.0331 144 116 423 370
person 0.0102 0 324 12 378
person 0.0081 1 108 36 271
person 0.0041 156 71 339 211
person 0.0036 36 186 222 369
person 0.0035 -1 86 45 173
person 0.0032 28 114 163 324
person 0.0019 0 116 10 276
person 0.0019 7 81 114 302
person 0.0017 0 90 47 340
person 0.0017 -1 295 30 381
person 0.0013 4 241 119 374
sofa 0.0089 146 178 426 372
tvmonitor 0.0026 63 176 137 259
