bottle 0.0034 0 177 14 228
car 0.0016 0 15 22 48
chair 0.0192 156 118 302 303
chair 0.0024 107 220 352 301
chair 0.0014 350 181 400 300
diningtable 0.0138 -2 230 106 297
diningtable 0.0012 129 271 329 299
diningtable 0.0010 27 218 186 298
person 0.9235 164 43 299 297
person 0.0107 0 167 31 235
person 0.0086 2 176 82 228
person 0.0051 0 6 35 243
person 0.0039 361 61 400 286
person 0.0039 42 37 300 310
person 0.0031 -2 129 23 220
person 0.0026 0 20 22 140
person 0.0026 0 157 11 227
person 0.0025 0 7 88 245
person 0.0022 39 185 178 300
person 0.0016 0 123 9 211
person 0.0014 0 54 24 198
person 0.0013 0 47 10 127
person 0.0013 293 4 344 27
person 0.0010 1 140 85 259
pottedplant 0.0013 0 181 20 224
tvmonitor 0.0051 362 169 400 266
tvmonitor 0.0031 222 28 356 132
tvmonitor 0.0020 287 158 346 231
