horse 0.0916 199 242 284 322
horse 0.0505 14 236 100 418
horse 0.0131 38 227 189 353
horse 0.0016 63 233 166 319
horse 0.0012 215 248 269 305
horse 0.0011 115 234 174 327
person 0.9483 102 187 140 272
person 0.8114 230 231 255 284
person 0.0612 141 243 174 336
person 0.0537 244 242 274 280
person 0.0191 146 231 173 287
person 0.0059 232 243 264 308
person 0.0059 109 202 154 284
person 0.0021 11 218 70 299
person 0.0021 142 289 177 338
person 0.0019 243 227 277 268
person 0.0019 33 248 90 395
person 0.0015 213 237 241 283
person 0.0014 98 206 126 276
person 0.0012 73 163 159 285
person 0.0012 242 250 273 306
person 0.0011 106 189 138 229
person 0.0011 -2 100 77 332
person 0.0011 0 285 6 422
