bottle 0.0120 264 61 287 109
bottle 0.0107 1 366 20 426
bottle 0.0090 0 300 25 429
bottle 0.0059 0 332 23 400
bottle 0.0023 263 73 286 133
bottle 0.0019 251 50 295 138
bottle 0.0018 0 326 12 423
bottle 0.0013 245 100 277 144
bottle 0.0010 252 64 280 109
person 0.9432 138 110 300 487
person 0.8343 -1 94 143 487
person 0.6584 246 -1 332 355
person 0.2946 6 3 104 132
person 0.0318 209 78 329 419
person 0.0208 -5 28 126 235
person 0.0167 288 25 333 382
person 0.0143 263 15 326 107
person 0.0142 258 6 330 211
person 0.0133 13 295 155 492
person 0.0108 103 116 183 206
person 0.0089 0 91 86 418
person 0.0071 308 201 333 363
person 0.0063 0 74 32 192
person 0.0056 44 88 236 500
person 0.0053 0 2 7 169
person 0.0045 0 137 35 436
person 0.0045 0 -4 27 115
person 0.0044 0 6 10 82
person 0.0037 83 92 201 247
person 0.0028 227 170 245 201
person 0.0028 -10 46 183 313
person 0.0021 2 119 34 162
person 0.0017 101 98 287 344
person 0.0016 305 3 333 45
person 0.0016 0 249 27 410
person 0.0016 0 94 9 186
person 0.0012 0 122 7 243
person 0.0011 -1 -3 43 183
person 0.0011 297 120 335 446
person 0.0010 223 166 255 205
tvmonitor 0.0126 0 163 28 336
tvmonitor 0.0019 0 216 25 281
