bottle 0.0044 195 374 297 401
bottle 0.0030 137 360 295 403
bottle 0.0016 179 364 263 401
chair 0.0167 393 353 493 403
chair 0.0010 355 367 455 402
person 0.9740 47 22 445 381
person 0.0674 212 236 447 407
person 0.0412 25 168 395 406
person 0.0368 379 179 497 400
person 0.0258 84 9 408 220
person 0.0194 -5 27 281 439
person 0.0157 222 -7 498 346
person 0.0099 0 40 111 430
person 0.0048 0 -3 54 340
person 0.0033 106 298 474 401
person 0.0029 -2 19 28 145
person 0.0024 328 257 409 329
person 0.0023 436 52 500 414
person 0.0018 302 15 497 210
person 0.0014 1 -8 192 350
person 0.0012 0 47 18 150
person 0.0011 449 147 497 259
person 0.0010 341 268 401 312
