bottle 0.0104 375 256 447 341
bottle 0.0101 188 249 206 289
bottle 0.0028 193 256 209 295
bottle 0.0022 484 245 498 349
bottle 0.0016 382 280 402 335
bottle 0.0014 331 260 389 343
bottle 0.0013 400 257 480 348
bottle 0.0011 383 274 431 320
bottle 0.0010 357 266 376 323
chair 0.0990 94 339 255 373
chair 0.0838 119 348 225 374
chair 0.0348 89 348 186 373
chair 0.0113 -1 299 40 375
chair 0.0092 77 273 294 368
chair 0.0076 150 349 266 374
chair 0.0045 155 161 201 202
chair 0.0033 0 326 32 374
chair 0.0031 444 334 498 372
chair 0.0019 412 338 485 374
chair 0.0017 159 136 198 186
chair 0.0016 -4 247 44 365
chair 0.0015 147 149 209 212
chair 0.0013 60 328 299 376
chair 0.0013 41 331 154 375
chair 0.0012 63 343 135 373
chair 0.0011 369 349 452 375
person 0.9428 100 218 310 369
person 0.5094 224 93 264 185
person 0.4672 376 181 495 320
person 0.4007 214 115 258 200
person 0.2024 251 172 340 331
person 0.1772 261 169 332 263
person 0.1469 256 91 289 183
person 0.1154 73 169 125 259
person 0.0671 205 93 246 181
person 0.0615 445 291 496 377
person 0.0589 43 123 95 258
person 0.0385 94 180 146 263
person 0.0220 267 166 322 208
person 0.0204 253 111 301 202
person 0.0155 218 95 248 154
person 0.0147 61 152 115 242
person 0.0101 101 179 144 218
person 0.0095 284 159 350 217
person 0.0084 29 102 75 171
person 0.0084 219 155 261 202
person 0.0068 380 225 492 373
person 0.0067 458 244 496 370
person 0.0058 151 122 202 193
person 0.0054 173 162 340 339
person 0.0041 238 84 272 126
person 0.0039 260 130 296 183
person 0.0036 0 187 13 263
person 0.0036 159 83 279 233
person 0.0032 80 183 120 240
person 0.0032 466 196 499 351
person 0.0030 219 123 251 178
person 0.0030 250 92 280 155
person 0.0030 33 106 90 212
person 0.0029 102 277 382 371
person 0.0028 369 202 385 240
person 0.0027 202 131 241 187
person 0.0024 302 157 344 201
person 0.0023 70 196 136 281
person 0.0022 52 203 235 363
person 0.0022 399 326 497 375
person 0.0021 93 167 159 223
person 0.0021 212 113 367 273
person 0.0018 68 171 113 220
person 0.0017 442 177 497 368
person 0.0017 399 178 485 260
person 0.0017 487 204 499 327
person 0.0016 483 206 498 266
person 0.0015 31 102 65 143
person 0.0014 252 161 300 201
person 0.0013 173 225 401 373
person 0.0013 181 143 255 216
person 0.0012 281 166 357 258
person 0.0012 234 73 279 146
person 0.0011 222 95 244 122
person 0.0010 0 316 28 364
person 0.0010 273 190 463 353
person 0.0010 201 89 233 130
pottedplant 0.0046 477 211 495 235
pottedplant 0.0018 482 206 496 243
pottedplant 0.0014 359 120 443 194
pottedplant 0.0010 470 207 500 242
tvmonitor 0.0765 96 104 176 176
tvmonitor 0.0578 -1 206 63 276
tvmonitor 0.0482 43 170 92 263
tvmonitor 0.0393 5 218 56 260
tvmonitor 0.0259 20 220 76 264
tvmonitor 0.0102 78 106 192 205
tvmonitor 0.0071 49 192 85 244
tvmonitor 0.0057 1 168 43 277
tvmonitor 0.0037 206 227 286 313
tvmonitor 0.0035 50 227 85 272
tvmonitor 0.0022 105 112 163 158
tvmonitor 0.0017 70 119 134 202
tvmonitor 0.0016 65 159 104 203
tvmonitor 0.0014 0 214 29 262
tvmonitor 0.0013 68 197 99 253
tvmonitor 0.0010 23 149 98 280
