bottle 0.0452 264 172 333 259
bottle 0.0023 277 188 321 241
car 0.0034 447 17 499 54
car 0.0011 453 25 489 43
chair 0.0029 440 9 502 65
dog 0.0375 203 124 380 304
dog 0.0022 278 175 353 259
person 0.8013 176 1 398 256
person 0.0834 121 3 320 208
person 0.0646 291 8 421 244
person 0.0379 99 -3 182 90
person 0.0110 485 0 500 46
person 0.0085 58 48 80 76
person 0.0084 76 43 118 88
person 0.0082 84 5 255 87
person 0.0042 253 0 401 160
person 0.0032 377 -1 444 83
person 0.0026 9 364 40 375
person 0.0025 2 344 17 367
person 0.0022 33 1 403 309
person 0.0021 488 10 500 86
person 0.0019 63 12 138 88
person 0.0018 9 289 94 375
person 0.0015 2 4 203 87
person 0.0014 490 156 499 289
person 0.0014 407 4 484 76
person 0.0013 381 15 435 116
person 0.0012 100 1 175 28
person 0.0011 101 2 382 97
person 0.0011 251 0 330 27
person 0.0010 41 50 88 82
