bicycle 0.0018 32 369 221 500
bottle 0.0022 48 196 104 301
bottle 0.0021 71 198 130 299
bottle 0.0018 57 216 94 273
car 0.0186 283 184 319 216
car 0.0041 241 112 266 126
chair 0.0112 295 395 367 497
chair 0.0032 12 368 189 500
chair 0.0023 0 235 26 416
chair 0.0019 281 302 378 507
chair 0.0019 246 362 364 504
chair 0.0018 0 93 39 481
chair 0.0013 276 386 338 495
chair 0.0012 135 359 346 501
diningtable 0.0105 133 300 345 489
person 0.9799 14 71 239 511
person 0.0361 -12 28 211 339
person 0.0093 68 21 241 251
person 0.0082 -3 46 101 458
person 0.0062 285 69 381 509
person 0.0046 -1 53 40 443
person 0.0035 1 146 161 494
person 0.0029 29 174 338 483
person 0.0027 332 25 375 472
person 0.0021 -2 65 23 274
person 0.0018 0 9 7 164
person 0.0014 113 12 194 94
person 0.0013 -1 9 21 184
person 0.0010 0 146 29 351
person 0.0010 0 60 8 225
pottedplant 0.0019 306 419 355 472
pottedplant 0.0012 335 390 374 500
