bottle 0.0043 179 226 193 250
bottle 0.0010 125 42 140 66
chair 0.0337 171 220 392 370
chair 0.0013 339 70 404 174
chair 0.0010 24 274 398 373
person 0.7746 178 151 382 382
person 0.3023 403 52 455 153
person 0.1314 399 51 480 192
person 0.1068 456 77 495 182
person 0.0464 310 43 350 168
person 0.0154 413 55 449 103
person 0.0150 154 24 168 46
person 0.0098 442 30 499 179
person 0.0080 355 41 460 172
person 0.0061 383 61 439 179
person 0.0061 172 12 189 61
person 0.0058 34 173 315 374
person 0.0052 212 15 230 34
person 0.0042 196 15 216 60
person 0.0024 174 11 191 29
person 0.0024 485 77 498 194
person 0.0018 207 16 226 54
person 0.0018 289 31 371 182
person 0.0015 196 15 212 31
person 0.0014 319 46 351 92
person 0.0013 234 17 247 34
person 0.0012 151 25 169 66
person 0.0011 465 101 496 161
person 0.0011 198 22 216 44
person 0.0010 232 23 247 44
tvmonitor 0.0988 133 132 279 242
tvmonitor 0.0043 481 48 500 79
tvmonitor 0.0023 467 47 498 93
tvmonitor 0.0019 484 47 500 106
tvmonitor 0.0016 95 118 323 314
tvmonitor 0.0015 464 32 499 119
