bottle 0.0013 392 150 407 173
chair 0.1473 325 175 391 261
chair 0.1187 257 153 322 233
chair 0.1069 302 130 431 308
chair 0.0258 350 136 444 342
chair 0.0142 206 153 297 225
chair 0.0114 178 159 243 270
chair 0.0105 332 191 383 239
chair 0.0039 153 136 263 300
chair 0.0033 370 184 439 306
chair 0.0033 279 148 356 236
chair 0.0031 260 128 388 246
chair 0.0029 268 179 316 231
chair 0.0022 252 112 327 217
chair 0.0015 188 98 311 232
chair 0.0014 322 146 401 239
diningtable 0.0031 76 228 500 372
diningtable 0.0012 158 133 339 294
person 0.3719 81 128 199 306
person 0.0621 67 198 187 344
person 0.0520 44 40 227 290
person 0.0142 93 161 176 270
person 0.0114 270 88 375 237
person 0.0071 9 24 181 235
person 0.0066 246 107 339 224
person 0.0033 -6 44 125 335
person 0.0033 305 65 420 262
person 0.0018 81 139 137 227
person 0.0014 66 220 144 330
person 0.0013 88 127 173 207
person 0.0012 -4 -6 53 321
sofa 0.0083 74 157 256 320
sofa 0.0067 25 151 192 341
tvmonitor 0.0113 2 18 186 187
