bottle 0.0332 231 121 285 209
bottle 0.0084 248 123 306 210
bottle 0.0023 237 138 277 193
bottle 0.0022 256 143 293 190
person 0.7742 196 14 384 316
person 0.7503 0 99 63 332
person 0.6902 406 187 470 335
person 0.5207 57 199 117 322
person 0.3532 384 200 429 328
person 0.2752 137 205 177 324
person 0.2496 194 101 308 333
person 0.1380 380 193 415 238
person 0.1152 1 209 45 330
person 0.1138 181 102 257 332
person 0.0765 252 88 393 338
person 0.0513 407 188 427 230
person 0.0357 416 177 465 262
person 0.0344 4 152 114 335
person 0.0295 407 186 425 211
person 0.0219 388 179 424 217
person 0.0207 190 193 240 334
person 0.0154 360 213 396 313
person 0.0123 369 231 389 294
person 0.0106 193 117 240 210
person 0.0082 129 204 147 246
person 0.0081 114 208 137 259
person 0.0067 377 167 435 227
person 0.0059 489 179 500 242
person 0.0055 2 58 98 285
person 0.0054 233 197 283 333
person 0.0052 417 176 453 216
person 0.0050 420 189 459 239
person 0.0045 380 201 405 225
person 0.0044 411 186 444 232
person 0.0042 419 176 442 198
person 0.0039 447 188 468 232
person 0.0037 408 163 465 227
person 0.0037 384 179 404 222
person 0.0033 113 209 131 230
person 0.0029 385 186 405 207
person 0.0028 140 48 289 287
person 0.0024 369 181 447 322
person 0.0024 258 4 462 282
person 0.0024 382 211 421 267
person 0.0024 393 195 424 247
person 0.0022 0 -4 50 240
person 0.0019 45 216 96 318
person 0.0018 455 187 474 233
person 0.0017 372 201 391 244
person 0.0016 452 176 492 313
person 0.0015 489 198 500 273
person 0.0015 0 222 14 326
person 0.0015 417 184 443 205
person 0.0014 408 177 426 197
person 0.0013 354 164 401 274
person 0.0013 380 202 402 266
person 0.0013 187 154 242 279
person 0.0012 1 43 31 189
person 0.0011 132 213 165 271
person 0.0011 174 222 192 302
person 0.0010 390 143 487 306
person 0.0010 385 163 403 210
person 0.0010 130 205 150 226
