bottle 0.0015 171 26 188 49
chair 0.0021 -1 25 106 229
chair 0.0012 109 48 181 141
diningtable 0.0018 10 277 413 375
person 0.9746 129 79 367 360
person 0.0227 104 37 317 291
person 0.0067 230 45 265 89
person 0.0041 176 40 472 341
person 0.0020 170 16 238 79
person 0.0013 171 33 253 101
person 0.0010 118 32 219 109
pottedplant 0.1841 349 13 453 183
pottedplant 0.0919 364 50 425 155
pottedplant 0.0241 -2 27 57 112
pottedplant 0.0089 -4 26 102 175
pottedplant 0.0086 324 0 423 155
pottedplant 0.0076 370 2 441 84
pottedplant 0.0038 341 61 404 143
pottedplant 0.0029 371 1 493 200
pottedplant 0.0029 5 52 89 143
pottedplant 0.0023 -1 19 43 87
pottedplant 0.0017 378 19 431 60
pottedplant 0.0016 372 78 419 132
pottedplant 0.0012 348 -7 462 107
pottedplant 0.0010 375 1 413 37
