chair 0.0428 12 360 132 504
chair 0.0049 1 164 30 271
chair 0.0031 60 344 126 468
chair 0.0025 -2 221 38 350
chair 0.0022 101 210 329 492
chair 0.0017 0 395 84 499
person 0.9889 68 30 315 473
person 0.7741 0 239 78 489
person 0.0271 15 53 249 380
person 0.0107 9 133 194 445
person 0.0078 138 133 334 499
person 0.0044 -3 151 94 431
person 0.0016 365 345 374 435
person 0.0014 2 248 37 474
person 0.0014 353 295 376 440
pottedplant 0.0138 0 466 40 499
pottedplant 0.0013 -7 442 93 502
pottedplant 0.0010 0 450 25 501
