bicycle 0.0016 78 170 349 382
bird 0.0063 55 208 77 236
bird 0.0018 31 209 72 243
bird 0.0015 40 212 62 235
bird 0.0011 61 204 76 221
bottle 0.0017 339 260 403 341
bottle 0.0012 361 242 381 292
horse 0.0746 156 111 428 374
horse 0.0027 335 120 449 320
person 0.9982 267 99 338 205
person 0.2412 325 330 471 372
person 0.0843 65 332 185 374
person 0.0374 229 333 432 374
person 0.0349 31 210 82 337
person 0.0282 116 132 143 190
person 0.0265 103 163 406 385
person 0.0222 300 342 436 373
person 0.0214 116 281 454 375
person 0.0120 0 344 46 376
person 0.0115 47 206 81 241
person 0.0115 -4 356 57 374
person 0.0106 54 343 155 377
person 0.0103 1 283 48 373
person 0.0094 298 356 452 375
person 0.0085 106 332 239 375
person 0.0077 -2 334 115 374
person 0.0073 300 314 433 370
person 0.0073 17 348 95 376
person 0.0071 132 344 215 376
person 0.0061 159 330 265 376
person 0.0057 227 298 496 371
person 0.0054 2 363 49 375
person 0.0047 10 223 90 377
person 0.0047 -1 357 25 373
person 0.0046 289 124 338 183
person 0.0045 57 203 75 244
person 0.0043 403 342 482 373
person 0.0040 175 342 247 377
person 0.0032 32 127 50 173
person 0.0029 3 126 21 168
person 0.0028 16 293 90 373
person 0.0027 63 272 286 377
person 0.0027 0 307 15 369
person 0.0026 255 352 416 374
person 0.0024 137 322 443 378
person 0.0020 276 332 519 380
person 0.0020 439 361 474 374
person 0.0020 25 128 45 167
person 0.0020 487 131 499 228
person 0.0020 -4 330 54 378
person 0.0018 334 322 401 357
person 0.0015 367 324 439 359
person 0.0015 55 305 160 373
person 0.0013 131 124 150 180
person 0.0013 212 123 226 150
person 0.0013 195 120 212 154
person 0.0013 168 160 203 207
person 0.0012 413 304 488 367
person 0.0012 40 216 81 266
person 0.0012 135 290 227 372
person 0.0011 158 119 203 199
person 0.0011 257 341 379 370
person 0.0011 230 123 247 150
person 0.0011 0 333 16 374
person 0.0011 424 352 484 373
person 0.0010 176 226 479 371
pottedplant 0.0269 1 233 47 375
pottedplant 0.0034 -4 186 64 370
