bottle 0.0391 267 308 298 368
bottle 0.0075 255 341 312 373
bottle 0.0043 1 235 14 327
bottle 0.0039 22 255 38 279
bottle 0.0032 22 268 41 289
bottle 0.0032 282 307 302 368
bottle 0.0021 238 331 330 372
bottle 0.0019 37 258 57 281
bottle 0.0016 21 259 40 304
bottle 0.0016 280 357 308 375
bottle 0.0013 273 277 293 345
bottle 0.0012 264 353 327 375
bottle 0.0011 35 265 56 289
bottle 0.0011 90 241 122 260
bottle 0.0010 20 246 36 287
chair 0.2290 49 290 126 379
chair 0.1285 159 211 202 327
chair 0.0666 7 271 118 375
chair 0.0118 0 285 49 374
chair 0.0102 87 215 170 376
chair 0.0058 46 330 138 374
chair 0.0028 99 282 164 375
chair 0.0028 61 310 119 360
chair 0.0026 0 306 17 372
chair 0.0023 64 271 191 376
chair 0.0019 0 330 29 375
chair 0.0018 1 308 40 362
chair 0.0015 181 207 226 328
chair 0.0013 20 343 98 375
chair 0.0012 161 236 195 297
person 0.9215 204 109 293 377
person 0.8443 380 54 499 386
person 0.7685 90 146 172 359
person 0.5943 8 203 101 363
person 0.2733 44 183 134 375
person 0.2307 163 183 207 313
person 0.2003 20 204 87 286
person 0.0637 2 202 57 282
person 0.0431 178 178 221 304
person 0.0240 -1 220 68 377
person 0.0181 139 159 209 342
person 0.0172 72 203 111 243
person 0.0151 172 136 261 356
person 0.0151 168 190 204 236
person 0.0138 37 197 82 244
person 0.0111 53 195 117 296
person 0.0104 280 50 441 390
person 0.0102 6 210 43 260
person 0.0084 266 124 394 366
person 0.0081 65 176 116 252
person 0.0079 432 45 499 336
person 0.0078 181 187 214 231
person 0.0049 29 213 81 265
person 0.0048 165 213 206 270
person 0.0040 26 203 66 246
person 0.0027 185 193 206 220
person 0.0025 1 234 15 298
person 0.0022 73 209 100 236
person 0.0022 94 200 115 244
person 0.0022 490 82 499 304
person 0.0020 54 194 74 215
person 0.0019 214 163 281 320
person 0.0018 19 204 42 248
person 0.0018 153 28 207 115
person 0.0018 0 207 14 269
person 0.0016 192 183 212 208
person 0.0016 40 188 57 230
person 0.0016 45 182 60 209
person 0.0015 75 182 90 209
person 0.0014 35 211 55 235
person 0.0014 0 253 14 334
person 0.0014 177 194 197 221
person 0.0013 -3 177 67 321
person 0.0013 93 181 111 208
person 0.0011 156 185 175 231
person 0.0011 177 209 197 232
person 0.0011 54 208 77 233
person 0.0010 393 54 494 220
person 0.0010 180 210 219 268
person 0.0010 56 183 77 211
pottedplant 0.0017 0 278 45 325
