chair 0.0011 -3 285 47 376
person 0.7221 38 203 88 327
person 0.4722 291 166 389 387
person 0.4080 132 181 181 315
person 0.3100 387 164 502 371
person 0.1712 394 180 427 271
person 0.1303 436 118 498 378
person 0.0655 238 182 272 272
person 0.0599 84 193 126 288
person 0.0396 0 197 21 253
person 0.0179 108 188 176 357
person 0.0073 368 190 390 251
person 0.0073 -2 230 45 371
person 0.0068 359 180 457 368
person 0.0061 59 217 118 321
person 0.0059 459 140 498 290
person 0.0050 81 197 101 274
person 0.0037 -1 195 32 286
person 0.0036 449 10 500 311
person 0.0031 490 159 500 372
person 0.0027 399 251 487 353
person 0.0025 0 185 10 345
person 0.0024 22 200 40 243
person 0.0024 -1 212 28 261
person 0.0021 345 183 395 300
person 0.0021 105 192 128 253
person 0.0021 89 192 120 254
person 0.0020 50 193 133 354
person 0.0019 374 217 436 326
person 0.0018 77 191 98 234
person 0.0018 369 193 388 219
person 0.0017 273 188 288 254
person 0.0017 402 175 458 261
person 0.0015 171 195 192 246
person 0.0014 191 190 212 251
person 0.0014 488 141 500 277
person 0.0013 457 180 498 362
person 0.0012 126 209 164 275
person 0.0011 23 192 42 229
person 0.0011 407 194 464 292
person 0.0011 280 182 316 301
