bottle 0.0085 0 119 9 198
chair 0.0112 6 23 101 96
chair 0.0102 192 67 323 208
chair 0.0045 4 8 103 180
chair 0.0026 297 21 378 101
chair 0.0021 464 151 499 282
chair 0.0017 13 123 82 198
chair 0.0015 2 18 42 55
chair 0.0013 329 291 478 334
chair 0.0012 2 18 54 103
chair 0.0012 26 146 76 183
chair 0.0011 169 296 328 332
chair 0.0010 0 11 12 77
chair 0.0010 355 152 507 331
chair 0.0010 27 21 88 57
person 0.6717 48 70 207 267
person 0.6031 320 -3 482 279
person 0.1402 304 90 493 336
person 0.0200 382 43 499 290
person 0.0138 389 1 492 185
person 0.0113 219 22 442 257
person 0.0102 314 197 483 327
person 0.0096 297 3 426 183
person 0.0093 448 47 500 286
person 0.0090 457 1 499 78
person 0.0082 3 75 104 253
person 0.0071 9 12 105 75
person 0.0069 207 -1 298 70
person 0.0061 8 9 178 228
person 0.0059 69 1 108 32
person 0.0055 395 2 496 68
person 0.0050 1 80 54 305
person 0.0045 69 12 115 106
person 0.0044 458 2 501 34
person 0.0041 0 105 9 191
person 0.0041 197 8 308 174
person 0.0041 254 0 315 30
person 0.0034 228 1 291 21
person 0.0033 448 -19 495 202
person 0.0033 486 0 499 86
person 0.0030 291 4 377 71
person 0.0029 190 152 472 333
person 0.0028 199 -1 312 33
person 0.0028 490 7 499 130
person 0.0027 304 0 425 38
person 0.0027 349 0 406 33
person 0.0026 35 151 223 325
person 0.0025 66 -4 215 194
person 0.0023 464 90 500 241
person 0.0022 0 109 8 255
person 0.0021 342 1 465 40
person 0.0020 400 1 485 29
person 0.0018 120 0 216 67
person 0.0018 331 86 399 184
person 0.0017 84 153 186 224
person 0.0017 267 -1 388 36
person 0.0016 7 83 51 196
person 0.0015 277 4 397 131
person 0.0014 480 0 498 39
person 0.0014 363 2 442 31
person 0.0014 29 194 322 336
person 0.0014 287 1 364 28
person 0.0013 129 1 200 19
person 0.0012 0 129 43 250
person 0.0012 253 -1 318 68
person 0.0012 164 0 240 25
person 0.0011 463 11 499 57
person 0.0010 282 -1 438 81
person 0.0010 466 46 499 185
person 0.0010 81 13 113 60
person 0.0010 120 0 231 35
pottedplant 0.0023 2 254 40 332
sofa 0.0018 79 74 343 309
tvmonitor 0.0383 5 69 98 204
tvmonitor 0.0100 213 77 297 160
tvmonitor 0.0046 199 42 311 192
