car 0.1535 55 204 145 273
car 0.0467 2 207 102 266
car 0.0298 60 202 120 244
car 0.0269 98 209 147 283
car 0.0113 19 155 171 283
car 0.0080 13 218 88 255
car 0.0079 16 205 90 244
car 0.0075 0 200 54 279
car 0.0072 71 216 131 261
car 0.0045 1 205 48 243
car 0.0031 87 188 166 261
car 0.0027 104 225 136 277
car 0.0024 1 217 50 258
car 0.0021 47 125 216 312
car 0.0018 -3 188 128 299
chair 0.0142 0 289 37 372
chair 0.0014 0 303 16 376
horse 0.4090 383 111 489 372
horse 0.1042 140 122 353 363
horse 0.0059 441 115 497 370
horse 0.0018 84 204 340 386
horse 0.0013 237 122 399 366
horse 0.0010 290 136 451 350
person 0.8396 165 68 284 359
person 0.6106 382 106 493 329
person 0.1266 198 65 368 361
person 0.0997 407 111 465 202
person 0.0458 487 103 499 198
person 0.0315 440 107 494 327
person 0.0176 272 81 363 307
person 0.0168 461 123 498 306
person 0.0141 382 122 446 201
person 0.0087 491 106 500 252
person 0.0083 480 93 497 150
person 0.0063 413 126 453 180
person 0.0062 302 103 448 338
person 0.0046 451 102 496 217
person 0.0036 390 134 435 183
person 0.0036 297 84 348 173
person 0.0033 419 115 461 159
person 0.0031 486 167 499 335
person 0.0030 292 100 349 219
person 0.0026 370 143 437 287
person 0.0019 -1 -3 193 150
person 0.0018 463 114 483 159
person 0.0017 412 137 475 288
person 0.0016 176 124 263 246
person 0.0016 482 119 498 147
person 0.0014 0 250 34 366
person 0.0014 475 109 499 165
person 0.0014 381 157 404 179
person 0.0012 343 81 472 248
person 0.0012 0 216 11 345
person 0.0011 460 105 494 152
person 0.0010 261 106 326 212
