bottle 0.0043 105 156 141 194
bottle 0.0028 109 152 128 186
chair 0.0153 48 189 114 280
chair 0.0108 43 176 135 354
chair 0.0013 31 168 226 366
chair 0.0010 13 134 113 340
diningtable 0.0052 19 161 390 362
motorbike 0.0016 19 165 319 363
person 0.5321 86 54 392 317
person 0.0234 42 101 294 365
person 0.0023 273 96 420 319
person 0.0022 76 158 402 360
person 0.0016 10 74 173 345
tvmonitor 0.0486 375 97 474 318
tvmonitor 0.0036 215 80 409 283
tvmonitor 0.0032 386 140 446 273
tvmonitor 0.0011 369 146 426 264
