bicycle 0.0016 -6 43 339 455
car 0.0047 12 11 380 411
person 0.7719 224 376 350 505
person 0.2008 282 397 345 499
person 0.1861 86 402 247 501
person 0.1234 157 382 300 500
person 0.0361 45 440 166 500
person 0.0130 196 401 271 500
person 0.0114 1 440 90 499
person 0.0105 7 398 200 501
person 0.0098 219 368 288 456
person 0.0071 132 428 259 503
person 0.0068 22 416 118 495
person 0.0063 313 414 327 441
person 0.0054 38 454 110 499
person 0.0051 313 407 327 431
person 0.0039 96 439 155 494
person 0.0036 296 407 338 472
person 0.0036 63 456 148 498
person 0.0035 5 471 70 500
person 0.0028 0 453 42 497
person 0.0028 295 395 335 434
person 0.0024 381 399 391 464
person 0.0024 40 476 155 499
person 0.0022 90 461 174 500
person 0.0021 306 402 384 495
person 0.0018 40 431 91 481
person 0.0018 311 415 341 486
person 0.0018 175 418 334 515
person 0.0016 246 389 286 440
person 0.0016 238 373 330 456
person 0.0015 305 411 322 442
person 0.0012 286 380 406 499
person 0.0011 0 441 11 498
person 0.0011 297 402 327 456
person 0.0011 230 376 280 435
person 0.0010 0 405 43 496
person 0.0010 18 426 76 474
person 0.0010 318 451 366 502
