bus 0.0056 0 83 32 185
car 0.2015 197 150 275 183
car 0.1037 0 133 29 171
car 0.0100 286 156 308 174
car 0.0061 260 155 284 172
car 0.0047 256 144 301 175
car 0.0034 233 151 279 181
car 0.0028 -1 147 24 173
car 0.0024 14 127 30 176
car 0.0024 0 106 19 172
car 0.0021 0 115 30 193
car 0.0019 30 75 183 242
car 0.0014 188 147 218 164
car 0.0014 280 149 311 182
car 0.0013 192 144 248 170
car 0.0012 192 147 225 179
car 0.0012 285 170 303 193
car 0.0011 203 152 237 174
car 0.0010 47 149 154 225
person 0.9342 193 59 471 386
person 0.0546 384 59 502 373
person 0.0096 288 28 502 302
person 0.0090 438 74 498 357
person 0.0054 458 140 498 293
person 0.0021 320 157 492 372
person 0.0015 410 157 479 275
person 0.0014 489 114 500 329
person 0.0014 371 212 504 378
person 0.0010 304 80 323 107
tvmonitor 0.0038 19 45 189 227
