bottle 0.0044 298 365 320 386
bottle 0.0026 313 365 332 386
bottle 0.0025 330 368 349 391
bottle 0.0025 348 262 358 336
bottle 0.0011 333 351 348 401
car 0.0346 285 353 352 446
car 0.0274 3 300 35 331
car 0.0089 342 309 357 328
car 0.0020 290 415 346 453
car 0.0020 293 379 343 428
car 0.0019 295 393 351 440
car 0.0017 279 397 356 465
car 0.0014 0 309 19 332
car 0.0013 298 379 319 398
car 0.0010 318 412 354 444
person 0.8297 127 294 180 447
person 0.6875 185 308 249 447
person 0.0752 172 301 196 369
person 0.0316 249 297 262 345
person 0.0250 162 299 197 412
person 0.0169 260 294 274 346
person 0.0040 230 305 244 332
person 0.0021 348 324 357 427
person 0.0013 0 171 31 337
