bottle 0.0122 105 52 137 106
bottle 0.0110 115 95 134 119
bottle 0.0088 108 104 145 142
bottle 0.0048 126 109 147 130
bottle 0.0041 119 106 141 131
bottle 0.0031 97 93 149 176
bottle 0.0029 113 84 133 107
bottle 0.0026 128 102 147 122
bottle 0.0025 91 103 127 142
bottle 0.0021 112 68 134 115
bottle 0.0019 107 91 139 126
bottle 0.0016 118 107 155 139
bottle 0.0015 100 99 122 121
bottle 0.0014 0 336 43 373
bottle 0.0012 118 110 139 161
bottle 0.0010 129 91 147 128
bottle 0.0010 113 66 136 93
bottle 0.0010 127 111 147 163
chair 0.0346 1 153 35 336
chair 0.0329 167 227 333 368
chair 0.0192 9 153 184 375
chair 0.0122 456 191 496 350
chair 0.0076 0 240 44 366
chair 0.0064 216 239 281 357
chair 0.0036 6 275 179 373
chair 0.0022 0 155 12 347
chair 0.0021 163 184 202 235
chair 0.0016 248 250 320 350
chair 0.0015 0 228 129 371
chair 0.0014 65 229 283 368
person 0.8676 19 97 175 377
person 0.1510 212 144 261 215
person 0.1430 248 138 410 351
person 0.1311 449 153 499 230
person 0.0738 445 152 498 343
person 0.0559 2 134 32 246
person 0.0525 386 150 437 230
person 0.0431 3 139 31 181
person 0.0315 402 150 461 222
person 0.0250 169 134 340 359
person 0.0242 77 71 262 366
person 0.0177 307 163 365 269
person 0.0144 227 144 262 194
person 0.0138 412 155 452 203
person 0.0132 400 152 433 199
person 0.0118 456 153 495 201
person 0.0112 301 135 358 232
person 0.0106 397 163 492 338
person 0.0105 6 77 130 311
person 0.0096 487 155 500 256
person 0.0089 145 138 200 231
person 0.0083 483 150 500 210
person 0.0075 219 109 372 279
person 0.0072 334 174 470 366
person 0.0065 291 143 432 293
person 0.0052 408 151 442 191
person 0.0044 1 137 26 165
person 0.0041 382 151 415 189
person 0.0037 408 150 429 176
person 0.0036 206 148 241 211
person 0.0036 367 151 451 283
person 0.0033 0 112 46 323
person 0.0033 327 175 392 256
person 0.0029 404 156 471 270
person 0.0025 0 121 16 266
person 0.0023 212 155 274 270
person 0.0022 384 155 405 200
person 0.0021 460 154 482 180
person 0.0021 233 143 353 219
person 0.0016 470 164 500 220
person 0.0016 489 149 499 353
person 0.0016 154 138 176 160
person 0.0015 192 133 252 206
person 0.0015 339 149 391 233
person 0.0015 100 103 157 205
person 0.0011 54 55 195 268
person 0.0011 150 138 190 187
person 0.0011 462 164 481 189
person 0.0011 408 148 427 165
person 0.0010 65 26 361 300
