bottle 0.0029 0 146 39 340
bottle 0.0021 233 2 248 36
chair 0.0344 36 66 312 367
chair 0.0202 5 21 188 119
chair 0.0033 386 168 498 374
chair 0.0029 108 226 392 372
diningtable 0.0015 5 222 422 377
diningtable 0.0011 98 269 470 377
person 0.5492 131 53 374 380
person 0.0613 2 33 107 341
person 0.0275 30 35 319 349
person 0.0165 0 61 52 372
person 0.0154 0 -4 188 327
person 0.0115 262 1 473 145
person 0.0075 312 169 483 374
person 0.0069 285 21 342 130
person 0.0024 111 11 466 258
person 0.0019 397 332 506 376
person 0.0018 6 7 186 94
person 0.0015 24 21 224 123
person 0.0013 195 162 462 378
person 0.0011 238 40 482 343
person 0.0011 208 234 291 313
sofa 0.4933 113 53 453 382
sofa 0.0108 132 161 365 374
sofa 0.0057 25 115 329 365
