bottle 0.0545 224 363 257 375
bottle 0.0086 207 359 272 375
bottle 0.0065 232 365 277 375
bottle 0.0058 218 351 288 375
bottle 0.0036 199 366 250 375
bottle 0.0025 219 339 262 374
bottle 0.0023 242 336 321 373
bottle 0.0014 231 354 251 379
bottle 0.0013 232 336 252 375
car 0.0107 21 356 168 376
car 0.0051 -8 343 197 376
car 0.0014 113 354 229 374
chair 0.0059 0 294 132 364
chair 0.0011 80 160 500 374
dog 0.0014 377 -10 504 218
person 0.7511 169 48 495 390
person 0.4907 -23 28 449 353
person 0.0348 -3 291 186 373
person 0.0259 310 71 488 308
person 0.0123 -3 24 287 294
person 0.0059 367 102 498 376
person 0.0040 177 128 245 202
person 0.0031 468 148 501 283
person 0.0027 7 101 263 379
person 0.0025 -5 286 349 376
person 0.0022 129 -1 226 16
person 0.0013 194 148 241 191
person 0.0013 440 112 506 371
person 0.0011 178 132 221 171
