car 0.1326 399 162 433 193
car 0.0416 436 170 455 193
car 0.0141 336 152 383 187
car 0.0130 411 165 444 194
car 0.0069 345 157 373 197
car 0.0025 365 162 389 190
car 0.0023 355 155 393 187
car 0.0016 376 162 412 191
car 0.0012 413 151 451 186
car 0.0010 342 154 364 184
person 0.9544 105 44 192 313
person 0.7058 220 111 269 219
person 0.6095 175 104 226 224
person 0.1338 341 153 362 200
person 0.0881 319 145 341 206
person 0.0200 260 140 280 197
person 0.0142 282 131 315 208
person 0.0079 323 270 350 329
person 0.0048 146 95 211 221
person 0.0046 312 148 331 206
person 0.0036 364 158 384 193
person 0.0020 305 140 339 198
person 0.0017 111 87 177 231
person 0.0016 228 145 264 214
