bicycle 0.0015 161 245 328 471
bicycle 0.0012 218 318 272 423
chair 0.0098 238 223 367 491
chair 0.0020 291 302 373 493
person 0.9853 102 73 223 430
person 0.9477 224 36 368 471
person 0.0679 118 84 304 487
person 0.0325 196 36 310 401
person 0.0067 117 88 212 276
person 0.0052 338 95 372 480
person 0.0049 0 323 33 488
person 0.0047 350 143 376 357
person 0.0039 0 452 41 494
person 0.0035 0 400 81 496
person 0.0032 1 403 40 493
person 0.0032 -8 447 92 498
person 0.0024 362 122 374 318
person 0.0019 -1 15 44 100
person 0.0018 0 315 87 497
person 0.0016 143 91 215 189
person 0.0014 133 109 197 227
person 0.0014 344 95 376 253
person 0.0010 222 45 332 245
