bottle 0.0027 183 41 250 141
bottle 0.0019 196 65 235 122
bottle 0.0013 182 101 238 140
chair 0.0092 0 194 85 391
chair 0.0024 -1 216 38 373
chair 0.0016 3 264 71 379
horse 0.2557 92 151 338 492
horse 0.0022 295 239 370 490
horse 0.0020 223 157 372 499
person 0.9459 103 10 323 484
person 0.0176 51 134 274 503
person 0.0044 338 249 371 409
person 0.0039 367 210 375 384
person 0.0029 329 232 374 496
person 0.0015 367 238 374 470
person 0.0013 127 20 305 262
person 0.0013 170 -2 270 62
person 0.0011 291 176 375 482
pottedplant 0.0037 11 164 125 416
