chair 0.0248 221 110 284 195
chair 0.0059 227 130 278 180
chair 0.0025 319 216 497 375
chair 0.0022 222 108 279 155
chair 0.0015 388 294 497 370
chair 0.0012 377 221 425 262
chair 0.0011 196 138 232 182
diningtable 0.0615 184 228 468 370
diningtable 0.0030 63 170 430 373
diningtable 0.0012 21 279 470 373
person 0.9821 18 45 327 394
person 0.3600 297 13 499 356
person 0.2127 212 58 452 316
person 0.1362 -2 17 210 301
person 0.0722 127 43 367 278
person 0.0594 267 115 463 374
person 0.0232 370 106 500 378
person 0.0148 2 22 130 247
person 0.0114 196 134 213 175
person 0.0102 279 165 313 211
person 0.0064 126 121 149 143
person 0.0034 115 111 161 148
person 0.0033 311 165 330 189
person 0.0031 -3 87 27 225
person 0.0030 272 154 320 222
person 0.0026 292 166 313 191
person 0.0025 442 39 499 332
person 0.0025 293 165 377 256
person 0.0022 273 170 294 222
person 0.0021 0 101 12 198
person 0.0021 1 156 272 370
person 0.0018 61 19 284 184
person 0.0016 465 77 500 241
person 0.0010 293 176 313 211
person 0.0010 302 169 323 212
