bottle 0.0022 59 223 75 246
car 0.0011 370 326 502 373
chair 0.0010 0 -3 117 209
dog 0.0015 217 222 425 374
person 0.9814 54 42 446 388
person 0.8525 14 7 342 313
person 0.0167 -1 96 275 379
person 0.0059 486 20 499 82
person 0.0032 0 224 113 375
person 0.0019 0 84 8 248
person 0.0017 37 157 386 367
person 0.0016 -3 24 116 349
person 0.0014 477 110 493 166
person 0.0012 444 29 495 111
person 0.0011 0 35 46 337
person 0.0010 482 87 497 161
tvmonitor 0.1210 2 204 39 288
tvmonitor 0.0133 277 63 440 310
tvmonitor 0.0075 24 229 63 268
tvmonitor 0.0053 5 226 49 273
tvmonitor 0.0044 321 145 398 234
tvmonitor 0.0035 0 201 18 278
tvmonitor 0.0011 17 205 80 280
