bottle 0.2960 378 87 436 205
bottle 0.0302 183 109 203 161
bottle 0.0126 365 51 452 242
bottle 0.0022 180 119 221 158
bottle 0.0019 384 114 426 181
bottle 0.0014 2 36 42 200
bottle 0.0012 158 121 201 156
bottle 0.0012 383 154 423 205
bus 0.0030 -27 32 451 330
bus 0.0026 61 15 358 152
chair 0.0532 24 248 150 428
chair 0.0030 387 205 499 423
chair 0.0022 50 256 136 367
diningtable 0.0070 386 244 499 430
diningtable 0.0019 316 199 488 431
person 0.8942 142 210 207 301
person 0.1597 225 199 295 298
person 0.0993 261 55 294 91
person 0.0205 117 196 229 311
person 0.0166 149 322 346 427
person 0.0123 383 17 503 347
person 0.0117 17 178 169 393
person 0.0113 98 206 181 297
person 0.0101 258 49 301 114
person 0.0086 118 64 155 96
person 0.0077 449 30 501 393
person 0.0048 143 212 185 260
person 0.0038 -1 -15 51 249
person 0.0035 190 182 319 324
person 0.0029 171 204 228 298
person 0.0028 258 65 275 92
person 0.0022 191 75 211 98
person 0.0021 23 247 98 378
person 0.0020 68 201 140 291
person 0.0018 316 43 492 386
person 0.0017 89 192 128 245
person 0.0017 119 70 139 95
person 0.0015 470 126 501 300
person 0.0014 209 77 223 97
person 0.0014 105 98 162 138
person 0.0014 215 195 439 424
person 0.0013 181 60 225 93
person 0.0013 112 220 167 272
person 0.0012 56 193 210 366
person 0.0012 261 74 295 94
person 0.0011 181 99 226 144
person 0.0011 152 202 196 242
person 0.0011 159 139 400 363
person 0.0010 0 85 11 195
person 0.0010 103 215 238 415
person 0.0010 162 222 207 283
train 0.0019 59 -1 366 102
train 0.0013 14 83 254 354
tvmonitor 0.0039 0 116 43 242
tvmonitor 0.0016 -1 19 52 276
tvmonitor 0.0010 203 86 299 146
