aeroplane 0.0010 -6 42 353 229
person 0.6234 47 109 78 196
person 0.3961 186 153 204 205
person 0.0890 138 150 152 187
person 0.0460 186 178 203 224
person 0.0432 118 148 133 190
person 0.0372 85 148 104 187
person 0.0296 50 113 74 169
person 0.0180 184 153 212 221
person 0.0067 186 154 202 175
person 0.0043 188 165 205 190
person 0.0024 72 146 108 184
person 0.0023 189 180 215 226
person 0.0018 141 150 154 165
person 0.0018 55 149 74 204
person 0.0017 46 114 63 166
person 0.0015 117 155 132 220
person 0.0012 187 149 215 182
person 0.0012 189 177 205 204
person 0.0012 182 150 197 185
