car 0.1059 8 116 84 185
car 0.0699 0 81 27 174
car 0.0166 1 104 25 147
car 0.0067 0 98 12 168
car 0.0053 7 75 133 221
car 0.0048 1 124 26 168
car 0.0034 41 113 108 185
car 0.0029 3 94 40 123
car 0.0022 1 85 26 123
car 0.0020 1 121 34 217
car 0.0019 -3 69 44 229
car 0.0015 381 126 399 142
car 0.0015 -4 138 101 297
car 0.0014 0 121 16 142
car 0.0012 375 126 401 161
car 0.0012 371 110 400 147
car 0.0011 0 95 13 118
car 0.0011 2 102 40 137
person 0.8214 81 2 326 297
person 0.0333 321 89 369 166
person 0.0190 198 30 386 315
person 0.0126 307 34 391 222
person 0.0124 66 -1 205 74
person 0.0119 0 78 9 137
person 0.0115 103 0 168 67
person 0.0102 319 102 396 293
person 0.0066 329 102 372 194
person 0.0063 302 107 355 187
person 0.0058 369 85 399 171
person 0.0048 0 63 28 146
person 0.0041 278 48 374 250
person 0.0033 49 26 229 320
person 0.0027 321 99 335 119
person 0.0023 327 107 364 147
person 0.0021 295 112 309 147
person 0.0020 295 110 309 130
person 0.0019 108 0 166 24
person 0.0019 352 16 402 236
person 0.0018 320 100 335 137
person 0.0017 -2 -13 159 86
person 0.0017 389 85 400 155
person 0.0016 138 0 204 20
person 0.0015 138 5 381 211
person 0.0015 91 0 181 37
person 0.0014 0 274 35 300
person 0.0013 387 115 400 171
person 0.0013 309 108 351 144
person 0.0012 119 -1 275 75
person 0.0011 337 119 379 222
person 0.0010 363 117 398 227
person 0.0010 317 94 342 130
person 0.0010 -1 30 144 228
person 0.0010 263 135 381 297
