bottle 0.0015 372 190 388 225
bottle 0.0010 273 57 289 77
car 0.0016 -1 129 38 177
diningtable 0.0020 55 269 523 373
person 0.8232 262 27 376 274
person 0.7878 150 48 222 273
person 0.7770 397 49 500 307
person 0.7420 15 51 119 309
person 0.5553 100 118 151 243
person 0.0466 98 92 167 285
person 0.0269 438 33 497 281
person 0.0250 0 109 13 212
person 0.0205 -2 102 45 211
person 0.0149 103 125 143 179
person 0.0110 0 94 10 288
person 0.0100 485 67 499 258
person 0.0100 231 125 281 242
person 0.0090 106 104 140 153
person 0.0064 466 65 500 250
person 0.0062 138 112 158 159
person 0.0055 102 93 146 171
person 0.0053 -3 69 61 295
person 0.0048 0 55 40 146
person 0.0043 114 93 136 147
person 0.0042 0 83 13 158
person 0.0042 136 103 156 144
person 0.0041 380 75 422 179
person 0.0033 359 33 468 281
person 0.0030 1 104 36 154
person 0.0029 299 32 406 234
person 0.0024 130 120 162 173
person 0.0021 260 26 387 138
person 0.0020 103 148 149 210
person 0.0019 231 30 367 180
person 0.0019 3 131 45 173
person 0.0018 168 81 230 233
person 0.0016 16 63 97 140
person 0.0015 116 91 135 118
person 0.0015 1 143 43 270
person 0.0015 2 72 35 125
person 0.0014 380 162 430 268
person 0.0014 258 127 313 239
person 0.0012 382 98 417 152
person 0.0011 195 70 308 248
person 0.0011 0 127 28 177
person 0.0011 198 92 387 322
person 0.0011 16 132 41 187
person 0.0011 0 124 15 149
person 0.0011 400 24 486 195
