boat 0.1362 101 170 333 364
boat 0.0367 2 97 96 164
boat 0.0080 3 90 104 224
boat 0.0079 47 224 294 371
chair 0.0322 -4 233 61 303
chair 0.0107 0 278 194 374
chair 0.0034 18 245 83 285
chair 0.0031 -3 241 53 360
chair 0.0030 1 231 123 374
chair 0.0027 57 281 369 373
chair 0.0013 143 332 292 374
person 0.7628 185 145 301 343
person 0.2701 124 178 209 258
person 0.1460 48 162 222 330
person 0.0474 104 149 233 292
person 0.0131 -1 226 195 375
person 0.0106 104 203 190 281
person 0.0041 162 100 390 341
person 0.0034 184 163 260 265
person 0.0029 -2 219 58 288
person 0.0027 156 118 282 275
person 0.0026 127 216 204 317
person 0.0023 137 190 200 241
person 0.0022 204 183 287 299
person 0.0019 206 141 266 244
person 0.0017 53 237 143 298
person 0.0014 93 231 183 301
person 0.0012 -9 151 134 337
person 0.0010 136 158 214 236
person 0.0010 487 121 499 210
