boat 0.0020 267 92 388 276
car 0.0206 260 211 285 223
car 0.0134 251 212 277 224
car 0.0013 351 351 455 375
chair 0.0050 313 240 505 371
person 0.9184 269 77 313 194
person 0.5260 380 86 411 189
person 0.5033 336 92 366 180
person 0.0089 314 80 361 184
person 0.0077 341 95 364 149
person 0.0073 384 89 405 155
person 0.0028 282 77 372 232
person 0.0020 303 68 428 363
person 0.0016 364 73 432 237
person 0.0015 272 78 306 136
person 0.0015 390 103 409 196
person 0.0014 351 57 450 317
person 0.0014 303 112 363 201
person 0.0011 0 219 8 284
sofa 0.0045 313 266 505 381
