car 0.0202 454 0 500 60
car 0.0116 300 2 505 52
car 0.0077 391 2 499 49
car 0.0011 462 9 499 45
car 0.0010 25 1 99 44
horse 0.0102 -1 -7 67 185
motorbike 0.1390 201 60 246 111
motorbike 0.0449 443 47 496 88
motorbike 0.0363 44 0 136 32
motorbike 0.0283 220 72 255 107
motorbike 0.0114 178 73 239 131
motorbike 0.0111 80 0 195 32
motorbike 0.0050 159 81 200 119
motorbike 0.0040 169 135 233 182
motorbike 0.0035 266 75 305 104
motorbike 0.0032 151 53 257 166
motorbike 0.0031 155 -1 271 31
motorbike 0.0030 197 85 240 112
motorbike 0.0024 348 79 399 100
motorbike 0.0022 39 0 97 28
motorbike 0.0017 173 157 229 181
motorbike 0.0016 216 85 255 112
motorbike 0.0014 191 72 222 112
person 0.6413 167 111 231 174
person 0.1979 158 77 238 179
person 0.1291 158 72 205 136
person 0.0918 269 66 320 105
person 0.0915 351 65 395 97
person 0.0794 203 61 236 101
person 0.0630 51 187 118 249
person 0.0585 0 1 108 250
person 0.0475 218 66 252 104
person 0.0395 451 5 496 89
person 0.0328 230 0 342 33
person 0.0293 0 24 50 265
person 0.0114 479 41 495 88
person 0.0111 39 174 101 236
person 0.0102 451 50 486 81
person 0.0092 270 0 388 32
person 0.0077 290 0 367 21
person 0.0073 252 0 325 22
person 0.0069 370 68 407 97
person 0.0067 161 72 199 108
person 0.0057 180 125 230 163
person 0.0054 -5 24 194 267
person 0.0049 430 47 485 90
person 0.0048 119 -1 210 32
person 0.0048 362 63 416 102
person 0.0048 136 0 194 25
person 0.0047 162 2 401 51
person 0.0045 470 55 499 88
person 0.0044 482 25 497 82
person 0.0044 209 56 230 92
person 0.0043 35 0 96 26
person 0.0042 439 59 477 87
person 0.0038 158 83 196 121
person 0.0036 100 0 176 26
person 0.0035 243 62 258 99
person 0.0033 482 2 499 64
person 0.0030 18 161 118 251
person 0.0029 199 63 218 101
person 0.0025 319 0 398 20
person 0.0025 396 200 498 252
person 0.0022 209 0 294 22
person 0.0019 384 224 504 252
person 0.0019 326 2 487 30
person 0.0014 174 0 249 23
person 0.0013 245 63 257 82
person 0.0012 3 131 33 238
person 0.0012 478 53 495 72
person 0.0012 355 0 456 20
person 0.0012 1 79 34 212
person 0.0011 354 0 391 9
person 0.0011 54 0 124 16
person 0.0010 284 67 308 101
