person 0.9261 27 123 140 306
person 0.0839 357 263 394 335
person 0.0305 97 263 117 310
person 0.0276 345 259 366 304
person 0.0206 322 261 341 306
person 0.0141 475 259 492 283
person 0.0108 37 107 149 235
person 0.0087 76 264 97 310
person 0.0069 302 262 325 307
person 0.0063 185 275 204 311
person 0.0057 224 263 247 307
person 0.0055 242 211 276 292
person 0.0051 474 269 494 292
person 0.0044 177 276 198 311
person 0.0042 250 207 273 270
person 0.0039 246 257 266 311
person 0.0034 107 260 128 308
person 0.0033 70 288 91 311
person 0.0024 11 244 108 315
person 0.0023 376 274 411 321
person 0.0023 6 254 41 303
person 0.0022 419 268 438 301
person 0.0022 79 258 115 307
person 0.0019 380 264 400 302
person 0.0018 153 277 174 312
person 0.0018 4 259 23 310
person 0.0015 359 257 382 307
person 0.0015 0 209 125 333
person 0.0015 59 147 130 281
person 0.0013 66 277 103 310
person 0.0012 62 249 126 313
person 0.0011 162 281 201 310
person 0.0011 364 262 420 332
person 0.0011 75 268 95 294
person 0.0011 97 285 120 311
person 0.0010 25 281 83 310
person 0.0010 44 117 198 277
person 0.0010 182 280 220 310
