bicycle 0.0014 8 168 40 222
person 0.8978 257 105 339 259
person 0.4513 38 106 154 366
person 0.2479 429 119 466 200
person 0.2381 471 121 498 201
person 0.2012 4 102 36 225
person 0.1058 191 114 232 219
person 0.0740 0 103 16 229
person 0.0385 160 115 200 219
person 0.0328 384 120 418 203
person 0.0214 291 123 345 242
person 0.0214 364 128 386 205
person 0.0195 216 113 266 214
person 0.0149 340 124 375 204
person 0.0071 307 115 357 212
person 0.0056 416 128 442 199
person 0.0048 154 109 174 167
person 0.0042 150 98 195 176
person 0.0033 0 134 28 199
person 0.0033 142 149 160 190
person 0.0028 58 110 77 159
person 0.0024 0 110 22 165
person 0.0023 5 109 37 161
person 0.0019 -1 153 35 267
person 0.0019 190 115 210 159
person 0.0017 0 122 11 290
person 0.0017 335 130 363 198
person 0.0014 -4 94 48 340
person 0.0013 20 148 40 214
person 0.0012 402 130 421 197
person 0.0011 444 120 468 190
person 0.0010 189 111 209 135
person 0.0010 190 121 210 211
person 0.0010 477 130 502 221
person 0.0010 310 129 327 197
