aeroplane 0.0018 -7 20 432 248
bottle 0.0173 349 285 367 328
bottle 0.0034 113 351 168 374
bottle 0.0019 350 283 369 307
bottle 0.0018 102 336 150 373
bottle 0.0017 121 340 161 371
bottle 0.0014 366 284 384 331
bottle 0.0013 367 255 384 305
bottle 0.0013 126 347 151 369
bus 0.0022 445 106 500 205
chair 0.0260 381 291 488 372
chair 0.0140 447 285 501 372
chair 0.0052 343 293 397 377
chair 0.0036 337 339 394 375
chair 0.0034 200 326 301 377
chair 0.0025 156 327 263 376
chair 0.0022 227 330 346 377
chair 0.0020 282 293 371 376
chair 0.0020 219 301 283 375
chair 0.0018 215 339 286 374
chair 0.0017 267 329 390 375
chair 0.0017 15 334 78 374
chair 0.0016 246 344 326 375
chair 0.0015 452 283 500 326
chair 0.0011 82 330 188 374
chair 0.0011 243 276 404 372
chair 0.0010 458 303 499 356
chair 0.0010 287 342 371 374
person 0.9877 257 113 381 377
person 0.3638 72 269 202 373
person 0.1362 70 118 103 159
person 0.0866 4 300 62 375
person 0.0168 0 273 117 374
person 0.0117 343 283 485 369
person 0.0092 60 119 108 186
person 0.0090 -1 173 48 250
person 0.0049 6 324 86 374
person 0.0046 379 109 500 385
person 0.0038 73 126 96 167
person 0.0036 3 188 45 232
person 0.0030 49 293 145 371
person 0.0029 290 115 363 201
person 0.0028 3 264 55 360
person 0.0020 33 262 153 347
person 0.0018 0 308 13 370
person 0.0010 113 282 301 372
person 0.0010 37 330 159 375
person 0.0010 0 163 11 228
sofa 0.1639 -16 268 212 373
train 0.0098 -16 -9 436 336
