car 0.0931 425 227 481 251
car 0.0220 445 226 497 253
car 0.0193 419 227 454 251
car 0.0072 485 235 499 262
car 0.0071 452 236 496 261
car 0.0038 10 248 103 267
car 0.0032 -3 239 118 267
car 0.0022 455 256 493 265
car 0.0021 445 252 500 266
car 0.0020 420 241 481 260
car 0.0018 455 233 486 246
car 0.0013 483 233 500 248
car 0.0010 435 233 466 247
motorbike 0.0246 237 202 276 233
motorbike 0.0010 234 215 280 236
person 0.7328 101 171 137 225
person 0.6765 232 184 274 234
person 0.1347 244 184 265 231
person 0.0180 235 188 254 230
person 0.0033 250 200 270 233
person 0.0024 426 214 446 249
person 0.0023 263 189 279 229
person 0.0021 84 195 127 225
person 0.0014 0 185 45 247
person 0.0012 246 187 265 210
person 0.0010 107 167 140 196
