bottle 0.0043 174 90 240 176
bottle 0.0036 381 110 439 215
bottle 0.0014 341 134 392 174
bottle 0.0013 185 108 230 158
car 0.0856 2 96 102 172
car 0.0083 -1 113 55 188
car 0.0074 -2 112 49 156
car 0.0046 329 124 389 155
car 0.0042 -1 78 113 233
car 0.0036 -2 129 47 170
car 0.0027 60 86 123 180
car 0.0024 15 110 93 152
car 0.0024 1 27 104 180
dog 0.0011 287 190 355 291
motorbike 0.0013 251 143 392 331
person 0.7770 80 68 179 352
person 0.1892 242 36 414 278
person 0.1431 77 21 196 235
person 0.0888 98 14 243 190
person 0.0675 251 114 389 314
person 0.0484 82 8 260 314
person 0.0211 65 108 122 205
person 0.0071 322 5 475 259
person 0.0062 40 47 158 278
person 0.0054 15 29 76 109
person 0.0052 113 22 303 235
person 0.0042 285 118 371 202
person 0.0040 326 141 399 235
person 0.0028 94 105 167 205
person 0.0028 288 160 363 271
person 0.0027 148 107 204 205
person 0.0025 25 19 169 189
person 0.0023 99 144 165 284
person 0.0019 325 117 405 197
person 0.0016 25 44 68 89
person 0.0014 72 128 112 185
person 0.0013 178 108 244 202
person 0.0012 249 121 332 200
person 0.0012 100 40 176 157
person 0.0011 138 44 212 154
person 0.0011 -1 61 115 308
person 0.0010 208 11 385 202
person 0.0010 215 84 272 184
pottedplant 0.0105 5 29 50 116
pottedplant 0.0026 7 48 45 98
pottedplant 0.0021 2 52 46 150
