chair 0.0092 5 306 142 496
chair 0.0071 189 312 363 496
chair 0.0028 2 227 253 496
chair 0.0023 74 308 296 487
chair 0.0017 237 351 310 456
chair 0.0012 236 320 308 418
person 0.4339 0 79 146 427
person 0.4165 106 157 263 430
person 0.0632 7 149 251 499
person 0.0266 92 85 234 349
person 0.0188 328 137 377 511
person 0.0129 286 127 377 455
person 0.0049 1 32 44 392
person 0.0038 1 51 89 311
person 0.0033 335 250 374 401
person 0.0030 -5 41 196 316
person 0.0025 129 88 297 336
person 0.0024 120 162 200 252
person 0.0022 340 300 374 503
person 0.0021 96 120 171 176
person 0.0020 112 130 206 202
person 0.0017 229 236 377 499
person 0.0016 -1 63 45 197
person 0.0015 114 108 258 255
person 0.0013 292 291 372 500
tvmonitor 0.0293 160 128 225 198
tvmonitor 0.0063 234 125 305 221
tvmonitor 0.0057 289 201 373 296
tvmonitor 0.0018 209 116 337 243
tvmonitor 0.0011 338 182 377 315
