bottle 0.0013 378 91 413 128
chair 0.0252 388 67 497 303
chair 0.0104 436 46 503 269
chair 0.0076 328 53 482 261
chair 0.0051 454 77 500 188
chair 0.0049 411 104 476 206
chair 0.0017 374 105 435 202
chair 0.0010 456 113 497 255
person 0.9862 162 8 342 308
person 0.0831 142 4 360 159
person 0.0108 0 143 16 217
person 0.0050 206 48 430 324
person 0.0045 158 145 350 328
person 0.0026 80 14 278 254
person 0.0020 374 90 431 181
person 0.0020 143 5 203 86
person 0.0015 2 111 38 215
person 0.0011 128 0 310 101
pottedplant 0.0801 1 204 37 274
pottedplant 0.0618 119 236 160 275
pottedplant 0.0377 7 206 44 245
pottedplant 0.0225 0 196 13 255
pottedplant 0.0197 33 209 82 275
pottedplant 0.0161 297 153 333 187
pottedplant 0.0144 298 160 334 206
pottedplant 0.0138 1 199 28 253
pottedplant 0.0125 37 167 85 268
pottedplant 0.0115 0 228 12 275
pottedplant 0.0088 5 232 43 273
pottedplant 0.0077 124 253 159 274
pottedplant 0.0074 15 208 42 233
pottedplant 0.0069 1 211 16 240
pottedplant 0.0060 4 133 40 245
pottedplant 0.0058 18 204 43 222
pottedplant 0.0053 0 225 15 253
pottedplant 0.0050 16 212 40 257
pottedplant 0.0039 10 195 48 229
pottedplant 0.0035 44 193 81 243
pottedplant 0.0034 1 228 25 277
pottedplant 0.0027 293 147 340 223
pottedplant 0.0026 46 169 85 216
pottedplant 0.0020 53 209 119 273
pottedplant 0.0017 5 162 36 214
pottedplant 0.0016 127 244 158 266
pottedplant 0.0015 58 171 114 258
pottedplant 0.0014 36 208 54 234
pottedplant 0.0011 51 234 84 273
pottedplant 0.0011 41 214 61 262
pottedplant 0.0010 15 144 98 283
pottedplant 0.0010 34 231 68 272
pottedplant 0.0010 32 168 60 223
