aeroplane 0.9244 151 103 434 216
aeroplane 0.0137 78 83 342 294
aeroplane 0.0019 261 114 528 212
aeroplane 0.0016 170 137 469 277
car 0.0025 397 146 423 157
car 0.0016 462 157 488 168
person 0.9706 117 98 183 291
person 0.0084 115 117 134 156
person 0.0039 134 100 198 217
person 0.0031 341 142 363 159
person 0.0022 326 143 348 160
person 0.0019 305 161 323 203
person 0.0018 381 184 403 204
person 0.0017 306 169 323 189
person 0.0016 306 157 323 173
person 0.0013 373 186 391 208
person 0.0012 398 185 416 203
person 0.0011 307 183 324 205
person 0.0010 388 175 408 192
