bottle 0.0082 263 278 312 375
bottle 0.0031 208 344 274 375
bottle 0.0012 209 286 277 380
bottle 0.0012 165 363 193 375
bottle 0.0011 268 301 303 361
chair 0.0167 446 233 499 313
chair 0.0057 452 250 497 293
chair 0.0046 -4 160 137 373
chair 0.0024 124 353 195 373
diningtable 0.0063 127 336 308 373
diningtable 0.0028 159 271 422 377
diningtable 0.0022 62 329 364 379
diningtable 0.0020 168 346 267 374
diningtable 0.0011 246 278 476 372
person 0.9210 12 57 188 379
person 0.6415 239 42 493 284
person 0.4173 119 165 220 377
person 0.3224 151 46 291 263
person 0.1035 75 46 505 327
person 0.0864 109 109 381 332
person 0.0722 153 169 278 373
person 0.0476 23 38 183 239
person 0.0268 193 172 257 266
person 0.0251 26 29 317 286
person 0.0084 401 285 495 371
person 0.0076 444 28 497 283
person 0.0071 205 181 268 305
person 0.0057 196 207 245 334
person 0.0054 437 118 502 366
person 0.0053 129 349 207 375
person 0.0045 2 23 123 296
person 0.0039 445 280 498 376
person 0.0032 378 46 497 267
person 0.0029 212 218 273 326
person 0.0027 141 191 205 351
person 0.0025 100 340 239 374
person 0.0023 -2 58 55 375
person 0.0017 137 166 209 262
person 0.0015 -1 59 37 197
person 0.0011 -2 2 50 255
pottedplant 0.0297 91 1 192 77
pottedplant 0.0264 262 191 469 357
pottedplant 0.0081 386 235 500 375
pottedplant 0.0043 170 232 411 374
pottedplant 0.0028 348 225 452 315
pottedplant 0.0028 76 8 196 131
pottedplant 0.0022 356 210 437 288
pottedplant 0.0015 399 234 495 312
pottedplant 0.0011 103 18 175 61
sofa 0.1271 102 41 389 330
sofa 0.0299 59 66 284 372
