bus 0.0039 241 0 494 380
bus 0.0011 361 152 502 377
car 0.0751 253 40 485 398
car 0.0049 364 114 499 370
motorbike 0.0060 15 -1 83 23
motorbike 0.0024 37 0 91 36
motorbike 0.0019 11 3 93 84
motorbike 0.0011 -2 0 64 35
person 0.4967 36 24 298 356
person 0.0267 171 33 421 403
person 0.0114 0 52 181 382
person 0.0101 0 306 38 363
person 0.0094 380 -1 491 45
person 0.0029 21 164 246 371
person 0.0029 58 0 209 92
person 0.0017 239 114 410 374
person 0.0015 350 4 471 64
person 0.0014 60 0 142 83
person 0.0013 362 2 459 32
person 0.0011 67 -1 194 47
person 0.0011 0 200 11 329
pottedplant 0.0832 0 90 113 345
pottedplant 0.0293 -1 -3 103 202
pottedplant 0.0189 -1 248 46 362
pottedplant 0.0071 -5 180 63 362
pottedplant 0.0060 14 168 95 267
pottedplant 0.0041 -4 -14 63 165
pottedplant 0.0037 1 178 49 305
pottedplant 0.0026 -8 123 196 370
pottedplant 0.0014 -2 225 109 371
pottedplant 0.0012 -3 15 59 292
pottedplant 0.0011 2 280 42 333
pottedplant 0.0011 -1 -4 55 100
