bottle 0.0029 436 195 457 250
bottle 0.0014 204 359 239 375
bottle 0.0013 199 339 246 372
bottle 0.0012 185 353 257 374
chair 0.0707 46 167 382 369
chair 0.0658 0 104 270 375
chair 0.0146 138 221 433 373
chair 0.0023 411 343 482 375
chair 0.0022 20 225 248 369
motorbike 0.0018 11 273 408 374
person 0.9774 141 107 430 370
person 0.1821 25 99 323 381
person 0.0330 450 99 498 222
person 0.0260 108 2 390 320
person 0.0235 400 77 500 293
person 0.0214 -2 87 188 351
person 0.0138 220 46 509 392
person 0.0084 417 108 488 211
person 0.0037 488 103 499 256
person 0.0028 53 55 301 280
person 0.0023 424 114 472 156
person 0.0020 351 5 395 140
person 0.0018 454 111 495 155
person 0.0016 185 222 457 374
person 0.0015 484 75 498 197
person 0.0011 179 0 323 216
person 0.0010 411 1 474 91
