bottle 0.0020 97 2 115 20
car 0.0886 331 44 387 68
car 0.0791 350 44 394 84
car 0.0140 238 52 265 74
car 0.0110 313 47 369 74
car 0.0079 320 36 425 72
car 0.0053 296 40 352 69
car 0.0034 233 51 279 76
car 0.0030 279 32 320 74
car 0.0029 341 24 461 76
car 0.0027 360 36 443 67
car 0.0020 457 53 499 98
car 0.0017 324 51 352 72
car 0.0014 402 23 468 80
car 0.0010 322 46 350 64
car 0.0010 222 37 277 69
motorbike 0.3049 1 67 31 125
motorbike 0.2689 319 76 475 179
motorbike 0.1479 443 60 498 144
motorbike 0.0885 180 76 402 351
motorbike 0.0313 52 151 363 344
motorbike 0.0144 54 131 230 305
motorbike 0.0111 452 76 499 124
motorbike 0.0090 456 101 499 150
motorbike 0.0059 232 53 260 74
motorbike 0.0045 -2 99 32 137
motorbike 0.0045 391 79 486 169
motorbike 0.0022 431 40 506 165
motorbike 0.0019 353 115 441 179
motorbike 0.0018 289 48 347 73
motorbike 0.0013 1 78 33 160
person 0.9619 76 18 213 292
person 0.7781 356 42 407 152
person 0.7029 408 30 460 133
person 0.4524 1 63 32 120
person 0.1834 0 52 21 113
person 0.0717 352 46 408 103
person 0.0384 397 41 471 162
person 0.0303 358 39 432 124
person 0.0285 92 23 317 299
person 0.0110 448 36 500 121
person 0.0073 413 43 454 101
person 0.0065 339 29 460 139
person 0.0057 77 170 125 198
person 0.0040 411 31 457 67
person 0.0035 370 66 421 123
person 0.0029 196 43 211 59
person 0.0024 0 47 18 90
person 0.0020 269 44 303 89
person 0.0015 10 76 34 106
person 0.0013 360 43 388 85
person 0.0012 485 50 500 135
person 0.0011 415 62 456 123
person 0.0010 238 91 311 169
person 0.0010 289 30 310 73
person 0.0010 33 25 183 239
pottedplant 0.0018 73 1 100 16
pottedplant 0.0014 99 6 114 26
pottedplant 0.0012 24 2 91 31
