car 0.0068 161 182 214 204
car 0.0051 186 178 236 206
motorbike 0.1852 403 172 472 249
motorbike 0.0232 403 187 495 314
motorbike 0.0184 392 197 435 243
motorbike 0.0172 412 187 461 238
motorbike 0.0056 393 156 488 274
motorbike 0.0038 410 258 485 331
motorbike 0.0010 415 281 470 318
motorbike 0.0010 391 217 430 254
person 0.7541 415 222 486 317
person 0.6800 0 129 47 362
person 0.2928 301 165 322 213
person 0.2579 447 215 494 320
person 0.1342 35 159 69 267
person 0.0471 459 151 491 237
person 0.0466 486 155 499 236
person 0.0302 223 170 246 212
person 0.0253 417 159 472 236
person 0.0252 294 160 313 209
person 0.0176 456 160 477 221
person 0.0146 -1 111 45 203
person 0.0099 423 165 463 215
person 0.0087 1 20 33 175
person 0.0063 0 120 11 382
person 0.0061 -10 38 55 275
person 0.0055 486 227 497 332
person 0.0051 3 130 46 251
person 0.0051 14 140 80 352
person 0.0050 2 136 41 180
person 0.0044 0 151 13 264
person 0.0039 464 183 493 235
person 0.0032 263 168 281 214
person 0.0032 0 -8 9 79
person 0.0028 343 162 360 198
person 0.0027 489 175 499 327
person 0.0027 443 155 463 203
person 0.0025 436 156 476 204
person 0.0022 475 166 498 225
person 0.0021 457 240 495 298
person 0.0021 423 222 470 265
person 0.0020 0 133 16 193
person 0.0019 423 241 470 298
person 0.0016 1 -12 45 211
person 0.0014 36 168 56 252
person 0.0014 489 139 500 196
person 0.0012 461 217 496 274
person 0.0011 326 161 345 203
person 0.0010 423 163 443 200
person 0.0010 1 80 18 162
person 0.0010 0 -1 10 159
