bottle 0.0017 194 387 238 428
bottle 0.0016 221 383 261 427
bottle 0.0012 265 187 280 206
chair 0.0389 293 387 331 496
chair 0.0052 176 373 303 491
chair 0.0020 144 154 297 428
chair 0.0017 256 377 334 495
chair 0.0015 0 275 28 453
diningtable 0.0023 239 201 308 239
diningtable 0.0017 236 184 288 222
diningtable 0.0014 136 374 307 488
person 0.9481 13 75 212 509
person 0.4087 172 273 303 475
person 0.0175 84 242 302 488
person 0.0109 55 80 322 498
person 0.0026 205 357 274 450
person 0.0013 10 289 218 496
