bicycle 0.0135 289 337 519 372
bicycle 0.0024 399 354 502 376
bicycle 0.0011 446 345 505 378
boat 0.1504 42 91 162 283
boat 0.0270 62 120 138 198
boat 0.0256 114 18 250 356
boat 0.0069 85 117 169 206
boat 0.0033 4 40 106 277
boat 0.0025 64 139 141 234
boat 0.0016 64 137 127 176
bottle 0.0063 266 79 307 125
bottle 0.0029 256 64 314 143
bottle 0.0021 273 83 293 135
bottle 0.0013 276 88 314 131
chair 0.0100 4 99 36 271
chair 0.0013 35 121 166 307
person 0.9028 144 -7 297 327
person 0.8849 335 6 473 372
person 0.5025 329 7 416 316
person 0.3690 65 54 105 154
person 0.3060 162 103 271 369
person 0.0722 112 57 154 152
person 0.0515 63 71 121 176
person 0.0413 1 107 44 381
person 0.0361 388 1 474 271
person 0.0334 63 54 95 99
person 0.0263 228 21 325 355
person 0.0134 2 90 37 232
person 0.0113 38 50 89 150
person 0.0110 341 25 398 117
person 0.0102 55 37 137 224
person 0.0091 0 35 53 284
person 0.0083 378 109 482 364
person 0.0054 76 24 175 245
person 0.0049 3 123 34 307
person 0.0047 1 179 32 363
person 0.0045 69 65 88 150
person 0.0043 309 116 426 358
person 0.0041 48 73 87 124
person 0.0029 114 7 252 268
person 0.0029 0 151 14 268
person 0.0026 333 5 403 85
person 0.0023 3 47 50 154
person 0.0022 163 199 208 349
person 0.0021 135 182 234 361
person 0.0021 115 85 137 155
person 0.0021 0 125 10 379
person 0.0019 440 42 503 392
person 0.0017 258 21 404 355
person 0.0016 37 96 53 152
person 0.0015 25 78 80 175
person 0.0013 0 275 31 377
person 0.0013 0 74 12 200
person 0.0011 57 85 77 159
person 0.0011 3 122 113 366
person 0.0011 131 88 148 155
