bottle 0.0112 212 349 293 375
bottle 0.0106 246 351 323 376
bottle 0.0046 220 360 304 376
bottle 0.0031 249 364 302 375
bottle 0.0025 187 338 317 375
bottle 0.0021 1 243 39 362
bottle 0.0018 16 362 46 375
bottle 0.0016 0 330 11 376
bottle 0.0012 270 364 325 375
bottle 0.0011 0 238 11 352
bottle 0.0011 141 341 214 375
horse 0.0731 230 119 416 364
horse 0.0089 85 171 404 371
person 0.7926 196 35 395 340
person 0.6998 43 -9 287 324
person 0.0656 37 170 315 371
person 0.0183 212 50 377 225
person 0.0174 187 44 306 223
person 0.0064 11 27 187 405
person 0.0042 2 187 123 369
person 0.0026 115 20 297 247
person 0.0014 54 7 277 148
person 0.0012 99 0 154 33
person 0.0012 223 57 281 196
