bottle 0.0010 97 162 115 187
person 0.4926 34 81 243 430
person 0.3730 428 110 486 254
person 0.2699 182 111 381 442
person 0.2521 1 84 98 419
person 0.1227 283 100 431 409
person 0.1053 355 101 459 343
person 0.0560 36 61 162 301
person 0.0523 376 113 445 248
person 0.0168 0 76 69 299
person 0.0165 107 97 315 426
person 0.0136 16 100 78 203
person 0.0131 446 147 492 272
person 0.0082 397 110 488 321
person 0.0080 1 88 56 224
person 0.0062 58 93 128 203
person 0.0059 68 84 260 298
person 0.0049 64 49 136 131
person 0.0034 -3 189 73 434
person 0.0029 352 122 388 166
person 0.0026 335 112 394 188
person 0.0025 51 44 151 197
person 0.0023 0 115 11 301
person 0.0021 28 118 73 172
person 0.0020 33 101 68 153
person 0.0018 219 107 340 352
person 0.0017 301 94 414 284
person 0.0016 81 49 172 123
person 0.0014 487 144 499 274
person 0.0012 460 169 497 327
person 0.0012 12 319 78 438
person 0.0010 287 80 364 163
person 0.0010 9 152 90 277
