bicycle 0.0012 133 297 305 493
car 0.0737 305 193 372 231
car 0.0207 324 189 375 218
car 0.0047 358 185 375 209
car 0.0040 -5 0 255 124
car 0.0018 320 178 380 237
car 0.0012 332 190 371 209
car 0.0010 349 182 377 223
dog 0.0014 252 470 306 499
person 0.6489 93 145 204 489
person 0.4213 42 156 114 424
person 0.3847 188 129 305 506
person 0.0904 1 182 39 311
person 0.0769 239 89 312 341
person 0.0679 0 171 81 421
person 0.0438 21 173 56 231
person 0.0302 175 93 306 350
person 0.0300 0 184 11 249
person 0.0253 4 183 37 244
person 0.0192 7 191 65 307
person 0.0188 0 206 47 453
person 0.0182 0 167 9 310
person 0.0115 52 162 108 329
person 0.0044 41 177 66 233
person 0.0044 0 185 15 223
person 0.0039 -2 155 49 347
person 0.0039 0 209 32 278
person 0.0038 28 179 46 234
person 0.0038 325 249 375 339
person 0.0019 116 117 259 476
person 0.0015 16 218 60 272
person 0.0014 115 173 132 199
person 0.0014 80 156 125 200
person 0.0010 24 161 62 208
person 0.0010 0 304 31 493
person 0.0010 233 141 266 190
