car 0.0376 2 242 51 368
car 0.0244 0 126 271 354
car 0.0036 5 177 101 362
car 0.0035 10 285 83 375
car 0.0016 0 306 45 357
car 0.0010 -3 340 46 373
chair 0.0017 460 224 498 382
chair 0.0013 445 292 500 375
person 0.3083 141 36 372 288
person 0.0155 0 63 428 362
person 0.0057 0 187 56 361
person 0.0037 55 356 142 376
person 0.0027 223 82 508 346
person 0.0019 79 356 184 375
person 0.0017 15 349 96 374
person 0.0016 76 364 131 374
person 0.0014 441 63 502 313
person 0.0010 490 189 500 313
tvmonitor 0.0349 3 211 47 337
tvmonitor 0.0071 6 148 118 336
tvmonitor 0.0054 301 93 503 293
tvmonitor 0.0050 4 113 260 334
tvmonitor 0.0040 1 220 26 286
tvmonitor 0.0038 0 209 14 296
tvmonitor 0.0022 0 247 43 294
tvmonitor 0.0013 0 235 10 325
tvmonitor 0.0010 0 229 44 277
