car 0.0031 60 19 436 298
horse 0.5578 225 185 287 285
horse 0.5011 230 169 278 257
horse 0.0447 213 175 305 311
horse 0.0206 248 198 300 285
horse 0.0013 239 208 275 266
horse 0.0010 263 211 293 267
person 0.5460 225 165 277 231
person 0.0167 241 166 265 221
person 0.0092 231 179 262 233
person 0.0059 228 173 249 240
person 0.0047 237 164 272 203
person 0.0021 283 218 302 280
person 0.0020 357 120 396 155
person 0.0019 154 117 350 263
person 0.0018 270 218 291 277
person 0.0017 362 124 389 149
pottedplant 0.2364 147 271 347 380
pottedplant 0.0769 379 213 503 334
pottedplant 0.0197 373 222 411 260
pottedplant 0.0190 405 73 495 245
pottedplant 0.0137 419 114 487 211
pottedplant 0.0096 366 213 421 276
pottedplant 0.0064 392 207 488 291
pottedplant 0.0044 233 290 333 381
pottedplant 0.0023 -3 121 60 191
pottedplant 0.0023 445 216 499 332
pottedplant 0.0023 27 118 72 156
pottedplant 0.0023 8 189 189 356
pottedplant 0.0023 370 101 517 328
pottedplant 0.0021 46 238 310 369
pottedplant 0.0017 437 128 500 231
pottedplant 0.0012 25 131 71 173
pottedplant 0.0012 16 104 78 168
pottedplant 0.0011 408 225 473 260
pottedplant 0.0011 1 227 123 373
pottedplant 0.0010 336 209 406 283
