bicycle 0.1880 315 257 473 355
bicycle 0.0020 132 344 209 372
bicycle 0.0013 110 333 230 373
person 0.9515 354 192 441 342
person 0.7758 136 173 220 363
person 0.2808 32 202 67 271
person 0.2750 484 221 500 277
person 0.2023 0 205 12 273
person 0.1266 455 231 476 275
person 0.0474 64 209 94 269
person 0.0391 197 202 218 252
person 0.0380 305 220 327 262
person 0.0366 57 208 77 269
person 0.0356 459 205 492 281
person 0.0334 285 229 302 263
person 0.0287 450 229 468 273
person 0.0217 8 195 38 281
person 0.0191 481 195 499 253
person 0.0101 147 184 218 261
person 0.0099 474 211 499 269
person 0.0063 488 227 500 297
person 0.0059 420 212 437 259
person 0.0055 442 214 461 264
person 0.0054 416 202 467 291
person 0.0045 179 190 227 260
person 0.0042 459 215 483 269
person 0.0042 321 215 337 257
person 0.0042 188 213 221 262
person 0.0030 250 223 273 259
person 0.0025 265 224 306 261
person 0.0021 434 204 455 249
person 0.0019 286 225 313 261
person 0.0019 464 196 496 250
person 0.0018 420 198 460 248
person 0.0017 482 223 499 253
person 0.0015 0 164 8 363
person 0.0015 22 207 39 267
person 0.0014 373 90 414 121
person 0.0011 297 213 341 273
person 0.0011 463 203 485 246
person 0.0010 0 170 16 220
person 0.0010 262 231 281 263
person 0.0010 485 252 500 275
pottedplant 0.0184 256 157 340 234
pottedplant 0.0032 268 171 324 213
pottedplant 0.0025 229 132 359 256
pottedplant 0.0010 285 155 306 177
