bottle 0.0317 338 200 371 248
bottle 0.0139 343 183 362 243
bottle 0.0088 330 176 386 255
bottle 0.0040 341 206 360 261
bottle 0.0014 355 204 390 243
chair 0.0056 398 196 498 332
chair 0.0023 456 204 500 333
chair 0.0013 74 192 422 333
chair 0.0012 404 253 488 331
person 0.7732 300 73 450 322
person 0.3523 3 92 122 332
person 0.3290 194 44 379 344
person 0.0593 17 80 170 271
person 0.0527 13 87 248 340
person 0.0244 317 71 466 223
person 0.0129 396 105 495 334
person 0.0067 0 101 63 331
person 0.0050 445 114 500 328
person 0.0047 463 143 500 295
person 0.0038 218 130 439 336
person 0.0035 116 145 385 333
person 0.0034 16 255 92 332
person 0.0028 86 39 346 300
person 0.0010 465 112 501 221
person 0.0010 486 114 500 231
