bottle 0.0051 167 383 191 438
bottle 0.0021 193 389 231 437
bottle 0.0012 192 409 231 451
person 0.9828 166 76 256 432
person 0.6465 0 243 95 486
person 0.5622 78 144 178 497
person 0.0574 168 33 257 247
person 0.0083 66 221 85 290
person 0.0060 141 183 236 458
person 0.0032 0 221 46 451
person 0.0029 178 36 246 161
person 0.0027 18 182 46 224
person 0.0016 336 229 364 331
person 0.0014 57 218 72 293
person 0.0013 70 106 183 338
person 0.0013 60 212 94 291
person 0.0013 347 171 362 236
person 0.0012 78 217 92 297
person 0.0012 11 290 186 496
person 0.0010 0 233 7 436
person 0.0010 164 238 206 407
person 0.0010 95 220 273 493
tvmonitor 0.0091 332 70 362 116
tvmonitor 0.0022 332 54 365 142
tvmonitor 0.0013 334 74 353 102
