car 0.0034 257 40 318 202
chair 0.0010 206 142 311 239
diningtable 0.0059 163 36 301 135
diningtable 0.0023 205 60 263 110
person 0.9004 71 70 249 241
person 0.0061 0 0 69 203
person 0.0027 43 82 186 233
person 0.0026 257 50 317 228
person 0.0026 -2 2 34 198
person 0.0025 40 14 237 194
person 0.0022 122 23 295 143
person 0.0016 169 52 298 185
pottedplant 0.0165 59 159 100 223
pottedplant 0.0076 67 166 94 193
pottedplant 0.0059 50 148 88 208
pottedplant 0.0011 64 174 97 208
pottedplant 0.0010 54 160 82 194
sofa 0.0015 200 44 316 193
tvmonitor 0.0119 175 53 294 148
tvmonitor 0.0083 204 74 269 125
