bus 0.0024 -30 6 315 311
chair 0.0107 200 0 341 105
diningtable 0.0022 -37 32 323 345
person 0.8822 206 198 277 368
person 0.1574 263 196 330 386
person 0.0989 229 210 312 374
person 0.0934 201 218 253 353
person 0.0363 248 222 293 368
person 0.0058 1 -1 34 115
person 0.0033 290 200 337 316
person 0.0032 279 184 328 282
person 0.0025 34 11 84 109
person 0.0023 269 265 324 377
person 0.0021 295 -12 336 325
person 0.0018 309 -1 336 110
person 0.0015 294 214 335 433
person 0.0014 -1 74 23 236
person 0.0014 267 135 335 331
person 0.0013 210 274 275 366
person 0.0012 242 -1 338 108
person 0.0010 8 1 66 111
