boat 0.0932 156 24 326 400
boat 0.0117 29 -1 350 417
person 0.9456 134 305 205 401
person 0.9312 278 306 324 423
person 0.5051 87 325 120 400
person 0.2222 26 333 58 425
person 0.1799 322 354 347 398
person 0.0324 321 357 337 401
person 0.0118 314 334 350 416
person 0.0107 27 339 44 415
person 0.0084 105 270 229 410
person 0.0079 41 340 58 411
person 0.0068 319 366 347 415
person 0.0053 288 306 322 361
person 0.0031 348 360 362 384
person 0.0028 89 327 108 391
person 0.0025 157 311 200 365
person 0.0020 284 362 322 424
person 0.0016 362 364 374 384
person 0.0014 337 344 367 392
person 0.0013 282 335 315 409
person 0.0011 33 336 59 387
