bottle 0.0174 1 241 59 371
chair 0.1367 9 -2 168 143
chair 0.0440 -5 20 126 182
chair 0.0235 -1 2 41 141
chair 0.0074 166 223 402 373
chair 0.0062 38 28 142 116
chair 0.0038 123 281 442 376
chair 0.0036 3 0 121 105
chair 0.0033 44 -3 123 82
chair 0.0025 -2 59 35 200
chair 0.0018 3 39 183 222
dog 0.0018 -1 255 64 387
dog 0.0014 124 334 369 373
person 0.9490 118 37 383 394
person 0.1632 185 -3 440 327
person 0.0114 0 110 49 379
person 0.0093 30 110 323 377
person 0.0060 -17 -8 357 331
person 0.0036 2 209 48 344
person 0.0024 -3 135 31 296
person 0.0011 0 114 9 332
