aeroplane 0.0016 225 41 344 196
bottle 0.0030 94 303 111 334
person 0.5563 194 116 309 328
person 0.4680 339 146 440 331
person 0.4600 158 129 267 326
person 0.1927 1 110 94 340
person 0.1565 48 122 85 204
person 0.0873 433 98 496 340
person 0.0818 1 116 38 220
person 0.0214 122 118 164 204
person 0.0152 -1 100 53 291
person 0.0146 144 120 187 203
person 0.0071 0 113 17 209
person 0.0050 -1 113 14 158
person 0.0042 0 122 16 278
person 0.0041 16 115 37 138
person 0.0036 235 149 322 327
person 0.0034 4 118 38 165
person 0.0033 0 116 15 137
person 0.0027 225 104 291 182
person 0.0023 264 47 304 141
person 0.0021 12 115 44 152
person 0.0020 116 118 137 200
person 0.0018 3 164 44 320
person 0.0018 0 107 12 145
person 0.0018 387 36 494 250
person 0.0017 324 114 422 286
person 0.0017 34 125 56 199
person 0.0015 305 133 324 192
person 0.0015 60 130 114 202
person 0.0012 338 157 402 281
person 0.0011 74 128 92 195
person 0.0010 0 193 69 339
person 0.0010 1 250 54 333
person 0.0010 39 132 77 240
person 0.0010 167 162 242 276
pottedplant 0.0033 292 258 351 329
