bicycle 0.0015 34 -14 311 296
bottle 0.0171 206 209 227 246
bottle 0.0039 192 207 208 244
bottle 0.0034 200 214 236 250
bottle 0.0016 209 222 230 248
bottle 0.0014 179 202 195 243
bottle 0.0013 187 208 222 246
bottle 0.0010 189 224 206 247
chair 0.0043 319 195 483 329
diningtable 0.0475 56 209 364 331
person 0.8877 252 114 481 328
person 0.0326 142 148 446 336
person 0.0127 231 195 428 327
person 0.0041 203 82 393 307
person 0.0037 370 151 498 332
pottedplant 0.0045 264 98 309 181
pottedplant 0.0042 11 60 106 323
pottedplant 0.0042 263 109 299 155
pottedplant 0.0018 21 26 168 311
