bottle 0.0102 350 298 391 332
bottle 0.0030 152 269 265 321
bottle 0.0029 331 291 405 332
bottle 0.0027 139 297 228 327
bottle 0.0019 99 293 257 331
bottle 0.0018 145 287 222 312
bottle 0.0016 344 312 399 332
bottle 0.0011 109 314 217 332
diningtable 0.0014 32 253 544 329
person 0.9292 59 12 520 319
person 0.0186 231 -4 494 247
person 0.0175 226 88 500 331
person 0.0147 -11 58 359 331
person 0.0034 0 98 200 330
person 0.0025 -1 11 50 322
person 0.0023 384 -23 500 306
person 0.0020 446 -13 500 295
person 0.0019 3 20 112 316
person 0.0019 3 251 413 332
person 0.0016 19 202 479 326
person 0.0010 15 306 87 332
