bottle 0.0039 107 332 127 373
bottle 0.0016 238 45 282 82
bottle 0.0012 99 340 151 374
person 0.9693 57 186 160 371
person 0.8348 250 38 485 335
person 0.0712 66 110 512 379
person 0.0253 -12 -17 442 337
person 0.0145 375 33 493 339
person 0.0123 313 35 490 242
person 0.0111 86 193 160 302
person 0.0077 468 99 499 275
person 0.0065 40 181 292 371
person 0.0051 452 43 501 327
person 0.0049 1 184 129 366
person 0.0027 223 59 289 129
person 0.0025 19 -3 251 321
person 0.0019 133 -1 213 26
person 0.0014 43 106 213 343
sofa 0.0014 19 221 408 374
tvmonitor 0.0120 56 6 204 137
tvmonitor 0.0043 84 28 174 112
