bicycle 0.0479 49 277 378 376
bicycle 0.0021 171 289 251 371
boat 0.0045 181 283 470 376
boat 0.0015 24 276 245 373
bottle 0.0025 228 300 245 351
chair 0.0029 1 282 57 371
chair 0.0011 3 285 104 375
person 0.9148 168 105 340 371
person 0.5042 60 198 155 358
person 0.3201 1 169 69 374
person 0.0370 445 295 495 376
person 0.0174 0 163 59 271
person 0.0112 453 246 498 367
person 0.0055 17 237 88 365
person 0.0048 71 170 278 377
person 0.0028 445 165 503 382
person 0.0024 450 332 494 375
person 0.0024 484 287 499 360
person 0.0022 388 232 498 376
person 0.0020 460 212 501 338
person 0.0018 406 326 493 377
person 0.0016 66 243 134 353
person 0.0014 0 273 115 372
person 0.0010 86 248 162 350
person 0.0010 84 202 161 296
