bottle 0.0083 174 337 226 372
bottle 0.0072 0 278 58 373
bottle 0.0041 0 330 14 375
bottle 0.0034 145 353 221 375
bottle 0.0028 135 340 181 373
bottle 0.0018 130 352 192 375
bottle 0.0017 140 337 160 374
bottle 0.0012 142 358 172 375
car 0.0038 0 245 55 372
chair 0.0106 129 174 277 364
chair 0.0072 410 295 491 374
chair 0.0027 313 283 496 370
chair 0.0022 228 248 276 352
chair 0.0018 83 230 137 323
chair 0.0014 175 183 326 359
chair 0.0012 345 303 458 372
person 0.7920 135 10 271 357
person 0.7446 246 45 381 392
person 0.4919 103 108 247 376
person 0.1072 3 106 47 378
person 0.0751 402 228 501 376
person 0.0708 460 237 500 373
person 0.0547 1 100 35 281
person 0.0120 80 223 196 367
person 0.0109 143 15 264 201
person 0.0078 4 156 37 326
person 0.0055 159 118 342 370
person 0.0047 4 25 271 353
person 0.0041 485 255 499 360
person 0.0036 254 35 375 245
person 0.0032 6 89 99 345
person 0.0032 0 125 10 295
person 0.0030 0 188 14 314
person 0.0026 443 180 498 374
person 0.0020 315 223 495 376
person 0.0019 0 220 62 380
person 0.0015 466 168 499 328
person 0.0015 383 94 498 344
person 0.0014 94 220 150 332
pottedplant 0.0019 -2 76 32 185
