car 0.0171 -6 354 105 376
car 0.0056 -10 340 131 377
car 0.0024 71 170 281 369
chair 0.0033 4 294 106 375
chair 0.0018 17 255 87 354
chair 0.0013 24 223 172 374
person 0.4714 63 140 148 358
person 0.2942 225 129 433 373
person 0.2744 390 123 490 372
person 0.1707 0 139 46 349
person 0.1150 446 134 500 365
person 0.1072 38 136 85 233
person 0.0914 132 133 365 370
person 0.0521 222 146 274 218
person 0.0371 15 140 98 350
person 0.0345 466 144 500 235
person 0.0268 333 148 477 381
person 0.0202 108 148 249 353
person 0.0177 2 140 43 234
person 0.0160 372 134 437 240
person 0.0124 272 168 306 214
person 0.0118 470 148 500 188
person 0.0100 402 121 471 247
person 0.0067 261 158 312 223
person 0.0060 0 132 12 200
person 0.0057 242 146 274 186
person 0.0049 487 136 500 337
person 0.0043 358 121 465 315
person 0.0040 272 165 294 191
person 0.0036 477 151 499 177
person 0.0036 272 189 310 232
person 0.0033 3 140 40 184
person 0.0032 259 174 321 248
person 0.0028 481 159 500 256
person 0.0025 30 186 80 298
person 0.0022 0 135 13 252
person 0.0022 44 137 86 189
person 0.0022 0 131 11 373
person 0.0021 74 130 133 239
person 0.0019 268 109 458 272
person 0.0018 371 140 389 189
person 0.0016 468 155 485 178
person 0.0015 378 140 420 182
person 0.0014 465 154 484 208
person 0.0014 216 162 288 257
person 0.0014 139 158 209 268
person 0.0013 0 226 36 374
person 0.0013 94 135 152 227
person 0.0012 373 133 409 176
person 0.0011 459 167 479 223
person 0.0011 213 171 234 210
person 0.0011 8 150 49 204
person 0.0010 283 143 369 229
person 0.0010 481 143 500 163
sofa 0.0048 83 168 338 368
