bicycle 0.3968 6 283 216 444
bicycle 0.0014 92 250 226 415
bus 0.0023 0 146 27 288
car 0.0399 133 247 191 275
car 0.0073 133 262 190 296
car 0.0070 123 254 199 320
car 0.0044 118 236 207 282
car 0.0027 125 257 185 285
car 0.0016 115 239 169 278
car 0.0012 107 244 179 338
car 0.0011 166 238 214 268
person 0.9478 48 218 165 415
person 0.3400 217 225 262 336
person 0.0352 223 221 255 278
person 0.0213 76 224 139 367
person 0.0180 321 233 328 360
person 0.0107 0 -9 76 288
person 0.0074 320 208 327 307
person 0.0064 257 -9 327 284
person 0.0043 0 -3 38 286
person 0.0034 296 229 323 278
person 0.0032 298 96 328 254
person 0.0030 320 171 327 273
person 0.0029 178 247 193 274
person 0.0028 60 250 128 390
person 0.0028 277 233 314 274
person 0.0024 309 240 328 404
person 0.0024 283 2 329 119
person 0.0022 322 258 328 447
person 0.0017 197 243 213 271
person 0.0016 320 260 327 289
person 0.0015 224 242 255 319
person 0.0013 190 251 205 273
person 0.0013 319 95 327 270
person 0.0013 217 259 230 284
person 0.0012 204 190 276 328
person 0.0011 199 224 213 268
person 0.0011 213 249 229 279
person 0.0010 68 220 150 294
person 0.0010 1 188 31 302
