bus 0.0013 74 226 134 239
car 0.0055 238 228 292 240
car 0.0028 249 214 282 239
car 0.0027 255 222 301 240
car 0.0019 247 232 281 240
car 0.0018 237 232 268 240
car 0.0018 300 213 320 239
diningtable 0.0063 81 218 127 237
diningtable 0.0011 68 216 145 240
person 0.8777 112 42 196 237
person 0.0452 104 30 256 249
person 0.0152 299 151 319 239
person 0.0108 249 136 281 218
person 0.0105 95 143 222 240
person 0.0090 1 65 35 244
person 0.0062 222 158 251 233
person 0.0054 224 114 298 238
person 0.0052 310 153 319 225
person 0.0051 258 138 294 213
person 0.0036 308 211 318 240
person 0.0036 10 26 217 251
person 0.0033 179 78 284 239
person 0.0031 1 -18 70 222
person 0.0023 192 164 231 225
person 0.0021 0 59 28 146
person 0.0021 310 193 320 238
person 0.0020 289 109 319 241
person 0.0020 248 139 309 245
person 0.0019 311 103 319 165
person 0.0018 21 211 98 240
person 0.0017 67 232 93 240
person 0.0017 298 109 319 205
person 0.0014 312 111 320 192
person 0.0014 135 143 179 206
person 0.0013 54 227 104 240
person 0.0013 0 -7 34 176
person 0.0012 0 101 71 241
person 0.0011 112 41 198 139
person 0.0010 33 172 240 242
person 0.0010 78 234 102 240
person 0.0010 50 213 122 240
