bottle 0.0403 248 299 309 372
bottle 0.0126 257 310 300 359
bottle 0.0062 231 328 330 377
bottle 0.0050 249 339 311 374
bottle 0.0050 261 293 298 330
bottle 0.0042 252 261 311 353
bottle 0.0037 217 343 295 374
bottle 0.0030 1 119 15 181
bottle 0.0010 266 300 295 324
chair 0.0196 47 156 370 375
chair 0.0015 401 324 499 379
person 0.8152 46 102 302 373
person 0.5285 192 104 464 380
person 0.0086 115 73 376 317
person 0.0022 482 112 499 185
person 0.0020 379 110 496 375
person 0.0016 0 110 188 380
person 0.0015 168 214 406 377
person 0.0014 464 31 495 173
person 0.0013 470 79 499 183
person 0.0012 184 117 250 196
person 0.0012 1 -5 186 150
person 0.0012 13 224 262 373
person 0.0012 443 296 497 374
person 0.0011 271 56 455 279
