car 0.0062 32 98 67 111
car 0.0038 -3 129 49 236
car 0.0032 20 98 42 113
car 0.0020 17 96 75 117
car 0.0019 -2 79 54 350
car 0.0012 2 66 117 251
cat 0.0079 280 145 390 217
cat 0.0024 202 112 450 260
cat 0.0016 309 133 398 198
chair 0.0184 72 44 429 283
chair 0.0180 211 91 288 163
chair 0.0050 220 102 280 147
chair 0.0044 203 120 295 199
chair 0.0034 160 16 330 179
chair 0.0013 237 92 333 169
chair 0.0012 54 210 365 374
diningtable 0.0046 138 128 508 371
person 0.7377 71 136 339 368
person 0.0443 471 100 501 220
person 0.0129 192 -8 293 152
person 0.0043 36 22 394 303
person 0.0028 468 37 499 174
person 0.0027 253 -9 394 149
person 0.0023 482 84 499 191
person 0.0017 445 79 500 349
person 0.0017 297 124 500 374
person 0.0015 472 101 499 164
person 0.0014 -2 114 50 373
person 0.0012 130 115 150 156
person 0.0011 96 102 156 172
sofa 0.3568 49 137 435 366
sofa 0.0300 72 91 499 285
