boat 0.0010 5 51 257 326
bottle 0.0572 349 330 384 374
bottle 0.0142 343 310 377 372
bottle 0.0044 338 237 358 263
bottle 0.0038 332 236 352 261
bottle 0.0033 333 232 365 268
bottle 0.0030 337 349 385 374
bottle 0.0023 341 215 359 263
bottle 0.0017 330 230 352 253
bottle 0.0015 464 39 483 93
bottle 0.0014 332 214 351 264
bottle 0.0011 480 37 499 93
bus 0.0058 -4 28 184 240
chair 0.0301 31 177 69 237
chair 0.0135 463 38 502 161
chair 0.0135 2 178 102 371
chair 0.0053 20 182 76 295
chair 0.0048 466 237 500 368
chair 0.0045 38 181 232 369
chair 0.0033 49 176 140 249
chair 0.0024 0 233 37 374
chair 0.0021 65 193 122 234
chair 0.0020 392 296 487 374
chair 0.0018 7 201 52 242
chair 0.0017 388 4 497 134
chair 0.0016 376 331 506 375
chair 0.0015 405 27 477 120
chair 0.0015 321 222 486 371
chair 0.0011 441 2 502 145
chair 0.0011 455 284 499 378
chair 0.0011 46 187 77 233
chair 0.0011 157 220 403 372
chair 0.0010 30 212 74 261
chair 0.0010 398 344 487 375
person 0.8609 157 71 337 365
person 0.7032 315 105 487 376
person 0.4888 24 158 69 231
person 0.0889 204 77 454 365
person 0.0767 0 177 35 366
person 0.0352 6 163 49 269
person 0.0302 195 39 358 289
person 0.0071 0 177 15 271
person 0.0056 2 149 61 235
person 0.0050 151 176 215 249
person 0.0050 156 171 199 217
person 0.0046 77 86 282 353
person 0.0041 486 114 499 243
person 0.0035 158 187 202 230
person 0.0030 453 116 498 368
person 0.0027 165 164 239 262
person 0.0024 470 93 500 223
person 0.0023 37 161 61 226
person 0.0022 -2 122 57 312
person 0.0022 255 60 326 143
person 0.0022 373 51 495 335
person 0.0021 147 181 185 228
person 0.0020 470 123 499 309
person 0.0019 29 145 70 187
person 0.0019 0 156 12 233
person 0.0016 126 213 383 372
person 0.0014 0 174 15 358
person 0.0013 17 120 79 211
person 0.0011 113 193 167 230
person 0.0011 274 52 468 281
person 0.0010 148 199 213 288
tvmonitor 0.0653 -1 37 120 224
tvmonitor 0.0077 -1 71 58 177
tvmonitor 0.0027 -2 51 69 259
tvmonitor 0.0021 1 106 54 208
tvmonitor 0.0010 413 0 474 27
