person 0.6042 37 164 88 316
person 0.5386 313 185 398 356
person 0.4903 148 172 203 302
person 0.1986 309 186 370 301
person 0.0822 252 208 299 278
person 0.0197 67 186 113 298
person 0.0165 216 274 297 373
person 0.0114 462 242 500 368
person 0.0110 320 184 389 266
person 0.0090 252 228 411 375
person 0.0069 190 242 322 373
person 0.0059 31 258 87 348
person 0.0037 465 190 499 302
person 0.0034 110 193 153 298
person 0.0032 174 282 243 370
person 0.0031 173 193 226 294
person 0.0030 -1 181 40 310
person 0.0028 143 268 201 345
person 0.0025 245 259 313 350
person 0.0022 150 280 190 322
person 0.0022 113 248 147 297
person 0.0020 0 252 45 353
person 0.0020 261 200 297 252
person 0.0019 136 178 214 358
person 0.0017 247 214 285 260
person 0.0017 259 147 409 298
person 0.0016 115 273 307 376
person 0.0013 36 230 151 372
person 0.0013 0 195 13 308
person 0.0012 60 253 129 353
person 0.0010 124 113 284 330
person 0.0010 39 278 80 325
