chair 0.1148 303 244 489 331
chair 0.0046 64 143 516 329
chair 0.0017 455 251 497 331
chair 0.0013 402 254 489 327
person 0.9677 80 25 493 308
person 0.4158 11 49 340 336
person 0.0492 26 195 242 335
person 0.0088 127 13 370 236
person 0.0074 4 26 107 256
person 0.0040 3 129 110 312
person 0.0039 142 151 500 326
person 0.0029 7 239 192 330
person 0.0023 302 30 496 302
sofa 0.0073 10 193 405 333
sofa 0.0014 74 242 505 332
tvmonitor 0.0250 -4 0 62 65
tvmonitor 0.0086 -4 0 113 82
tvmonitor 0.0022 -3 13 53 50
tvmonitor 0.0010 11 120 86 210
