bottle 0.0027 55 213 76 260
bottle 0.0020 262 185 467 365
bottle 0.0016 59 227 78 274
bottle 0.0014 1 185 16 289
chair 0.0060 113 216 177 321
chair 0.0021 66 230 126 310
chair 0.0016 77 245 118 293
chair 0.0014 75 222 115 272
diningtable 0.1033 104 238 474 374
diningtable 0.0040 219 290 514 375
person 0.7998 161 190 263 346
person 0.5752 -2 139 93 350
person 0.3439 277 -29 397 342
person 0.2756 182 191 244 310
person 0.1412 392 164 501 330
person 0.0646 353 -13 451 330
person 0.0474 20 166 82 260
person 0.0360 3 131 60 257
person 0.0196 144 230 354 371
person 0.0180 12 0 91 50
person 0.0180 383 30 504 349
person 0.0107 2 234 102 370
person 0.0075 18 187 87 299
person 0.0074 34 164 76 213
person 0.0067 197 230 288 314
person 0.0063 317 180 498 359
person 0.0060 75 197 211 347
person 0.0060 133 196 221 306
person 0.0047 34 187 80 234
person 0.0041 183 247 251 350
person 0.0037 2 185 174 361
person 0.0032 -5 252 66 348
person 0.0027 291 291 507 373
person 0.0026 101 0 141 42
person 0.0024 441 -4 503 321
person 0.0023 3 1 48 42
person 0.0023 33 140 79 182
person 0.0022 200 209 280 288
person 0.0022 80 0 126 41
person 0.0021 388 217 496 378
person 0.0021 375 0 433 34
person 0.0020 454 171 499 315
person 0.0020 61 175 120 262
person 0.0015 488 159 499 315
person 0.0014 433 174 497 367
person 0.0014 4 -9 108 156
person 0.0013 -5 287 57 374
person 0.0012 2 173 58 311
person 0.0012 22 128 153 306
person 0.0011 175 342 245 373
person 0.0011 296 0 428 224
person 0.0010 376 187 428 306
tvmonitor 0.0013 23 128 92 200
