bicycle 0.0011 65 195 210 337
bottle 0.0015 142 205 188 246
car 0.0043 -1 262 36 330
car 0.0037 0 282 29 315
car 0.0026 0 259 18 319
diningtable 0.0011 10 195 180 340
dog 0.0065 142 203 190 327
dog 0.0037 98 195 234 332
person 0.9389 284 27 466 299
person 0.4316 30 1 104 186
person 0.2815 166 32 308 252
person 0.2390 51 12 132 205
person 0.2195 103 19 161 200
person 0.1452 458 59 496 271
person 0.0874 0 182 9 263
person 0.0794 2 -3 33 132
person 0.0648 1 4 48 222
person 0.0510 0 0 13 141
person 0.0505 391 43 482 284
person 0.0333 474 98 500 281
person 0.0249 146 25 203 204
person 0.0194 163 16 207 163
person 0.0185 162 32 410 351
person 0.0184 119 72 162 205
person 0.0181 104 12 145 116
person 0.0152 488 86 499 308
person 0.0147 155 92 320 335
person 0.0123 466 52 498 183
person 0.0097 -1 207 30 329
person 0.0070 0 121 10 250
person 0.0062 298 39 354 128
person 0.0055 0 128 26 253
person 0.0053 299 134 489 333
person 0.0051 0 -6 9 247
person 0.0050 0 -3 13 66
person 0.0045 483 55 499 237
person 0.0039 218 11 272 79
person 0.0038 35 0 96 81
person 0.0035 0 186 10 337
person 0.0027 240 95 429 335
person 0.0022 0 154 46 327
person 0.0020 33 58 86 171
person 0.0018 225 19 264 62
person 0.0015 57 8 118 113
person 0.0014 37 5 59 53
person 0.0012 0 -1 50 31
person 0.0012 8 36 100 238
person 0.0010 242 19 262 41
person 0.0010 342 48 360 92
person 0.0010 0 39 25 101
person 0.0010 37 28 57 87
person 0.0010 484 174 499 298
pottedplant 0.0024 139 201 192 284
pottedplant 0.0012 142 205 190 243
pottedplant 0.0010 145 215 187 259
