bottle 0.9319 281 85 315 187
bottle 0.7539 260 76 296 186
bottle 0.2579 283 93 309 157
bottle 0.1075 254 92 278 162
bottle 0.1019 315 97 352 188
bottle 0.0648 257 118 300 200
bottle 0.0553 267 94 294 157
bottle 0.0428 273 112 321 200
bottle 0.0385 285 73 313 130
bottle 0.0295 248 61 300 143
bottle 0.0257 280 65 320 151
bottle 0.0239 311 109 338 184
bottle 0.0219 298 105 321 184
bottle 0.0162 311 103 341 151
bottle 0.0119 366 101 375 190
bottle 0.0103 251 70 345 193
bottle 0.0098 286 87 306 110
bottle 0.0096 293 98 320 156
bottle 0.0074 286 107 309 140
bottle 0.0067 315 108 335 134
bottle 0.0044 256 109 277 143
bottle 0.0031 269 100 289 183
bottle 0.0030 253 124 273 162
bottle 0.0027 250 133 277 189
bottle 0.0026 269 108 291 140
bottle 0.0025 317 128 345 187
bottle 0.0024 264 81 297 129
bottle 0.0023 329 110 348 181
bottle 0.0021 270 89 290 112
bottle 0.0021 318 101 335 122
bottle 0.0018 296 107 314 138
bottle 0.0018 276 129 307 192
bottle 0.0016 297 93 314 116
bottle 0.0016 250 78 283 130
bottle 0.0015 261 88 278 113
bottle 0.0010 326 110 346 136
chair 0.0059 155 120 212 156
chair 0.0034 145 111 225 168
chair 0.0023 148 123 231 202
chair 0.0022 206 117 239 168
chair 0.0015 187 122 231 169
chair 0.0010 160 139 218 184
diningtable 0.0531 171 185 379 464
diningtable 0.0072 114 51 379 381
person 0.6958 10 66 241 443
person 0.1013 56 151 378 496
person 0.0128 222 109 378 487
person 0.0033 154 116 202 145
person 0.0032 0 114 10 174
person 0.0028 6 72 194 286
person 0.0027 245 62 291 101
person 0.0024 367 38 374 175
person 0.0023 344 21 373 184
person 0.0023 62 63 311 364
person 0.0020 162 119 190 140
person 0.0019 294 13 372 187
person 0.0012 331 92 378 484
person 0.0012 345 224 376 349
person 0.0011 367 85 375 313
person 0.0011 307 55 360 157
person 0.0010 222 48 257 90
pottedplant 0.1098 215 83 264 169
pottedplant 0.0743 236 111 265 170
pottedplant 0.0527 222 112 257 169
pottedplant 0.0226 203 54 252 140
pottedplant 0.0225 208 77 244 132
pottedplant 0.0097 215 66 258 123
pottedplant 0.0078 206 98 245 144
pottedplant 0.0037 243 125 263 159
pottedplant 0.0026 290 75 308 103
pottedplant 0.0021 240 114 262 142
pottedplant 0.0021 227 130 251 158
pottedplant 0.0019 15 5 54 46
pottedplant 0.0017 281 66 312 104
pottedplant 0.0016 243 94 259 159
pottedplant 0.0015 250 52 292 87
pottedplant 0.0010 -1 1 39 38
pottedplant 0.0010 196 44 291 167
tvmonitor 0.0115 181 234 369 481
