boat 0.0105 184 255 477 328
boat 0.0051 233 211 432 322
boat 0.0012 281 240 380 289
bus 0.0019 65 -2 433 282
dog 0.0018 318 202 387 277
person 0.9281 301 107 380 280
person 0.2021 318 110 366 230
person 0.1872 331 119 374 261
person 0.0475 23 110 121 235
person 0.0087 261 142 304 181
person 0.0085 294 199 374 281
person 0.0074 254 132 314 197
person 0.0036 332 107 369 187
person 0.0016 14 68 149 221
person 0.0014 296 254 362 282
person 0.0013 487 17 499 74
person 0.0010 489 191 499 254
sofa 0.0275 52 248 446 329
sofa 0.0012 1 58 354 272
