bottle 0.0014 141 348 200 375
car 0.1735 -3 216 122 341
car 0.0172 10 234 106 315
car 0.0083 2 241 51 358
chair 0.0015 444 301 499 375
motorbike 0.2135 152 227 425 370
motorbike 0.0620 229 214 412 336
motorbike 0.0386 270 237 381 304
motorbike 0.0290 23 214 157 333
motorbike 0.0266 224 287 496 373
motorbike 0.0169 67 212 139 289
motorbike 0.0105 291 205 371 284
motorbike 0.0065 242 214 332 282
motorbike 0.0039 210 196 362 305
motorbike 0.0026 255 249 325 290
motorbike 0.0026 69 273 360 371
motorbike 0.0023 305 222 357 265
motorbike 0.0022 262 268 383 333
motorbike 0.0022 295 249 362 291
motorbike 0.0010 272 229 323 273
motorbike 0.0010 285 231 349 273
person 0.4324 409 186 446 261
person 0.2921 144 196 179 288
person 0.2252 183 190 225 287
person 0.1945 388 187 431 263
person 0.1461 459 176 492 255
person 0.1254 342 190 401 292
person 0.0761 65 228 133 313
person 0.0577 401 203 421 263
person 0.0568 0 233 16 273
person 0.0285 442 199 464 249
person 0.0260 12 229 45 270
person 0.0259 119 204 175 288
person 0.0234 124 230 307 370
person 0.0216 220 223 286 316
person 0.0196 458 189 479 257
person 0.0195 422 201 444 264
person 0.0115 353 185 398 258
person 0.0107 3 227 48 322
person 0.0091 326 227 397 306
person 0.0089 397 180 419 242
person 0.0078 405 327 491 375
person 0.0068 485 185 499 263
person 0.0067 77 209 95 238
person 0.0058 0 229 12 331
person 0.0056 380 194 401 250
person 0.0055 95 208 118 234
person 0.0054 79 243 123 297
person 0.0051 77 218 125 265
person 0.0048 446 188 464 233
person 0.0048 313 191 350 236
person 0.0047 387 182 407 238
person 0.0047 214 251 286 353
person 0.0040 346 327 466 373
person 0.0036 36 226 79 266
person 0.0035 65 255 122 333
person 0.0034 388 0 429 40
person 0.0033 3 244 40 294
person 0.0031 86 206 128 239
person 0.0030 184 217 236 318
person 0.0029 97 230 170 302
person 0.0029 174 195 191 277
person 0.0027 173 246 244 361
person 0.0026 447 337 498 374
person 0.0025 342 184 364 230
person 0.0025 208 195 224 247
person 0.0024 260 226 316 267
person 0.0024 106 208 130 231
person 0.0022 78 271 115 319
person 0.0022 102 206 140 241
person 0.0020 449 2 498 37
person 0.0020 347 212 394 269
person 0.0019 403 0 425 46
person 0.0019 364 184 394 234
person 0.0018 447 200 463 223
person 0.0017 487 160 500 233
person 0.0016 123 198 166 239
person 0.0014 420 1 440 42
person 0.0014 445 173 463 220
person 0.0014 367 341 446 375
person 0.0014 485 72 499 142
person 0.0013 231 245 280 293
person 0.0013 231 218 273 270
person 0.0013 59 203 195 339
person 0.0013 368 181 388 205
person 0.0013 25 222 43 261
person 0.0012 131 199 150 275
person 0.0012 189 196 213 278
person 0.0011 462 171 482 225
person 0.0011 1 238 27 286
person 0.0011 276 218 319 257
person 0.0010 418 0 470 37
person 0.0010 389 14 424 63
person 0.0010 398 180 415 203
person 0.0010 380 0 433 76
person 0.0010 297 194 338 245
person 0.0010 71 208 104 242
pottedplant 0.0015 1 4 114 82
pottedplant 0.0013 8 0 42 13
pottedplant 0.0012 1 1 49 37
