boat 0.0012 10 303 83 329
boat 0.0010 9 314 122 333
person 0.8231 353 94 439 295
person 0.7820 209 131 242 211
person 0.0765 220 134 250 201
person 0.0656 197 145 216 194
person 0.0235 308 136 326 179
person 0.0143 33 266 49 313
person 0.0140 327 133 346 181
person 0.0103 207 158 236 207
person 0.0069 -3 156 121 332
person 0.0058 372 184 420 308
person 0.0049 150 153 168 186
person 0.0047 264 149 283 197
person 0.0030 197 128 215 172
person 0.0024 0 135 18 181
person 0.0023 365 103 433 184
person 0.0023 33 273 51 298
person 0.0023 328 135 342 159
person 0.0023 15 305 39 322
person 0.0021 0 273 15 328
person 0.0020 57 290 78 312
person 0.0018 12 319 44 331
person 0.0018 26 279 63 317
person 0.0017 15 259 91 328
person 0.0015 33 305 59 320
person 0.0015 34 289 54 312
person 0.0013 20 304 97 331
person 0.0013 0 142 13 202
person 0.0013 74 305 104 323
person 0.0013 21 262 41 314
person 0.0012 340 74 379 158
person 0.0011 222 161 254 206
person 0.0010 155 127 196 199
person 0.0010 340 94 390 185
pottedplant 0.0161 -3 203 125 328
pottedplant 0.0054 16 166 166 325
pottedplant 0.0036 25 93 76 187
pottedplant 0.0018 11 41 101 196
pottedplant 0.0016 15 221 94 320
pottedplant 0.0015 49 225 142 309
pottedplant 0.0011 292 185 367 242
