bicycle 0.0297 153 62 412 368
boat 0.0169 381 128 499 374
boat 0.0015 443 230 498 329
bottle 0.0270 198 76 245 146
bottle 0.0012 206 79 230 138
bottle 0.0010 193 77 222 137
dog 0.0071 400 237 496 371
dog 0.0034 433 288 501 369
dog 0.0010 135 131 362 349
person 0.9331 71 145 146 356
person 0.2185 271 23 367 239
person 0.0961 238 24 353 176
person 0.0610 237 11 403 304
person 0.0459 203 73 281 146
person 0.0200 271 23 331 131
person 0.0123 93 148 147 284
person 0.0118 409 258 483 360
person 0.0107 298 366 323 377
person 0.0094 173 32 327 224
person 0.0061 156 9 353 316
person 0.0021 369 297 442 372
person 0.0020 298 64 360 190
person 0.0019 291 356 361 378
person 0.0019 252 358 325 378
person 0.0018 329 142 390 231
person 0.0016 379 262 441 355
person 0.0015 193 229 459 381
person 0.0014 68 135 282 363
person 0.0012 417 138 476 237
person 0.0011 298 142 368 230
person 0.0011 81 228 340 377
person 0.0010 325 66 475 306
person 0.0010 62 127 155 274
