horse 0.0237 160 160 330 326
horse 0.0101 96 183 394 336
horse 0.0029 108 161 254 329
person 0.9558 194 71 282 300
person 0.2584 277 101 388 242
person 0.1139 -3 150 31 244
person 0.0611 482 91 500 147
person 0.0347 383 128 418 205
person 0.0257 160 103 192 184
person 0.0191 274 143 374 291
person 0.0185 454 93 489 136
person 0.0184 6 111 36 160
person 0.0178 421 127 460 211
person 0.0166 459 144 499 248
person 0.0159 267 103 289 135
person 0.0130 77 116 106 177
person 0.0110 25 111 57 159
person 0.0098 0 103 14 145
person 0.0097 440 95 473 137
person 0.0085 29 112 72 176
person 0.0082 34 104 68 141
person 0.0063 228 80 352 263
person 0.0058 117 122 162 205
person 0.0056 0 146 14 278
person 0.0051 -1 108 26 160
person 0.0051 458 90 494 186
person 0.0050 293 115 364 217
person 0.0047 287 167 360 268
person 0.0044 293 104 311 136
person 0.0043 483 98 499 194
person 0.0036 61 109 84 154
person 0.0033 25 111 46 132
person 0.0033 433 103 473 186
person 0.0033 452 89 476 131
person 0.0032 159 102 192 143
person 0.0031 0 88 11 131
person 0.0027 114 110 134 135
person 0.0026 32 134 81 200
person 0.0024 486 146 500 250
person 0.0019 483 94 500 120
person 0.0018 -2 142 29 188
person 0.0018 269 101 310 177
person 0.0017 112 111 134 158
person 0.0016 212 78 275 161
person 0.0013 0 186 38 293
person 0.0013 64 103 81 121
person 0.0013 310 106 331 132
person 0.0012 50 145 86 178
person 0.0012 344 102 359 123
person 0.0012 434 115 466 162
person 0.0012 71 104 107 139
person 0.0011 154 92 197 156
person 0.0011 24 154 88 232
person 0.0011 487 75 499 123
person 0.0011 118 102 152 136
person 0.0011 118 117 154 165
person 0.0010 463 111 495 161
person 0.0010 182 161 225 273
person 0.0010 130 122 163 169
