aeroplane 0.3586 1 83 425 286
aeroplane 0.0020 108 25 466 180
bicycle 0.0574 7 80 484 350
boat 0.5065 13 61 486 262
boat 0.0357 -25 109 446 370
boat 0.0044 45 221 526 373
boat 0.0021 142 88 517 346
boat 0.0018 7 68 198 250
car 0.0252 200 90 524 296
car 0.0063 324 95 485 300
car 0.0026 300 124 430 185
car 0.0022 218 39 511 225
car 0.0016 359 66 516 255
person 0.7082 360 118 467 358
person 0.0557 255 98 479 346
person 0.0051 0 193 11 283
person 0.0026 445 123 500 359
person 0.0017 440 59 500 90
person 0.0017 1 206 32 343
person 0.0014 257 280 309 318
person 0.0013 460 147 503 280
person 0.0011 234 152 256 169
person 0.0010 490 169 499 333
