chair 0.0733 12 46 164 159
chair 0.0151 28 93 324 347
chair 0.0135 -13 175 138 372
chair 0.0115 291 169 508 371
chair 0.0081 17 230 254 372
chair 0.0058 379 213 501 374
chair 0.0036 140 170 211 254
chair 0.0032 -7 178 61 367
chair 0.0024 14 81 108 167
chair 0.0023 182 162 259 264
chair 0.0023 156 173 205 218
chair 0.0017 0 208 41 341
chair 0.0011 67 30 285 286
chair 0.0010 36 39 224 214
person 0.7502 214 36 459 347
person 0.0773 75 79 360 352
person 0.0141 8 142 266 355
person 0.0051 27 171 471 370
person 0.0042 284 112 508 370
person 0.0031 -3 41 131 279
person 0.0016 32 229 316 370
person 0.0015 -10 53 58 322
pottedplant 0.0203 102 7 251 154
