bicycle 0.0878 290 241 344 353
car 0.7574 339 162 469 267
car 0.2291 443 186 501 285
car 0.1600 312 156 358 191
car 0.0889 367 166 504 308
car 0.0244 435 157 504 324
car 0.0174 284 172 462 294
car 0.0056 484 179 500 200
car 0.0047 352 162 459 219
car 0.0042 293 147 347 182
car 0.0035 274 146 322 178
car 0.0022 488 171 500 233
car 0.0020 483 190 500 209
car 0.0020 263 162 321 193
car 0.0020 335 159 379 194
car 0.0019 270 147 290 172
car 0.0019 454 183 497 220
car 0.0017 453 175 497 203
car 0.0015 448 207 503 259
car 0.0013 282 138 311 153
car 0.0012 261 145 299 177
car 0.0011 458 180 487 198
car 0.0010 387 168 482 254
person 0.9642 266 172 326 339
person 0.7758 168 137 204 242
person 0.7303 199 157 257 335
person 0.0822 280 171 356 320
person 0.0458 177 145 232 230
person 0.0153 401 177 425 193
person 0.0111 370 148 385 167
person 0.0107 207 160 261 263
person 0.0083 304 166 357 244
person 0.0076 258 175 312 253
person 0.0073 348 151 369 171
person 0.0066 197 149 213 226
person 0.0065 354 136 367 162
person 0.0035 262 177 303 221
person 0.0021 1 241 54 346
person 0.0019 382 179 411 197
person 0.0017 274 139 289 160
person 0.0015 311 178 352 228
person 0.0012 136 105 279 268
person 0.0012 255 148 269 172
person 0.0011 271 143 291 177
person 0.0011 172 144 192 234
person 0.0010 193 141 211 185
pottedplant 0.0027 -8 19 127 288
