bottle 0.0049 438 182 456 230
bottle 0.0039 486 77 500 194
bottle 0.0027 422 165 481 264
bottle 0.0014 145 351 219 374
bottle 0.0014 425 192 470 235
chair 0.0041 16 35 174 169
chair 0.0025 460 235 498 373
chair 0.0015 391 221 497 371
chair 0.0011 21 168 324 367
motorbike 0.0074 90 223 482 370
person 0.8536 16 35 323 345
person 0.3173 83 -16 490 336
person 0.1898 254 10 479 361
person 0.1408 -3 55 200 376
person 0.0385 445 69 502 361
person 0.0380 118 116 373 363
person 0.0336 389 5 501 312
person 0.0205 466 109 500 263
person 0.0157 449 4 500 256
person 0.0135 466 0 500 142
person 0.0089 1 25 124 296
person 0.0077 467 55 500 204
person 0.0068 139 2 361 138
person 0.0065 322 103 489 383
person 0.0063 486 95 499 263
person 0.0048 217 0 293 68
person 0.0031 391 170 496 369
person 0.0026 321 0 481 266
person 0.0022 351 -1 464 139
person 0.0019 414 14 474 126
person 0.0018 375 16 439 123
person 0.0017 459 198 498 351
person 0.0016 141 0 430 206
person 0.0014 326 1 385 78
person 0.0014 238 0 337 70
person 0.0012 485 37 499 178
person 0.0012 199 5 375 94
person 0.0011 231 3 415 145
person 0.0011 362 0 450 81
person 0.0010 290 0 372 76
person 0.0010 20 25 325 182
person 0.0010 228 1 283 44
