bicycle 0.0063 54 43 84 82
motorbike 0.5432 95 121 169 273
motorbike 0.2947 167 125 226 268
motorbike 0.0056 102 200 159 282
motorbike 0.0021 276 125 359 222
motorbike 0.0012 303 161 343 203
person 0.9897 267 119 318 201
person 0.9154 94 102 170 248
person 0.8617 168 108 231 201
person 0.5163 56 24 78 76
person 0.4353 152 24 180 104
person 0.3786 303 126 346 195
person 0.2424 426 140 456 202
person 0.0505 135 108 231 254
person 0.0194 268 115 311 168
person 0.0099 98 103 162 168
person 0.0083 150 26 179 62
person 0.0042 316 129 348 170
person 0.0041 58 26 77 54
person 0.0033 430 134 449 172
person 0.0023 72 30 88 76
person 0.0020 37 20 55 67
person 0.0020 331 130 346 147
person 0.0019 76 53 90 97
person 0.0017 155 55 172 123
person 0.0017 181 111 223 155
person 0.0016 56 40 78 65
person 0.0015 154 50 187 109
person 0.0014 72 61 187 216
person 0.0013 143 12 201 151
person 0.0011 139 36 153 94
