bottle 0.0064 484 260 499 315
bottle 0.0023 447 308 499 335
bottle 0.0022 459 254 496 333
bottle 0.0019 470 219 498 321
bottle 0.0013 486 215 499 313
person 0.5445 158 87 488 336
person 0.3344 303 72 487 317
person 0.0443 440 86 495 151
person 0.0428 298 77 441 223
person 0.0375 447 66 499 320
person 0.0357 229 60 434 283
person 0.0044 390 61 497 282
person 0.0043 148 197 427 329
person 0.0032 428 96 481 172
person 0.0029 68 8 277 276
person 0.0023 434 95 474 143
person 0.0023 26 23 387 310
person 0.0022 465 124 498 308
person 0.0019 372 78 441 152
person 0.0015 322 95 403 186
person 0.0013 325 18 485 217
person 0.0012 434 113 473 155
