bottle 0.1405 346 218 385 332
bottle 0.0028 294 174 452 372
bottle 0.0019 360 224 379 280
bottle 0.0012 351 266 386 330
bottle 0.0010 337 200 396 294
chair 0.0016 14 275 329 373
chair 0.0012 289 171 349 254
diningtable 0.0131 326 221 495 378
diningtable 0.0022 263 274 467 376
diningtable 0.0010 361 272 508 375
person 0.8188 319 132 487 350
person 0.7524 8 133 260 373
person 0.6799 170 37 317 291
person 0.1073 301 114 452 271
person 0.0337 375 142 494 294
person 0.0314 68 93 351 380
person 0.0261 422 141 475 237
person 0.0216 458 165 498 268
person 0.0115 425 141 466 188
person 0.0097 12 55 159 331
person 0.0090 201 85 287 169
person 0.0067 167 2 328 153
person 0.0045 359 117 439 201
person 0.0041 202 117 450 370
person 0.0037 428 156 467 208
person 0.0036 485 170 499 276
person 0.0030 184 77 256 175
person 0.0028 454 100 496 223
person 0.0024 442 125 501 309
person 0.0022 486 129 499 230
person 0.0019 43 4 305 264
person 0.0019 148 0 277 104
person 0.0018 6 154 135 377
person 0.0013 70 5 273 142
person 0.0011 302 21 496 193
person 0.0010 455 231 499 374
